,0,1,2,3,4,5,6,7,8,9,10,11,12,13,14,15,16,17,18,19,20,21,22,23,24,25,26,27,28,29,30,31,32,33,34,35,36,37,38,39,40,41,42,43,44,45,46,47,48,49,50,51,52,53,54,55,56,57,58,59,60,61,62,63,64,65,66,67,68,69,70,71,72,73,74,75,76,77,78,79,80,81,82,83,84,85,86,87,88,89,90,91,92,93,94,95,96,97,98,99,100,101,102,103,104,105,106,107,108,109,110,111,112,113,114,115,116,117,118,119,120,121,122,123,124,125,126,127,128,129,130,131,132,133,134,135,136,137,138,139,140,141,142,143,144,145,146,147,148,149,150,151,152,153,154,155,156,157,158,159,160,161,162,163,164,165,166,167,168,169,170,171,172,173,174,175,176,177,178,179,180,181,182,183,184,185,186,187,188,189,190,191,192,193,194,195,196,197,198,199,200,201,202,203,204,205,206,207,208,209,210,211,212,213,214,215,216,217,218,219,220,221,222,223,224,225,226,227,228,229,230,231,232,233,234,235,236,237,238,239,240,241,242,243,244,245,246,247,248,249,250,251,252,253,254,255,256,257,258,259,260,261,262,263,264,265,266,267,268,269,270,271,272,273,274,275,276,277,278,279,280,281,282,283,284,285,286,287,288,289,290,291,292,293,294,295,296,297,298,299
0,1.471611752559049e-05,0.08687601220764102,0.039308417530611206,0.0011829697735054046,0.0007611227574954027,0.0001199670876480402,9.23963474305789e-05,0.0006411476713040435,6.967665778737065e-05,0.0004671815021056887,0.07001516771526546,0.0005672852670067281,2.3875907251716368e-05,0.0006385272172632034,0.004715514072773897,0.0002737449596169026,1.5098468056421602e-06,0.005267536770810122,0.0003590956254021577,-2.932459326695247e-05,0.0015693925500673005,0.02444665552334346,0.009165909550901496,0.00032040201243109436,-1.4283259775867074e-05,0.0007618852304846717,6.65238460949534e-05,3.123301025094769e-05,0.00013591490081714633,0.0007335677767603916,0.00022831012746940562,0.0007886135607249318,0.008491810901840676,3.978910616201443e-05,0.09231160180000664,0.0030493903509302782,0.008042303605059857,0.0006221357054707499,0.07773268470224232,2.845098805109252e-05,3.980821291440022e-05,0.00879985353045325,0.0008382029369854868,7.600806292401169e-05,0.0018805748681738183,0.00016413085450744306,0.0009638330219415073,0.00024133003745563798,0.00439214580469711,0.0020413141112076163,0.0005645614008809881,0.0039372008819299935,0.0005933822778207716,0.001158432802155895,0.02848853233859413,3.0897125320531715e-05,8.599506085267701e-06,3.2366158084290126e-05,0.00030397139485429937,0.09214061556112497,7.766708237849819e-05,0.0003950935791991044,0.00016122904321389002,0.00015435518393504169,0.0251321495431387,6.341900588393059e-05,0.0013759050581237404,-2.774669806181371e-07,0.0001048744990054572,0.00302969226904731,0.00011949245872480868,0.011018563420893007,0.00012431026740596232,0.00013948512619040276,0.00011816545286465077,0.5837197196802825,0.005931377681470412,0.025598176374144202,0.048357386625981234,1.5289720647028206e-05,0.00013388579118273704,0.00020340636914399483,1.3370552370109224e-05,0.000560536594292632,0.00011243670115459324,0.0016072121701229116,6.990122793152102e-05,0.0005364775567476383,0.014231553982306732,0.10717815413390995,0.014013269442170267,0.003365545650415578,0.005062214187302988,0.0007532027449031495,7.851272868605923e-06,0.00021984912543135854,0.0005465793202934342,0.0008821305158469052,0.007867805370300395,0.000136762643745939,0.006425324904035092,0.0017594046566362348,0.000838821176190806,0.009434623762019334,6.164697452563324e-05,0.00036778632464186866,0.002508662504017372,0.0014367409048932787,0.0004239355100911359,0.0007295531272130218,0.06872328964052267,0.0038949564188630924,0.00013817264087345114,0.036228692184415996,0.29695204683468257,0.0004840881977281764,0.00028877139515204423,0.0001845799145000759,3.52570749044153e-05,4.7000495680292944e-05,0.0004390476550113893,0.00019645133775543803,0.0024371764253818223,4.345325767386975e-06,7.948277311805145e-05,0.0006575142662938023,0.0003780802198080387,3.222870021227843e-05,0.2288787761228931,0.000554953882507182,2.4987086728965843e-05,0.00023257313152361987,0.0005127674576421998,0.00011227903982916521,0.0006315421737670974,0.0004987048803016602,0.026972537518127282,0.0002504372424487677,0.00042417567280470566,0.0022972160165194875,0.005055823031103623,5.184704310650611e-05,0.0008629585303175555,-1.7369149858576878e-05,8.645491978250404e-05,0.0012859382686079568,0.00037924028789192046,0.006277754014637891,0.0010159180948048172,4.6549463860496e-05,0.00828996395963555,0.00012982292969323337,1.0297501442341478e-05,1.8689814743637682e-06,0.00027031895561605506,2.9479881400894934e-05,0.0008691774786318204,0.01092712669853468,9.351207619481417e-05,0.029002976096619573,0.00017268418321750499,0.008263647606293518,2.6557468646885974e-05,0.0007965544084294427,0.0012672965660396808,0.0006364095442023793,3.229908923649054e-05,0.0019170503916702462,0.00044396675270232355,0.0005419511563046215,6.754402116053921e-06,0.0009864639901990644,0.00032110397586786345,0.0011989538734871084,0.0008594718856702067,0.00011853900417819654,0.0005987552592548669,0.0005463120159301438,0.0006055181095326445,0.0006224472089604384,0.20007383014380795,0.004998970073973398,0.00025102485851075964,0.00047679987665236553,0.001225892273422503,0.007713387182820391,5.175094120151952e-05,0.0008157612443688421,0.003870599692126581,0.01590269217841106,0.00032688492118341096,0.002162135950875338,0.12901473687715753,0.0009467011871343569,0.013866860163640216,0.002326097541578953,9.870830731006338e-06,0.0003485203917079817,0.0006762733304308392,0.00037703848249665044,5.5678778180189616e-05,0.003345567427349919,6.405535636304287e-05,-1.2571920940694027e-05,3.2660819337262244e-06,0.0006925976728622993,0.004127558019611264,0.019137288162265658,0.0002606167030894419,0.0009467170384115402,0.0015483479256698598,0.031772304323047056,0.0003044507189396379,0.0007380729825850228,0.06008984173708194,3.020924389322739e-05,0.0032643542974502672,0.0001566669979330694,-3.4479394427143188e-06,0.00498911003326954,0.0001265575138202168,0.0003634486260378741,0.00447487435058907,0.00018693221665555076,0.0062661986105880165,0.00047800970845820264,-2.1024162328952418e-05,0.00019265829113346742,0.00011700603414556284,0.00042217115320226906,0.0003004189781110812,0.0005838815006522288,0.00040408593089477423,0.0015548852236842985,8.891229786183857e-05,0.0005907415575755541,0.00014021031498348926,0.0027306049973211625,0.00018277882606401535,0.0006305004963193769,3.8084650181959063e-05,1.6072552242379746e-05,0.00024151602348602204,0.0001144685614050902,0.16404065249565658,0.00023369272808910116,7.004161666852034e-05,0.00016832979104761307,0.0002543058874473408,0.04944615773954451,0.5723265427003646,0.007311102394802044,0.0015510385377909424,0.0006276330908060126,0.003012233639780961,0.0022234989594127116,0.0007464554431370322,0.00028193435198743834,0.00021390481422042053,0.00034861496882897106,5.028450291350237e-05,0.0015634506551180905,0.030159739912524925,0.0009789359580305297,0.0004545437262497047,0.00015889960764194178,0.0007508943128483631,0.003839979922850055,0.011603800303679543,5.562004682774151e-05,3.169909429709335e-05,5.060495177941438e-05,0.003741877222127191,6.96987389037175e-05,5.053508781424232e-05,5.370807639287328e-06,0.0003382593966960873,0.0197187506147614,0.0032486478919538458,4.355019594638759e-05,0.0008663199061165295,0.18200558895030908,0.0005509580893368532,0.000138128679018791,0.00012607198106950177,-1.051861308612793e-06,5.772145016470978e-05,0.00015377521635596793,9.322205121308e-05,0.000994631664991235,0.005856474036642338,0.04277666653364393,0.00014772423988008282,0.0011481568742959798,2.2664501458735123e-05,0.011180012640417292,0.0007135768330491564,1.7008320588985687e-05,-3.654579833561527e-05,0.00024556677476739684
1,-8.888687028009719e-06,0.0334623749292525,0.0011380097443877968,0.0006783783127169013,0.0003747658144173105,-6.371890918110967e-05,-4.122843332843296e-06,4.348308823143299e-05,1.3013808849604569e-05,0.00015521029218726334,0.024370442628365935,0.00022150743886850677,-3.887505632854324e-06,0.00020064007593549376,0.0014840906455457687,7.082981675572974e-05,-1.3804108762336247e-05,0.0022647058985,0.0001510855471224188,1.0979801225856072e-06,0.0004576564703662899,0.008442515192790302,-0.002744447090076821,2.20840655282385e-05,2.94143423995551e-05,0.00018307636519744982,8.8745838419628e-06,0.00015989908900187105,3.841480298419705e-05,0.00013927314171734823,6.067869922913457e-05,0.00024128397632235292,0.002616916362205819,0.000104416405432882,0.027075047509786614,0.00012697915681623642,-0.002133697524143906,0.0001030688118577218,0.011028481615272616,-5.166125006222196e-05,-6.586793463561465e-05,0.0030207841979190625,-0.000190955436666588,5.201332627324698e-05,0.00024988358358453693,9.880106904899098e-06,0.00016091653715129124,0.00011494250743425976,-1.2991807335705871e-05,0.00011971801465856257,0.0001500464152650145,0.0010925920861441893,6.827787320461343e-05,8.01359294958198e-05,0.004713763996440244,2.843352486992013e-06,-1.047659673529331e-05,1.3539806282324804e-06,7.571779582639272e-05,0.0027488948762106106,0.00027434575285071656,-0.0002477910777868808,-0.00020133813836073304,9.29235994875804e-05,0.01016371593075295,4.1596734628079485e-05,0.0006002665602047414,-8.267708957930042e-06,-2.3673717440047812e-05,0.0013802180505144684,8.971863243158936e-06,0.004446800490085667,5.1789638624658034e-05,1.71237559182144e-05,2.692100250540765e-05,-0.7510415462793157,0.002386824693341299,0.007586177081014817,0.009778732767362014,-2.178517327571229e-06,-0.0001721234368436006,8.913946695225986e-05,1.0884549409473173e-05,2.4651446689823783e-05,5.6885694770432566e-05,0.0006422586196004329,3.7594773794795627e-05,-7.486215044852286e-05,0.0036349268579192826,0.022231341686704983,0.0016187237376178248,0.0016358499503842847,0.0010284188970846888,0.0002504414762213626,-9.040057531220273e-06,0.0001179287614896152,-0.00012305329361931636,0.0006219756329693963,0.002184435627412635,6.547006083509747e-05,0.00022655670040995382,-1.3349735958438111e-05,0.00020337125809227497,0.00560120621786763,1.9301604475755024e-05,-0.00027754649665978447,0.0005900160995249797,0.0004541321775784721,5.977538012954699e-05,-0.00024028050623419865,0.02224431849691125,0.002138430933974976,0.00018639462294880196,0.015964912104889973,0.08384102684999,3.60658446904501e-05,0.00019490731001261868,-3.215050748917887e-05,3.161146926167641e-05,-1.937515977622932e-05,0.0001245785831326464,8.807576529765484e-05,0.0006743547057853312,1.1463743737594223e-05,-4.437084454996804e-06,8.574712482458706e-05,1.6475721625758366e-05,5.605579987373416e-05,0.08005987632633575,0.0001705756698176171,2.4346643017339634e-05,-2.0520348865079745e-05,-8.860481040238954e-05,8.38369034092633e-05,0.0002139101508794818,0.0003013639678840802,0.002992763104265214,0.00011746733750906816,0.000132587806086808,0.0006448383309858681,0.0011845155385375884,-6.033350833567256e-06,-0.00017473454893359743,1.7795016658899162e-06,-3.77596794328196e-07,0.00021632392544272794,0.00016611845775644328,0.002028009105514903,0.0005696310504064626,4.5292298941007134e-05,0.0021207665262042708,-6.320645007390582e-05,-4.134257665791304e-05,-4.7744461294812524e-05,0.00011579972281314679,2.256679247559397e-05,0.00014723733339264437,0.0061225106264908395,0.0001742208415167305,0.002767753577655842,3.846431289963885e-05,-0.0002674789980189829,0.00011303138100355505,-0.00017538501713526176,0.00044880637293975227,8.384683443978333e-05,-7.348389544155378e-06,0.0003298473689150223,0.00012017248473630562,0.00010003843777129359,2.47927673689935e-06,-0.00020231226516507245,0.00011277577589963828,0.00028617807902648246,0.00025590862170922295,-2.417699123855177e-05,7.193768358416062e-05,0.00017966752619812901,-6.374713039694583e-05,0.00032543727989850485,-0.02163208270499485,0.0013743096374971336,0.00010235934186653335,-4.414727672733837e-05,0.00024208279247558634,0.0020484030125330222,-4.358457902473973e-06,-5.997901342348893e-06,0.0011667557757200078,0.0031242509207702316,-0.0003298166621486178,3.249740517815644e-05,0.055192958735782546,0.0001829958228407957,-0.0033372665258583315,0.00137362479031539,-1.567991288321206e-05,0.00017870350369189416,7.980923310404851e-05,-9.825494404908127e-05,7.680081727180832e-05,0.00035437998534068436,2.5546595592438523e-05,2.8450888330440535e-05,2.405868240382808e-05,0.00020511993296159397,0.0007961008536259955,0.005192799117552345,8.788680728351427e-05,3.460570667038903e-05,0.0004227012937855988,0.0030348413449366547,3.2885327732877906e-05,0.0001126988379280172,0.011974049133282783,1.8068400038031147e-05,0.0007592612120919327,6.376761798395558e-05,-2.902569260478512e-05,0.00322818964531504,3.5747604259065116e-05,3.669265430635149e-05,-0.0011216688627570474,-6.420066950597991e-05,0.0013037940167850166,0.00014373832578068926,5.0559331708436247e-05,3.778776618614059e-05,6.390732092042841e-05,-5.402297717597949e-05,0.00013280032581703484,0.00011928896486558902,0.00022017163447631626,0.0002865766722780952,1.8627462192001858e-05,8.352511339608106e-05,0.00015867932111926803,0.000846846860286041,-3.8036578373677948e-06,-0.00023548570505939608,3.6287282961220664e-05,4.555451450312789e-06,0.00022936262229997565,0.00012202340343962647,-0.018953877663426898,-4.804040164027896e-05,7.767539131399136e-05,-3.309014592006892e-05,-9.922987825444036e-05,0.009947426822866253,0.6392535994864745,-0.00356204606919586,0.0012327788774827257,-0.00012866111519462952,0.0019016761813900004,0.0008497999045489358,0.0005604237611828661,-0.00023085313515643042,-5.672961102325884e-05,-0.00019391334621939545,-5.705700967834149e-05,0.0002246323058466628,0.005341118837038879,-1.279629734990097e-05,-0.00021015190390755978,6.464556703869641e-05,-3.52556628627815e-05,0.0002466136539707336,0.0024841725394916894,-4.766033572779973e-05,-3.857755470453886e-05,1.5023066411480407e-05,0.0010754836389333634,4.114111975098985e-05,6.586821132693158e-05,3.1510313784800926e-05,0.0001460121698951872,0.004785061975884752,0.0004374477022781453,5.807243181282894e-05,8.539209429249945e-05,0.07161462703358004,0.00017984839050765185,-0.00011204941810362237,6.09736313124449e-05,1.937617223492348e-05,-3.991053186610224e-05,2.846010023311056e-05,1.7977748492885216e-05,4.0501337272073175e-05,-0.0027401729966962905,0.007991756910156298,-5.6950358331320665e-05,9.348660470642293e-05,1.1132673743006202e-05,-0.003167644550423095,0.0004209293395921585,4.147830773666894e-05,-7.745472899220188e-05,-4.3580413547524546e-05
2,2.461001170730955e-05,0.32356077745601586,0.025255081817002534,0.0032579622005194896,0.0007990430685796412,0.00032293757030410486,0.0004490508977747776,0.0013793529774207558,0.00010995309161004885,0.0006333929211445599,0.055655693798608186,0.0007060244793465342,3.361901276325435e-05,0.001259925453370796,0.011509765181167959,0.0003234200706740591,5.329889005889119e-05,0.01402884625893664,5.2734019957295406e-05,5.989594425871247e-06,0.002845880712937511,0.01204384436746773,0.004724424886000237,0.0006167518030652014,-9.32238721874227e-06,0.0013239179305280981,5.390122484819419e-05,7.594892115344105e-05,-0.0001356541629936286,0.0005706995112764519,0.00021316955727354773,0.001763054601815336,0.03182323273815682,3.249284647420845e-05,0.01481667813293443,0.002179704342188816,0.010058064270556173,0.00019708958684233022,0.05875538497885349,8.738026088525434e-05,0.00019246292323442667,0.016798933420330953,0.0005777149998014735,2.5346931002490352e-05,0.004585757105108749,0.0004596452627713568,0.000893189571546966,0.0001371963181953594,0.0049266889951959155,0.0037622740548667096,0.0012976635544392702,0.004353654064984699,0.0001582004973797298,0.003235779881653776,0.00730692219800872,-4.8774896123971324e-05,1.1982201731925725e-05,6.28750753003158e-05,0.0004068079645965246,0.03120036074631956,0.0001296640566896963,0.00029342490674322833,0.0002781058683825047,3.3670923033264474e-05,0.09383559675555872,0.00018751853052953135,0.0027368112767144517,2.7951759086202577e-05,0.00015565831149911782,0.005574519855090076,0.0001013057049451997,0.015080715445708253,0.00022915066155728724,0.00019518350289910341,0.0003084340473743318,-0.2244692033350805,0.020714379950629667,0.016980275282941822,0.0731182974664052,6.885305228172588e-05,0.00018372832192288088,0.00026539298268127065,-5.885218065136731e-06,0.000499819475681992,-1.519085053757145e-05,0.003212033609282885,0.00013889183434165808,0.00022813338280711814,0.008983699121154124,0.05307901484400181,0.0016062158680956206,0.007369032134177718,0.017957602508362303,0.001040911167001429,8.114164692777947e-05,0.000582804057038634,0.0002568993528984102,0.0012299416647266119,0.02969458818082592,0.00018377279546339366,0.00543249128965354,0.0034658942057928604,0.0012861099462570646,0.015990098469022,-2.026507740452295e-05,7.947779999770568e-05,0.004267886374033624,0.00112645904435629,0.0009179564507939752,0.0011688887067564774,0.04402829621960578,0.005037526237983128,0.00032598576363641874,0.051539911535536095,0.5241595274719651,0.0011219757187158489,0.00036652548706042024,0.0005051544933740678,-4.3957624791160485e-05,7.977757326203172e-05,0.0005875150535442309,0.00016742935546311356,0.0031389420735703577,-7.850121454856417e-06,0.0001239629874743019,0.0017852987836228845,0.0008286205558118391,-1.6718497234702145e-05,0.3814759004791576,0.00070205932652288,0.00013371944700505162,0.00032137586599636055,0.0005153527305121932,4.8194843881338285e-06,0.0003472911629093263,0.0017800264820122139,0.00727205550442984,0.00045694879151210053,0.0010963788565164427,0.004051996512249424,0.012735167362395964,0.00020295413331749518,0.001035746477827662,8.147317122950927e-05,0.0001851481177420728,0.0013479992888238092,0.0002946913281417408,0.004051555351632305,0.002970200514801086,-5.981155326773919e-06,0.005539928155385212,3.203248996468454e-05,5.602221242179259e-05,5.5555694849592936e-05,0.0006115693207834245,-7.865946022495573e-06,0.0015543510723787437,0.0036767960941992994,0.0003409839816126179,0.02085029387480586,0.00024911245238929514,0.0027436375964848994,0.00015856681603897916,0.000833876522668597,0.002187698722669297,0.00038381071234024685,0.00011070553360764144,0.0037736530857400176,0.0006874367370769191,0.0006206842133489219,1.8908940252668343e-05,0.0004937674682532842,0.0006295835107251621,0.0018575252639541093,0.0004547335060873922,2.9843409106311015e-05,-9.903183098049602e-06,0.0009586014987491453,0.0007311237520731661,0.0008232502588327361,-0.011576402933744732,0.0047548112819309546,0.0003389342728019894,0.0005458392154545821,0.0016966702048685578,0.025403402588214774,2.4105993553112176e-05,0.0007674853141917466,0.006545762961595708,0.021393313333193015,0.00036096179687464686,0.0031815987356470146,0.2094306336659228,0.0008056960077207594,0.011841837166657087,0.0065579927684025425,0.00011212203647969038,0.00019016279499954014,0.0008892386261674031,0.000312520065123215,0.00010595454261039446,0.0030852018053509527,6.609279024589223e-05,4.193326151955808e-05,-7.040561793356112e-05,0.0007903139151012892,0.010492342854196982,0.03427526973128395,0.0004766471664680604,0.001059568815460132,0.002393722065655377,0.013036811508097846,0.0006146641411346797,0.000979522533780194,0.15586049093308582,0.00018611978812551122,0.009624550438599801,0.0002847154358173592,5.5982167938986075e-05,0.002525795204136877,0.00019712930488816836,0.0005167057184323688,0.004464805577878287,0.00016923050895170603,0.007056688264145194,0.0006016946919367815,-5.714254995340187e-05,0.00022927838874393496,0.00026675092427589617,0.00012008603182878727,0.00011227058033411692,0.0007385247620170974,0.00012950611773756998,0.001985968237959657,4.8756328600723047e-05,0.000645596146416418,0.0003553294739146808,0.005569480072306245,7.107502124246096e-05,0.0009759825275789829,7.598763147549002e-05,2.8657934437578933e-05,0.0004134155399119932,5.6237055383552864e-05,-0.016732092495725954,0.000304232929869339,9.756120363069333e-05,7.012573637813887e-05,0.0001710681751984846,0.044736573934673916,-0.46785075435068635,0.009408286971960098,0.0020298596536416362,0.0002085194628535463,0.00438775401267174,0.004563941486673897,0.0011471680523618376,0.0003526652015854841,0.00012131017214543461,0.00031333921709251756,4.947793444967401e-05,0.002600355789606855,0.006429611318902397,0.0008355834060844281,0.00044170705226887527,0.0001742724194915318,0.0013868882060025128,0.007209097545754035,0.020042712671696286,1.5975735750972414e-05,5.630432688605619e-05,0.00013271813120565353,0.006406432667753987,0.0001793646270526821,0.0003249001038466051,-1.5190905620608814e-05,0.0004499060163633415,0.01359358415428162,0.0033010481836766867,3.720388942360546e-05,0.0014069275063033793,0.30737627377310156,0.0008841682660786217,7.944310109427133e-05,0.00030482482171578703,-9.241260354166745e-06,3.185594058063317e-05,3.154061630979422e-05,5.189410193722322e-05,0.001295329487532177,0.0022667098276905997,0.025421166250960664,0.00022146142020240098,0.0013067340995060255,5.0913378200679364e-05,0.025235436450131866,0.0015663821214152317,5.462685480300729e-05,-3.900191867019086e-05,0.00032404680042043727
3,-1.6688452090717906e-05,0.46694106248675615,0.0030526058038952975,0.001459735950009651,0.0008827724918539503,0.00023063308675247418,0.00047750977121796545,0.0012537189720563946,0.00028229290940477714,0.0006881654608549281,-0.0048970756086684775,0.0002830448218136272,-6.647223436129224e-07,0.00047281279340882776,0.014975495961587176,0.00035763678154476786,4.7128322389594635e-05,0.020243886939361844,-0.00019934660908381158,-3.013851504813595e-05,0.004314770703431276,-0.00014744278804263003,0.006555282285456814,0.00045409969765664623,-1.5056436093779983e-05,0.0020328088714104053,0.0001875722719547504,5.073130708253933e-05,0.000127310310122124,0.00103506745089473,0.00039793762963041395,0.002456310201879175,0.052265464482718314,0.00014042245305265574,-0.010984602826949078,0.0020786945184687895,0.01458774798668035,0.00025163928744172695,-0.004891615381220315,4.114038844509054e-05,0.00029980418429677557,0.016438558855727516,7.444409464239592e-05,4.1428363853873426e-05,0.006681974703066161,0.00047885386872639226,0.001010470319393245,0.00011837377627079931,0.0072218445110041754,0.0038623023559862728,0.0014076388983522339,0.007496705097865909,2.618916749966077e-05,0.004012486362634652,0.0009619413801895657,7.999745369166124e-05,-1.2409783680454145e-06,1.8059318869362183e-05,0.0004874301338353626,0.005269935973406233,7.4240018107816394e-06,0.00028399523062490095,0.0002927069552580548,4.975322113983455e-05,0.15324598951371132,0.00013652731116065586,0.004236366128718227,8.631333548853506e-06,7.1120095698511e-05,0.006293702168680885,5.723967104515073e-05,0.012873713652424146,0.00012001319316149012,0.0002605506635219434,0.0005599432103737203,0.0408843812238746,0.029941813600636313,0.0012193685963656753,0.04157201674759943,8.008806639576016e-05,0.0003216634368424781,0.00011860031741048716,2.7067900522955382e-05,0.0004896854814125132,7.598697696837847e-05,0.003945761999322759,9.982789143673255e-05,0.00047201360334895486,0.0013640261066170058,-0.020675016029492066,0.00854299102046971,0.013217904577478672,0.02995749449284654,0.0019821847936904004,9.19788212884734e-05,0.0008383580124594996,0.0004544019264349466,0.001280081671204359,0.04864472365374735,0.00018676589035702975,0.006053526977753229,0.003588751575546197,0.0013717511706824966,0.019353412252172887,5.398767905491817e-05,3.774348456728166e-05,0.005531367052057292,-0.0015401522437571106,0.0008217266127725149,0.0016269464219602788,0.011428489338159358,0.006853005800223642,0.00048817595125779967,0.017567697734413776,-0.726088247328638,0.0006986467819495419,0.0004686435597735903,0.0005241483745567228,4.117033385535443e-05,5.112709318551063e-06,0.00041167790313787676,0.0001875894074207472,0.0013972755297764552,-1.7114785401285503e-06,6.262078684569703e-05,0.002528368728101923,0.0012129714727201978,-2.002443017662966e-05,0.21920880552713026,0.0016684871104219266,4.359679500123372e-05,0.00010895598252155941,0.0002675887607674912,0.00015982840536599467,0.0006327433775079324,0.002431584120500505,-0.004095175918561511,0.0004407279395851053,0.0016046904977667564,0.00591084109413431,0.014114332292292009,8.144386403983791e-05,0.0011664628920952478,-1.3393507509491738e-05,0.00013105559563145002,0.0006442244282784473,-0.00015566749958475956,0.0012392075153301178,0.0025586381736840613,6.567051734355457e-05,0.0013003969382318725,3.26830636317132e-05,4.2205950510662474e-05,3.554424633832597e-05,0.0011595343246409908,-2.751542491134279e-05,0.0004341014174952326,0.009444105071804655,0.00020407488428931145,0.013312018338643317,0.00020177564425806962,-0.003724478243984145,0.00014307738873926194,0.0009113769006710609,0.0029360919898145954,0.00035493029703354185,0.00019363033717188362,0.003463475299085349,3.7906064765288855e-05,0.0008514691609242157,2.6582158150022457e-05,0.0005372259757758837,0.0009107799774593632,0.002369554454973701,0.0004501248910303668,5.939605208627296e-05,-0.00017537422446750535,0.0009129066658301707,0.0007518782631387247,0.0007520097483483258,-0.03332838521614234,0.005350570060812306,0.0004046891204149849,0.00021368906785769622,0.0014671763271407454,0.0363289705151885,7.191664460777231e-06,0.0012447820668512106,0.00916876961189157,-0.0037128738932913487,5.1296664234400696e-05,-0.00045988953294260465,0.20369599281810155,-1.1749805618038658e-05,0.010129696440658845,0.010143359725220886,0.0001046633520596344,-2.5269900729593743e-05,0.0012901377899721409,0.00039332360552860545,-5.933755514893875e-05,0.005260934332375487,-1.0239124160561159e-05,0.00012651460913006666,0.00011378442558286179,0.0005556088586841499,0.017212822865651265,0.027080054097061428,0.0006419301694394135,0.0009649904608045282,0.002259757529388558,0.004749961808775603,0.0003602525635760473,0.0014345723079392015,0.2900301773333709,2.0142356783449604e-05,0.0142635480284297,0.00030414340211588046,7.160233681058085e-05,0.003811501745907948,0.00013407206445289606,0.0006074615716736645,0.004874612371242254,0.0002478601433965021,0.003305603813622313,0.0008524625177109796,-8.347285085770133e-05,0.00021382407538869715,0.00037001875907673084,0.00013970693497931375,0.00027267517297252536,0.00039748257890715333,0.0002034472938226634,0.002779191743512019,-3.4757809486539333e-06,0.00042596875512228326,0.0003499653903576876,0.005309296307017885,0.00021430841226989172,0.0007080098179226984,5.1997515084948276e-05,-4.0881915762462435e-06,0.0003810366184949274,0.00016450066144928124,-0.022627371776857093,0.0005916962044400241,7.420860945766013e-05,-6.104890821016524e-05,0.00029688345461592304,0.014812149815855864,0.04154110750920088,0.017943176914047853,-0.0019408547597775472,0.0004062637975747791,0.006167377890343602,0.004805369755863128,0.0013079012755471274,0.0002108315036352959,-6.494018570073158e-05,0.00021022423058974634,6.790073401076039e-05,0.004177122914955124,-0.0026768806171281524,0.0013493112985833357,0.0002616941513614109,0.00015997819759799674,0.0013765048990170867,0.00903239832441642,0.006876199521563008,6.03772474846474e-05,3.280673635840316e-05,-1.9198558228304918e-05,0.010366875872731385,0.00025830204259994947,0.000461785056695017,2.802802929468185e-05,0.00010780037680186336,-0.003692398932524099,0.002730502070411854,0.0002673081262074332,0.0014994251731802923,0.18507229905241507,0.0007892812570474712,-4.3190073707790175e-05,0.00011392175166333547,1.1130406366212766e-05,0.0001327282346691394,0.00024052606599692626,0.00019060028444344623,0.0020560988288380183,0.004226356270547838,0.014968385481075338,0.0002616564205003994,0.001509671930221461,0.00012744350925710454,0.03829336494569431,0.0022445322261620904,3.2852450964079295e-05,7.934350362505888e-05,0.0007861034453250029
4,2.7815437833179065e-05,0.5232165333465131,0.005467637179833923,0.0008834998129199842,0.0008951995211548547,0.0001583169576106977,0.00043576592905192335,0.001096234038193672,0.00019108907459838842,0.0006414358597509606,-0.014162263202900316,0.00048490547185059407,-3.170656941697825e-05,0.0003257597624666264,0.012079658842233026,0.00016177251296614625,5.643893181314641e-05,0.020869529749916002,0.00023909164413420114,-1.250876312389182e-05,0.004362849627271537,-0.006003688364405386,0.0030798020190393356,0.00043885239282257643,8.779638696729183e-05,0.0016827810992555317,9.034528886346733e-05,4.021487181753084e-05,0.0001453371218540833,0.0005408314209956533,8.83510878485803e-05,0.0017986083145205924,0.04444117115417693,7.6144141855453e-05,-0.009545450740936124,0.0012491547009843339,0.011155173551071955,-8.64212426362856e-05,-0.014884313744240037,1.0894320176230983e-05,0.00017017809552303376,0.009061048395838489,0.00022138045557299835,3.5492468937675175e-05,0.004113295712787011,0.0004880721546273306,0.0015213799401868856,0.00011600099937968286,0.005508625621515639,0.00289255237387979,0.0009432948937355133,0.006777485248229301,0.00017721664399742478,0.0037071029824566463,-0.0037144693262009267,4.5596150980110076e-05,3.1984849272597123e-05,-9.804959706774108e-06,0.0004027036358026592,-0.0075314689930864155,-9.39002497743341e-05,-0.00020791990261516847,-2.9569176597023572e-05,-2.4709082187231006e-05,0.1473348437040372,-1.1435344179339376e-05,0.0042707298712637756,3.9306755584554735e-05,-7.625415944561568e-05,0.0035585850857079177,5.34009407136903e-05,0.0023855609536200177,-1.595364787440777e-05,0.00014925117908182948,0.000266578027593092,0.027200003868446797,0.02746334781634473,0.0016063565944658877,0.005382344883839145,8.086176828783226e-05,0.0005537963723009479,-3.445209377458447e-05,1.4225898021233207e-05,0.0004860433951260695,1.1722829509306766e-05,0.003119506626869015,1.8072448727383758e-05,0.0003639730096080013,-0.0003189589583238933,-0.03044130781214402,0.01011547690062734,0.013383635362126903,0.02866708946082062,0.0016518520571007726,-5.1123080010723895e-05,0.0004859459685570514,0.00027032818627450067,0.0007887807491153295,0.0421198277552848,-5.801230499953244e-05,0.004330004271626335,0.0030138826155331772,0.001222016143286418,0.021948415890088047,2.3376098801708678e-05,0.00021982335372031778,0.005058823673471317,0.0005722014253386757,0.0006635712040336161,0.0014490266319016098,-0.023827961743647912,-0.0007882565592378819,0.00041194614114231583,0.014052660065634194,0.25398294319445774,0.0009121703061720785,4.1081803651224426e-06,0.0004361211922792234,-4.6898677549938895e-05,-5.6989981485268824e-05,0.0005807596981897616,0.0001636750046877052,0.0006870274714127723,-1.0077946580569926e-05,0.00013361390243182513,0.003003850083124366,0.001117202191134376,-2.5715731028718916e-05,-0.6891657733070233,0.0008973707793306387,-1.6706081019608264e-05,0.00019232463537817448,0.00010502439100076593,-3.567085991272219e-06,-0.00017495851417179386,0.002417619412164647,0.0014052094120129205,1.4815106803288015e-05,0.0010810436761943588,0.004318488622200944,0.012660948905259109,3.7111479931842366e-05,9.605916679668948e-05,-2.6403741138767143e-05,2.1899773521235723e-05,0.0007654504530104423,0.0002825168071896196,-0.00202878219121075,-0.000938392702802317,6.602004934527733e-05,-0.0005837063377158954,0.00015370779952088743,3.875006684037679e-06,-3.3438835121758857e-05,0.001344586726489229,1.3071257398077915e-05,0.00037863374745128795,0.0035594069574843685,0.0001472618043737408,0.013191454113665508,-9.065520982478785e-05,0.0012230213036940063,0.00017871948465091026,0.0005377917383687766,0.002017065900596156,0.00011259745184073776,0.00011775409664673257,0.0033355594223160537,0.0005988162392924507,0.00034756730483950115,2.663571902296165e-05,0.00021786027480703453,0.0010925981836626118,0.0014162980108543095,-9.507514513085551e-05,0.00010012709143266023,-0.00010920978114789754,0.0008210435153418392,0.0004417117338777682,0.0005512586887521329,-0.010394950669572633,0.004401172390300123,0.0002060350382261073,-3.127539374090935e-05,0.001175355132138332,0.0391066645518091,-4.969208384669453e-05,0.0009355804610942161,0.007050177077527726,0.010548664305447035,-9.721312784856511e-05,0.00030657188079581584,-0.019221605165654722,0.0003674841580079384,0.006287908778629668,0.008399183843339358,-7.789670446446627e-06,9.302029145892502e-05,0.0008992105451265932,0.00022451038402527136,-7.899214676058957e-05,0.002912362843574646,1.66919842101706e-05,4.121023825556404e-05,0.00013848208069821587,0.0001960176592622869,0.01546299673714631,0.021829182656543458,0.00039982623398597083,0.00010942590526212591,0.001860536461162273,-0.005822164902086261,0.0006508199255310717,0.001031460894611639,0.31696303634627115,2.4814316738483067e-05,0.014430961353306265,0.00014264430787647782,3.870091773155008e-05,0.003259035014854769,4.738237970068616e-05,0.00040216538224240543,0.0031517242667311748,0.0001495608069168411,0.00034406699484556104,0.0005503337864795777,3.1033922472313304e-05,-6.676012145368636e-05,0.000410146409540018,0.000166143639615917,-0.00020239321285134848,0.00048444302406263067,0.0002385709531369938,0.0013336020086282725,-7.944919598189848e-05,0.0001951675909549881,0.0005514431150103444,0.004178283792494527,0.00014037034908356185,0.000577941287550559,0.00010607381769783457,-2.7197254669746984e-06,0.0003158412716305359,4.099200000784908e-05,0.005185468420204869,0.00026673521331527456,-0.0001108817544504411,0.00013130859863616664,-4.369511335452362e-05,0.007786659895313204,0.07551585974064208,0.018610980128374068,0.0024647510534238273,-0.00010774617530990198,0.00568823743661808,0.005616657817246293,0.0010516625298206026,0.00033547932882486975,0.00011946068479605128,-0.00018433630252540225,1.3762611694612365e-05,0.003538484933516252,-0.0029434705189669594,0.0007178150042415122,0.00011302354031452151,0.00012262346975874095,0.0014707143816021242,0.007209898397151718,0.004464212624281737,4.011086192781735e-05,5.054845586733078e-05,0.00014892037158207582,0.01015571931453829,1.917521180014535e-05,0.0004887046353084391,1.18414502224431e-05,0.00019805665960025037,-2.475334284103412e-05,0.0018710902257860526,0.00016788040735464096,0.0009144058858111372,-0.20648813864784482,0.000628051619387951,4.680087559875332e-05,6.670604481478193e-05,2.7712989031787964e-05,3.133694550783921e-05,5.973462383904705e-05,9.692290121163501e-05,0.0009459234038570349,0.00254791866004277,-0.009962232262749055,0.000326525871545429,0.0006841170223728278,-7.416887843238511e-05,0.03826138467980558,0.001822072663125986,1.4163195549082572e-05,2.4564917743172365e-05,0.0008737351173271608
5,8.754533092690357e-06,0.13306499348397613,-0.008238165345019859,0.0009853715085164517,0.0006218697062358725,-6.114229455990178e-05,-0.00016338403248991606,0.00019631380562206563,3.20315997779097e-05,0.0003864931299715768,-0.024380483211942243,0.00029948980972657746,-5.036477509356985e-05,-0.0005069792016498707,0.007865631661325756,-6.330119921388322e-05,-6.864438060194544e-07,0.008202686925824765,-3.239055116349698e-05,3.409614402730132e-05,0.0013502168503807116,-0.0010759099781357181,0.000991912924814771,4.1278303568273444e-05,-4.029360811721658e-06,0.0006778573746511873,6.300464510490284e-06,-3.5280432630652604e-05,-3.0086696787086088e-05,0.00047619319264842323,-1.7348041042307025e-05,0.0007509756559307874,0.030334697899984334,-7.86212057903789e-05,8.901332614211605e-05,0.0012492990979178745,0.004500514147095124,-0.00024888368045940116,-0.008527349281391641,4.663323087302525e-05,4.470769842650223e-05,-0.000981668069502674,2.8431093291266286e-05,-3.565725400142944e-05,0.0030500047928910257,0.0002764095587473818,-0.00021042716193522964,3.974534652939826e-05,0.003017122642064989,0.0014542125657966564,0.0004668541164282275,0.0025812471093368,0.00029528493295834723,0.001307212801829243,-0.00029765208486970775,2.2922208704126123e-05,2.9699857101351628e-05,1.277391452806684e-05,0.00024595100625656076,0.0035936814108126396,-3.966575113093498e-05,-1.931100741871237e-05,-7.366985578231478e-05,0.0001866927976032664,0.07510251344690995,0.00015387676720928487,0.0010540218512593402,3.722435382551097e-05,-5.998657241668325e-05,0.0025917403575256297,-0.0001122788327874895,0.0019890356039670492,0.00012612031758768637,5.4900534200953004e-05,0.0001210273033682909,0.005601521753616544,0.015048909248629862,-0.010936827712224841,-0.020223443722785436,-5.212635950183536e-05,1.2327880053738377e-05,-2.249133802219558e-05,-9.291737567235198e-05,0.0003353039550064321,8.464115578578503e-05,0.0015316738773810958,3.0657692380418823e-06,-0.0001383821127027692,-0.0012627888889873448,-0.0227762813039662,0.0016693426454466094,0.004200155903600412,0.015060617505920509,0.0010702499321990039,4.7406630075551907e-05,0.00044247747676922955,-0.00010691888973918682,9.410458366940958e-05,0.0339751916127895,0.0001001138088442053,0.0005204983365744976,0.0018793431852220939,8.45231337584584e-05,0.005770919971399354,2.574731649568114e-05,0.0001769791925828371,0.0023489450017058675,-0.0001392764900618649,0.0002981402169050346,0.00040681539624853327,-0.011914205969347965,-0.0017186537914687652,-0.00012944123832192355,-0.02949385343370147,0.07499211320473183,-4.174140105958689e-06,0.00043408589943742825,2.4231751557609734e-05,6.171401170977036e-06,-0.00014536631959659863,-0.00032622424638962746,-8.702276128609331e-06,0.0002511957600095454,-2.1192796465221846e-05,-6.479628213088511e-05,0.0008927216253302747,0.0005537234250681579,1.0835397356120105e-05,0.469584160519289,0.0006406182238301737,1.4008666653458538e-06,3.27554309918175e-05,-0.0002463213193865815,-0.00014952070761222182,-3.445864275067095e-05,0.0014662550912929,-0.00403792661403935,0.0001811683473723291,0.00037396963127584565,0.002894037260094765,0.0032166314401897997,1.9066731379914158e-05,3.206657939351386e-05,4.088774016981503e-06,-8.11729896110442e-06,-0.00027928017480985314,-0.00024140180866143358,-0.000991598187105092,-0.0013216680353142236,-2.6204278257529924e-05,-0.0014951073709113815,6.423473412801432e-05,-2.0212386833407082e-05,3.576192953602686e-05,0.00043591022733264665,4.06196129565497e-06,-0.0009975752794468599,-0.0005559497018443383,-9.311133907723391e-05,0.0003719344810687213,-0.00017651783953688492,-0.001566052494866618,3.1277205017522e-05,1.3039851289184822e-05,0.00046449292610182923,-0.00019122116517260933,7.04078303112842e-06,0.0014169122713124215,-9.1499798972776e-05,0.00043099862645862535,9.071746779994425e-06,-0.00037154664787085613,-5.205152910182272e-06,0.0010494554162449466,0.00016788847924452277,0.00013766550640706535,-0.00029241006216828446,0.0002626076775922498,-9.32003045523325e-05,0.0001102912779292421,-0.008234737910390776,0.0013067038578854174,-0.00014265150503236238,-0.00011855806267623868,0.0011528169307415213,0.014426515877740577,-6.741179438053162e-05,0.0004806709004750673,0.004537978318585048,0.0007508127302484189,0.00013204964761195603,-0.0002773008990378151,-0.03259231919342289,-0.00015660219632924205,-0.005746365662464981,0.006107369309066209,-9.369729457977193e-05,3.361969241564468e-05,0.00030049247922779446,3.699382112358165e-05,9.426909086428508e-05,0.0029760736825278663,-4.599679765430126e-06,-0.00012082787336811578,-0.0001063475284997982,7.671908077428263e-05,0.010108449947787644,0.0012924552196644243,9.683662035058045e-05,0.0006340898934456325,0.0004189420075994491,-0.013382606411908608,0.00033867380839571094,0.0007297228043127961,0.12133516770659862,7.653205106282079e-05,0.0072555883555018245,8.793796666738577e-05,-3.4234628303782087e-06,0.0015507320221622171,-4.860963957104495e-05,0.00013283355311459363,0.0012949008738640556,0.00010234296921922387,-0.0010769165159464722,0.00041583467470199123,-0.0001477534907884279,0.00010775332508047798,-5.763725359725831e-05,0.00012122953934173234,-0.00015631588378454072,-0.00043970098962126884,-0.00030334938360630754,0.0012779034196897274,5.3892003394990755e-05,-0.00011351712107287056,0.00033290260887482197,0.0019748921281088367,0.00015134443205683994,5.3867451508929695e-05,3.182214137141328e-05,-9.577437199427117e-05,-8.005490221895738e-05,0.00010086259134569268,-0.006386959486607076,5.63684018898314e-05,9.130266822857657e-05,2.0406053342445465e-05,-8.052370611176936e-05,-0.027115985396020222,0.028726053964448637,0.0057864075200286455,0.0005641068945657888,0.00024768894774015944,0.0015888770851001225,0.0007914664257022856,0.00043008874374837725,-2.2592873776262457e-06,1.986021571110563e-05,0.00014431609082486444,-8.705124307832697e-05,0.002350830717948849,0.003698797924421914,0.00019802954511044695,-0.0002745768749530036,-6.162245540266508e-05,0.0005876264403524846,0.0035244832412693367,-0.01080578657191765,-1.593666598743645e-05,0.00010702342404511022,3.4530480681945226e-05,0.003609297607631674,-0.00010813519782161504,-0.00045255772930714655,2.0084363813171375e-05,6.651824400869711e-05,-0.004714353412694418,-0.00019816303464037123,8.410797244885511e-05,0.000978022019169114,-0.8522188975559385,-0.00010716396271692211,-7.851534672114725e-07,0.00013140065233240822,-8.976400844038737e-07,-7.352094720270622e-05,0.0002498965853171324,0.00018941707200885525,0.0008050651053003795,0.00019137869283327032,0.009194490098770332,0.0002781257835693371,0.000352944084548474,0.0001610077907588212,0.011321908050088496,0.00132356428207267,-1.8912620861427802e-05,-2.1308898779811775e-05,0.00015244115083652178
6,-1.698649314029509e-06,-0.05529086324091993,0.02283435473269521,-0.00023684233609287675,0.0005800096292774386,1.6879615808194828e-05,9.70503424966851e-05,-0.00011876377758700046,-3.493555309579642e-05,0.0001660236558135835,0.04713536567426961,0.0003240794663905873,1.6642816378475978e-05,-5.348999003215553e-05,0.0020770084784406256,-5.466324192053562e-05,2.2426275266690388e-06,0.00043027353880229977,0.00034994345745201216,-1.1225692471139581e-06,0.0003542406420336264,0.00980769981221602,0.005251266479617489,-2.6562570234367477e-05,-1.4609076804034116e-05,-4.01663736266239e-05,3.84298280680373e-05,4.151572202914372e-05,0.00011651980407636695,0.00046690800045191523,3.286019471372692e-05,9.258603787709523e-05,0.004038114316284026,6.133373329511e-05,0.07568497716144433,0.0038234084598360394,0.0011992572181396314,0.0005216480803027857,0.02003792067535489,1.17653456870028e-05,8.904056592534359e-05,-0.0007280904102694887,0.000556296374657066,6.915676064777285e-05,0.0002133371616407134,0.00015219557013647448,0.0007727412348495008,0.00021306425158993075,0.0025308848148203203,0.00013537458320413154,0.00023557864533352643,4.174670915138666e-05,0.0003009749098502438,0.0001099844044060337,0.011325827467842756,5.977116847932923e-05,-8.88078659253365e-06,-7.487747923958501e-06,0.00011189085378243248,0.04240413395647891,0.00018444809505295835,0.0003265678658400766,5.815386713095405e-05,-9.605191589153254e-05,0.005152751238486553,0.00013561295594705436,0.0004731902236741005,3.0395280544887085e-05,7.997762735729614e-05,0.0016627695479819098,3.134226870515635e-05,-0.0018104649915337838,-1.9335530946341553e-06,-7.999858361719547e-05,0.00014827958405794385,-0.18437223318530516,0.0012804315433682055,0.018737852548042118,0.0007084970178001495,2.3055613690420752e-05,-0.00011154444526367835,2.851346316393871e-05,6.669295787533838e-05,-6.314859151445613e-06,-0.00014131914692718797,0.001027577416078216,0.00014118524509829019,0.00033225742478772423,0.001362639384816078,0.09949808823952253,0.01636533944190017,-0.00043035615588467665,0.0019197964876753462,0.00016387220935532642,0.00010186069205511401,0.00020846257684216117,0.0003383213184569441,0.00026521699441852764,0.00273429059186091,3.026285268022036e-05,0.004916192707505879,0.00037729403012709474,0.00014659509371215985,0.0026029707753080027,9.665342066361466e-05,5.75604502215344e-05,0.0009613936538846149,-0.00022523845283096687,-0.00018180538584333588,-0.0002582269659298755,0.029183607469816904,0.0007704112647871295,0.00013847177723211096,0.01006416717538634,-0.11764924792296698,-0.00012104338608524744,0.0002865259245235843,0.0002366074034765402,1.4003162310837794e-05,7.525326375055409e-05,0.00018906339119655367,5.345250431010255e-05,0.0015544746948120895,-4.337714128881482e-05,-7.806075776008774e-05,9.115459576512343e-05,-0.00016431403849177751,-7.863847330119152e-06,-0.09010078760803943,-4.594278550298579e-06,4.272455989699649e-06,7.095531099153721e-05,0.00028428906988350834,0.0003851998060750698,0.000411650091725814,0.00021060204242783542,0.01982292235985815,0.00011452466318217571,-9.569730369762525e-05,0.00031057743033551595,0.0017393607941516424,0.000124541916945616,0.000580712385421351,-5.343927373841969e-05,8.266541234989008e-05,0.0005415760662907757,0.00021303728325391228,0.004848737194273908,-2.4911963610630494e-05,-9.163195405837557e-05,0.0036872042154189014,-1.0869847398048713e-05,7.1262588283058e-05,-1.7870839714989308e-05,0.0001040430592491681,-2.6583428146362604e-05,8.970885255029256e-05,0.002125453811192103,8.023094936590563e-05,0.005782567195574127,3.216342460339149e-05,0.0030293328792511277,-7.916985536640161e-05,0.0002858095297224244,-0.0002792728106548491,0.00015088340600973734,-7.876888365237301e-05,0.00025767641895536533,0.00011182120924885719,-9.441341523373401e-05,5.7709022609254574e-06,0.00032549045883537215,7.672043314485786e-05,-5.364010306473508e-05,3.5505548012299886e-05,7.715061553424669e-05,-8.137106000054734e-05,6.41761048377194e-05,0.00021481808497363767,0.00012412270060076295,0.8839492775657255,0.003171141416735635,0.00014353181671668543,0.0004420939286342913,0.0005755649237643536,-0.0014803487493613432,-1.5623193057279245e-05,0.00018747753884338484,0.0015579682775478554,0.0016982135256032266,9.20058512532126e-05,0.0003120869324544277,0.09721004681726485,0.0015896953107618953,0.0014907405957123097,0.0011181014248377575,-8.482145159389047e-06,0.0003466654238573436,0.00013494005345958485,0.00014067937257217163,-1.0434628640655497e-05,0.0006854017164318561,1.8854614646054715e-05,-3.8692056470177006e-05,9.840927269065813e-05,0.00027353667400151574,0.0007386793679502667,0.0017102418892192975,5.408579049918843e-06,0.0003485099667804999,0.0005647996968929788,0.02125043851638794,2.4338998511139565e-05,0.0004965770055090734,0.02793335540276587,-6.202099392292586e-05,5.261069234258716e-05,-7.23077959286283e-08,-4.0102641093348686e-05,0.0017732728769518345,4.177386818801164e-05,-1.1600428175479568e-05,0.0017992557003021733,5.356169065328016e-05,0.0002905576953855809,0.00038661953733446294,-3.7829529969991806e-06,0.00013797178209639524,4.926383282901467e-05,9.139333540333322e-05,1.930285184784527e-06,0.0003867843897848986,0.0001369225357172213,0.0012297747189097172,9.241515538814873e-05,-0.0001677546689728028,4.914388241483359e-05,0.0010168664782480503,5.1413167172963403e-05,0.0003668893434721392,5.4104857989102124e-05,4.9348199365696765e-05,0.00013020542682321557,0.0002018246512507527,0.3028667372502697,0.00012320386118347136,-3.31906306481127e-05,3.3638450703505874e-05,0.00017859744505784283,0.0005600239713048693,-0.15857164727296835,-0.00304644569568296,-0.00042088236787597645,-0.00033281096529875673,0.0009117956020802336,-0.0002928714817259669,0.00019424700500468236,-5.4155768014946974e-05,-6.962338037144301e-05,8.317866548619544e-05,-1.4606466333724098e-05,9.527941528821069e-05,0.023269879944394518,-5.812616702891533e-05,0.0003463944837908565,-7.098065129697878e-05,2.9562578697637068e-05,0.00042628753276450284,-0.0001625696033025174,2.0866148244322e-05,2.0143337116135385e-05,1.2489333029631782e-05,-0.0006099456417638889,-0.00010233254104490123,-1.9010644701780953e-05,5.142584946036482e-06,0.00020153956715229047,0.009094897660212344,-0.00043483758473675705,0.00013289159070314642,-2.840338629806665e-07,-0.09043911008439932,-0.00010691610023717013,0.00014683132717532862,5.5724933010768475e-05,5.071976213337982e-05,3.2564717154187715e-05,0.0002310364377086628,3.6003842811977036e-05,-0.00014715330472016137,0.0026758579051240922,0.013811488305980125,0.00017717721287483214,0.00047047008201704226,6.904129431703943e-07,-0.002871895658810771,-0.00010678229306319605,8.437842767400592e-05,9.59591112183234e-05,8.029812195596172e-05
7,1.049791139270031e-05,-0.26215807283382214,0.021631419598198337,0.0007570150624872582,2.6241308309367384e-05,0.00013114748750631122,8.811402514750932e-05,0.0004440925359814451,-4.277140865802109e-05,0.00014563235579534775,0.0495496603134659,9.508855342819922e-05,-8.218006543971035e-06,-0.00019807471350102857,0.006265242096025275,-0.0001594892928770686,3.515492994297931e-05,-0.0051258683003537475,0.00014243449306178269,-4.447175418698102e-06,-0.0013790450332616944,0.0011326291517993609,0.007898187212710905,0.00015179075010113285,-1.5940668250447043e-05,-0.0014861307861793321,0.0001300321055553444,3.48357523593211e-05,-1.887410645939891e-06,0.00022384202214532304,5.2284339758533905e-05,-0.0004957000200513017,0.023839338253347806,8.661145410806208e-05,0.006698936778923105,0.001997360508331455,0.015397183847488026,0.000514615127237278,-0.0037532136232999577,7.3745714929965e-05,-0.0001390503215876353,0.0014875995533473233,0.0008800273855119115,1.8926845448553832e-05,0.0006618571679445775,0.00016518634798269518,4.570956987066757e-05,5.086918397835778e-05,-0.00039242735558653373,0.0007113747631105014,0.00032887050450642783,7.363817940754499e-05,0.0002848692742643764,0.0009556106930245204,-0.0015045518401566578,2.6068220352422285e-05,-1.0086865276041955e-06,0.00011300465873617135,7.286985332027292e-05,0.01397888854424859,2.7699145426919368e-05,9.992737192673777e-05,0.000228707233329893,3.2237841453392997e-06,0.049629205966573234,0.00018721636342854554,-0.0016951833695856055,2.0910956904696538e-05,4.14941364889423e-05,-1.4410211569120505e-05,0.00020141036630332926,0.009645618898860446,0.0001540098952514893,8.115326722872298e-05,-0.00013498390660252133,0.014622754765152412,0.008630524607622989,0.007738331968702022,-0.006513659193842726,1.353657052499322e-05,-4.6472584055397685e-05,8.969023347388342e-06,2.4520186173754363e-05,0.0005837449361636047,-0.00010764131205852127,0.00010643593331064153,-0.0002139394481150679,-3.512526541818165e-05,-0.0012110725498850452,-0.00990617366586501,-0.004831150692351341,-0.003689153806872254,0.008447586187454219,0.0005203445905192034,-2.0498000082921855e-05,3.787920125612941e-05,0.0009112963466409982,0.00029826905765269044,0.031188293112978285,2.9113017360879794e-05,0.007107151777457403,0.0018704395256553498,0.00010778378464524794,0.011069426761003007,-4.980082422752947e-05,-3.797846632830672e-05,0.0007380018567606826,-0.00017464989241234224,9.710367213043488e-05,-0.0006144788055512853,-0.010487136664644226,0.016008889373300923,-0.00016110798185602654,0.041170296065409104,0.000381888116438231,0.0003037813430018093,-1.209193052930383e-05,0.00035246527223666083,0.00012009237311197369,7.376305973187138e-05,0.00022653219690392567,0.00011043745515951884,0.004162946229928835,8.563225561141565e-06,-9.60089873481119e-05,-2.6070034364966008e-05,-0.00013356589936280638,3.84976006275485e-05,-0.17337030591164193,0.00024275937139245306,6.932826491755781e-06,0.0004990015479078417,0.00017255965854917691,0.00014161911996660463,-0.00014870707922523446,0.0008734431270944373,0.0006190031475365278,-0.00010000069875630314,0.0011262291680396324,0.002272025169329061,0.0021563842424605845,5.782045863409645e-05,0.0009732064495458207,1.3674403344999188e-05,0.00015006856781813523,0.00044775896018098944,0.0004449822269261328,0.0021447317250999666,0.00186783575713537,1.7459506233999104e-05,-0.00018603492445447807,0.00014767272819578197,3.0688436491646214e-05,7.871436347675553e-06,0.0002663854998634926,1.1215533824289686e-05,0.0004900832088532577,0.0028228225017509164,0.0002548709220413275,-0.0017539338341905361,0.0005310936785204464,-3.081208360614421e-05,0.0001576987126184992,-3.797492682317148e-06,4.705307886802476e-05,0.0007820810180053919,-5.0007846482347294e-05,-0.0008807334012708675,5.585683158452746e-05,4.1922378797353344e-05,-7.160328290771281e-06,7.955811909462544e-05,-0.0006202641261145005,-0.0006779291749440019,0.00037753678691884317,1.0831520612797913e-05,3.6210736465917514e-05,0.0005094058896485316,0.00016615330394066682,0.0002088078513197323,-0.15644155829578815,0.0026313127082404804,0.00013178051340002607,-0.00023980615692470342,0.00039729520906996163,-0.009186121217324726,-3.8061316992719536e-05,0.0006183401839283902,0.0009725093113117408,0.0037977566176923046,0.00016068357310356103,9.697299250840468e-05,0.9132735204709271,-0.00013913693166156123,0.02344819121063472,0.006043509238394329,-5.653293381773568e-05,0.00016048535347466103,0.0004134486859009337,-1.8082039496741683e-05,-3.316263039651905e-05,0.0009514739609961211,3.5654994816790847e-06,-6.270436303945859e-05,-1.2799054174870845e-05,8.454745493844479e-05,0.006483566464010828,0.002844852723763217,-0.00012050847218682529,0.00041934310582707727,-0.0005345232991202642,0.002488242867231897,0.0002512375643197247,0.00034219056400236757,-0.03772689487441067,2.8837561803268456e-06,-0.0023263327609654993,0.00021962433479305168,-2.3350284329129812e-05,0.0034021405892550156,0.00020104308313104958,-0.0001861132146190143,0.007158666713801131,-7.713558321673703e-05,0.0011243940884614,-0.00011131560823659798,5.8904518809834094e-05,-2.879475515038522e-05,6.763894312177361e-05,0.00012608149283759073,0.00025331656624527334,0.00022371477909035898,-8.204455722792719e-05,0.0007877896645670674,-0.00017200159319143412,-0.0002485879799584773,2.46533521828068e-05,0.0038289244659225935,-3.637703614597181e-06,-4.815565108050128e-05,0.00011590798604221812,1.2791583389999473e-05,-4.8980708813230626e-05,0.00013390945505190364,0.003976577666569392,0.00025375819756444856,0.00013098259652638997,0.00022590723027423427,4.62798604635274e-05,0.0010256577724127216,-0.015334112783094938,-0.0019078597527588353,-0.000634020346473822,0.00011695952739009198,-0.00026417372093081703,-0.002525283430046194,0.0013179148303530941,0.00024408533938183804,0.00014936783236730943,-6.301670586883824e-05,1.5213879563230353e-05,-0.0005875006962814709,0.0018274881856480934,0.00011256919942672283,0.0006957141497676707,9.094547641905952e-05,0.0010071729804762633,0.0018528244752491429,0.001734254810007535,6.374788264931008e-05,6.601403767921205e-05,2.8307386970327464e-05,-0.0038022865442939027,-3.788967937336642e-05,-0.00020238775429281885,2.970676814696689e-05,0.0001500340343280157,0.0026396741987934694,0.002044184913587986,-4.886197377593232e-05,0.0005218129670903612,-0.17146980684783694,-0.0003879166252812364,-9.601124215720261e-05,0.00038719102127690526,4.731253048654047e-05,0.00010518458832861563,-4.624318867620622e-05,0.00014137971158477617,0.00014301682383799743,0.008964729171716099,0.008074424382837087,0.00010320837784202883,0.0004052626782904893,-0.00011275403784498222,-0.002809259889683721,0.0008383762745729655,-1.762289915030256e-05,-1.5748092845697312e-05,-0.00018803203624485201
8,8.56109366369807e-05,-0.41800666334833286,-0.0007789898911522153,0.006453209672924315,0.00019684390064017565,0.0003753615516113862,0.0002997605690245875,0.0036875809836974527,-3.6655831089249524e-05,0.0031943094015245144,0.027066504205657482,0.00037041597192954967,8.934870959591279e-05,-0.00022080169400512384,0.05973696167084877,0.0005416814889845634,0.00011453795193963612,0.015420258192352349,0.00020438143259366576,-1.6709465517072974e-05,0.001438683288385395,0.006003492868273577,0.004087811301061301,0.0012184555462913874,-4.405216704859993e-05,-0.0004910228745524242,0.00017606336858994043,7.413318662646828e-05,0.00019748958811587058,0.003292059504734334,0.0007622480270473488,0.005386339292600776,0.3091439504415938,6.942573827963877e-05,0.03062224287442106,0.006280202297434387,0.00016904389877204741,0.00020952212092125805,0.019447341562842554,0.00010657984819616734,9.11729325556098e-05,0.004615320660663457,-0.0001396097902666228,7.793978969163417e-05,0.02459559108882371,0.0031297548384674884,0.005954207303588277,0.00014789891027866601,0.0032087381288847167,0.008868194170950878,0.008850584268064655,0.0026442819613697226,0.00011884495349143403,0.013319197920642109,0.007987327208229695,0.00020084028220548075,-3.5973525524865327e-06,0.00010485178747103454,3.802714409588747e-05,0.02943068446491905,5.905996010187588e-05,0.000311216029724556,0.0004577061660706029,0.00022498373423328438,0.45716787153628274,0.0006708395586748897,0.0016520743229655052,4.030907594707785e-05,0.0003627437777610474,0.01790460064581803,0.00017486963944906363,0.011570680624174719,0.00023494833740355433,0.00040468720477468753,0.0002089534825203059,-0.0275983342209438,0.1303377950813497,0.00020804361458695578,0.036598830954234475,0.00012029818708041803,0.00020106782271310007,0.00015038829146986644,0.00019418005487446143,0.0020037048186444173,-3.998519907747957e-05,0.0058027886133285396,0.00015141976256230952,0.0001132901721444213,0.004239021561478863,0.019869337607524323,0.005910447102539306,0.003060842271743266,0.1493340889122458,0.007775666370819362,3.066886649280607e-05,0.0016447373892244574,0.00037086596482453505,0.0024961774308454587,0.45476717653388343,0.0004144115754645347,0.001555835199367855,0.021180535844556713,0.002236709489805781,0.02008647221119997,0.00021349208859110873,0.00011244151828743523,0.007038138343728775,0.00021908924210363437,0.004047249330138798,0.00033993018420235655,0.015492266088986274,0.002922758038187407,0.0003096494600428554,-0.007790931792538646,0.0023321590784210677,0.0005370897416442601,0.0015971530506642669,0.0006345149676639264,7.416056636167518e-05,1.5273229949168333e-05,0.0015257030999172917,0.00029333918601186075,0.002710219576442617,3.5048586029427155e-05,0.00033222567067658156,0.007877018058634583,-0.00018348896362222129,5.144078211396455e-05,-0.006988431655947427,0.003043756734887221,0.0004947335124468349,0.00020841670923920172,9.288042410415206e-05,4.1228489889006564e-05,0.00046389179432275657,0.010180749234356598,0.0039040499358996587,0.0016057773522592151,0.0015373501012118688,0.023136778030161176,0.022466165595189637,0.00035687233139338354,0.0004559272430203654,7.964963563053103e-05,0.00016142771951267024,0.0017676194039675025,3.2175218955221456e-05,0.002898197405698976,1.5132527178593771e-05,0.0002290331838712329,0.0025630679491256505,0.00033635065087908405,0.00012087474050126734,-1.4997289927377196e-05,0.002751118233065662,3.522209574585314e-05,0.00018264396677398093,0.0018086206670369915,0.0010645102296601284,0.00016297792956278522,-5.8009080945914407e-05,0.0030558198186908907,1.2441810081268121e-05,0.000845390422661924,0.005263866789368499,2.891346323202285e-05,-9.347508218535537e-05,0.004980562390294564,0.001240113982268974,0.004745368960040586,4.108568866679941e-05,0.0023873353580771807,-0.0004876309876798993,0.004812102000099732,-4.987022968751018e-05,-2.5536904430504164e-05,0.00012065265909903128,0.0020134059246932155,0.0033270903661743088,6.753392726133936e-05,-0.13098222758100878,0.0035864098248010075,0.000980028922901546,0.0005340484074025095,0.005530064657667398,0.03335825210468755,3.9512769749848955e-05,0.005917971349060606,0.033324796167402616,0.0006546421105808674,0.00036561445971270036,-0.00014826276940954568,-0.17335086417952733,0.0007124772907867005,-0.0026037093726859343,0.06926695803784091,9.88089649905346e-05,0.0002261612581691888,0.0031254708645355915,0.0010726461745446225,0.00017886115016260552,0.020329967209926466,0.00010271174453514073,6.875025886033748e-05,0.0006191191780339885,0.0017708206637849229,0.08804660653786449,0.015117610990836909,0.0019977265806060073,0.0008311940650247253,0.0006007400223719143,0.013860661172980739,0.0008053276445581701,0.004377857981092145,0.3433552418086526,0.00018149862288624195,0.01575719281544053,0.00032124347239422815,8.73232642651718e-05,0.006164075019876195,0.00022342647066121853,0.0019894308170167792,0.0011912685656817893,0.000500555351561372,0.0018953592861340111,0.0005201212455760124,9.308575771446483e-05,0.0005913128437755822,0.0003137578330392481,0.00027656668948383326,2.915822954465955e-05,0.000666993435579064,9.640034006599812e-05,0.005407973164958569,5.872405268135043e-05,0.00011832065605894777,-3.125173001258023e-05,0.009784657329129767,0.0010259227904360437,0.002300771348108659,0.0004274667866897583,4.6938264873023746e-05,0.000755718625723766,-0.00027819853088307075,0.2705870550512213,0.0006628517347568358,9.61844366668031e-05,0.00018424196341800426,0.00014791619957685233,0.0005778220696184161,-0.02182569124342681,-0.0005289839844917568,-0.0012985594716295832,0.00018776493066502732,0.00369718201019502,-0.0004686579514906416,0.006406160756798673,0.00026083556991116167,0.0003922394585730529,0.00042730994702341657,0.0001515141110904164,0.004045545931336604,0.010743030474794383,0.0034068345066729693,4.559670705353345e-06,0.00016156713251352155,0.0006756903755954291,0.0276043274546198,-0.002388003535261539,-2.9211929799987057e-05,2.881899882628771e-05,0.00028977824575600314,-0.0009930859196964374,3.8287363740680636e-05,-0.00012072668113868848,-1.7776446444766356e-05,0.0018314047053857173,0.004178375046136444,0.002252393743152813,1.2312163454676359e-05,0.01229184765421084,0.06146640673029863,0.0003805826686041151,6.028601610818156e-05,0.0010249672838893572,0.00012029488480560496,-2.326197633543762e-05,0.00040505125065024077,0.0004540943455495086,0.0051198342802655375,0.00043763318738194936,0.01687028491328737,0.001783427584856366,0.003094276088519383,0.0001268359787727066,0.017136634658008278,0.01608887750602131,3.124109249877958e-05,0.00014212767210436097,-9.334769499069165e-05
9,2.056939084238196e-05,-0.09582538093302612,0.001073685771748309,0.003258249672987136,0.0007140135841573539,-1.5567380675589326e-05,0.00021924759600435578,0.0019495512257357711,2.4302005294636608e-05,0.0007796934305652065,-0.052102434126293465,-6.862367317600482e-05,4.54208316056845e-05,6.660076908198559e-05,0.02314156863754818,5.960242111573144e-05,8.660488216089696e-06,0.002890420158341102,-0.00020189337365410231,-1.833945892730504e-05,-0.0008356254954623096,-0.00811870453091558,-0.00226782372404577,8.492750595967546e-05,-6.362211716520738e-05,-0.00029163385074759685,3.692230626872739e-05,1.4185438795444316e-05,0.00012506830674724467,0.0004234914727948291,0.0002745283304590139,0.0015079691897636523,0.13476243876796365,0.00013039543818055038,-0.1024204586142371,0.005527545034538068,-0.001161581984810617,-0.0005168506137664122,-0.03604005634717697,7.594128196082384e-05,2.85633593773228e-05,0.004242030484245787,-0.0007455363812767033,1.9916260710289403e-05,0.009554076525732636,0.0009184059511814493,0.0018618695466872577,0.00022230022077487376,-0.002237131122267227,0.002449769262604376,0.003490388708347947,-0.0005018386625289162,0.0001806376968855651,0.005303504501692049,-0.012379536554795395,6.530883649001356e-05,5.101225990186177e-07,-7.2334620035786885e-06,-0.00011443934691980178,-0.04581983950210571,-3.493579246208233e-05,-0.00028638837863488044,-0.00023287256394889316,8.123250436656719e-05,0.19661415028657978,9.784939474306542e-05,-4.9319650847997546e-05,3.279879679817966e-05,-1.0496991233154757e-05,0.006078244165582741,2.695188423711723e-05,0.008366250571083938,5.968887543274383e-05,7.340633320045565e-05,6.017464217317943e-05,0.06797677704513268,0.05747085186884395,-0.007147985016227574,0.009344714682797291,-1.142515015907944e-05,-6.582170962173078e-05,1.6225996683222507e-05,8.035673979879334e-05,0.000599572577369508,2.0937431864169805e-05,0.0023149884750158782,-8.65260291364401e-05,0.0003374097682892234,-0.006566667256340479,-0.06047754338432914,-0.00600979869369214,-0.0005146528444293524,0.06417058365376561,0.003582810007817271,1.5465606995990833e-05,0.0004618889025085199,-0.00041894442938525726,0.0006752006186574424,0.20309763168380887,4.758563269732862e-05,0.0005857451594470801,0.009325160308719502,0.0002944967423264136,0.008335985525833057,-1.8808028530591267e-05,-0.0003834537938018157,0.00012121959647202717,0.0002760652363947706,0.0010566256699042558,-0.00020407524474121754,-0.021875537258903,0.002451621366685495,0.00022288166566258188,0.001082544314608169,0.050790135475431084,-0.0001636406185340626,0.00013035783168845058,5.72471142722149e-05,1.4792383064328659e-05,-1.785760210194617e-05,0.0005124102078733805,0.00017132879914949273,0.00201096553032537,-4.761880847748148e-05,0.00015280862324734562,0.002825986272245701,-0.0004630818308635549,-0.00015766766549771114,0.009438182654086255,0.0010241531894593222,7.40012191936996e-05,-0.00018683405341555595,0.00010318709996066831,0.00015901883322981772,3.988502156722477e-05,0.0046006466638418494,-0.01535899468496895,0.00039407471782888955,0.0007424156087221278,0.009066158950894935,0.008966147932577015,0.00023044811649875927,-0.0003341658752447168,-6.293071015318212e-06,5.542687465221543e-05,0.0011473309694850834,0.00013598683721806047,-0.0025537533192384262,0.00043486042980383425,-1.681702830037068e-05,-0.0026767775086503176,-4.468786421379425e-05,-0.00020963358903012904,5.530316297544244e-05,0.0009320590025582804,5.10844959097327e-05,-0.0006770530415436036,-0.00502910420622786,5.453689197344198e-05,-0.00965394451918257,-7.712264468857143e-05,-0.00847747521265247,1.6343168794906806e-05,0.000358301012035173,0.001866082070216847,-9.471004393401796e-05,-2.5124253095944165e-06,0.001540560057141719,0.0005311377253650075,0.0017692113450667947,7.2127571008122305e-06,0.0009085560786165893,-0.00020168025774310364,0.0014732291271152445,0.0007900643605050096,-3.990757135114407e-05,-6.18992194993397e-05,0.0007792653715382529,0.0014220208511340755,0.00015775286802782032,0.34247501507907196,-0.0007683095344039515,0.0002308200793092758,-0.000669340776296309,0.002301099615126002,0.013469406670444033,6.768921747120929e-05,0.0018700474576721254,0.012222462575775774,-0.0010459695543399684,1.4024231583321293e-05,-8.517133673446116e-05,0.023736909549885127,0.0008548866631077644,-0.0001791538818654395,0.030250339075328425,5.410483849088444e-05,0.00010518099244188743,0.001483513740341746,0.00018591505322993577,5.196334761804258e-05,0.008953939002793433,-2.9080626079693547e-05,7.736178058868132e-05,0.00011293001700941505,0.0006966894999342893,0.03800872858739027,-0.0019015238550954788,0.0007057376854339201,0.0004671845531416029,-0.0005268997203098481,-0.023498415471550953,0.0003460086647947621,0.0015797655283033502,-0.004916774678970656,8.904103293970621e-05,0.0034397282674007543,0.00016697072760817793,4.658538625255737e-05,0.003879127578812993,8.51651079136074e-05,0.0003191368808467162,-0.001075376457363759,0.00024923033721103353,-0.0009583077397891249,-8.903029780507448e-05,1.5998200397697028e-05,6.999457933146131e-05,8.480163527991273e-05,-0.00010953312369102594,9.269403890533939e-05,0.00035203658498085555,-0.00016278424459861414,-0.00010868881650533211,6.177569299403424e-05,0.0001321918607594468,5.87550489810315e-05,0.0047552408544021,0.00046052398999561365,0.0004898573658244831,0.00010350223466643887,1.6803839848005263e-05,8.804279068811186e-05,0.00013357835361490122,-0.8527752285553508,-7.381578464090329e-05,-6.873301805893658e-05,0.00016475778539069648,-0.0002606848761930161,-0.016160612516603785,0.06317338888626317,0.0002056617476185536,0.00031945226837501336,-0.00031976201283647686,0.0017886516256198767,-0.00047468565792865055,0.002916271896851612,0.00010780889643864625,-2.163598627330627e-05,-1.7553815114910803e-05,-3.82248124070618e-05,0.0001043728861143542,-0.02510136302302451,0.00020114657475017443,-0.00024715953858171676,0.00016147384547612575,0.00013320925729969505,0.009970944470756025,0.0010162998240525714,-4.424218205866449e-05,2.84784449051645e-05,1.3883185309355271e-06,0.00022516703478377582,-3.224532556892678e-05,-8.588337850275466e-05,-6.979370402893408e-06,0.0005549971041020204,-0.007058249928297373,-7.387523798682669e-05,-5.718990203602976e-05,0.005232920859546111,0.03698599650446325,-0.00014005707852046435,-0.00020214246976398042,0.0001807164709831881,7.146943996421751e-05,2.4019620320436424e-05,0.00021118743514890613,0.00018112787527033126,0.0016821955979455748,-0.0006671439099092296,-0.010761528377308704,7.817145636746112e-05,-0.0005452369139935517,5.4183341513214226e-05,0.006521369857401268,0.006774080376742075,8.633319624968535e-05,-6.9348862646759e-05,-0.00020010542423747182
10,7.350617313819781e-05,0.3264583074165334,-0.004506215349290993,0.005616318982122337,0.00012663030935472497,5.2069716586472525e-05,0.0003191023855202424,0.002624834618545152,4.450323121707456e-05,0.0018675099325676514,0.03370397416671789,-0.00024396018389014062,4.042576105858786e-05,0.0005629471266647701,0.029584147115772452,0.00016710681322928966,6.2511421773381315e-06,-0.009940197336617662,-3.690677767154149e-05,0.00010590980193686539,-0.0030842253748347703,0.0050543344356182435,-0.005797985554351494,0.001003332188775491,-9.887437226154677e-05,0.0010720587902205633,-0.00014041468936841495,0.00011512860831514038,0.00014348582062868875,0.0018032892530938198,0.00022287461530285432,-0.00010103407542172383,0.2197163840744505,0.00011475849816433761,0.02625749744082867,0.0042327061725067954,-0.01341773399610678,4.160899742029803e-05,0.011758180110473242,0.00018466646268193356,0.0002896410562900414,0.00215451794172913,0.0004599663820641076,1.331181524447839e-05,0.017995204562497417,0.002167676221817416,0.003720126470727388,0.00020287560857525834,-0.003546461562764969,0.0030675123324629427,0.005265540012537972,-0.005827267697030881,0.00016674104099841997,0.006805462434189218,0.0035921615477889058,-0.00017639599067972546,-1.598553687619445e-05,1.3184216354539754e-05,0.00014911147411656966,0.006472046231105611,0.00021271970798953402,-8.622213885758883e-05,0.00018857799043207391,9.961669908858787e-05,0.20223601052499285,0.0004550896560013118,-0.0008242189149763858,9.953077047720552e-06,0.0001731961446519894,0.01188432796795627,1.7538074416669306e-05,0.006623246413698674,-2.6512449078824216e-05,0.0002486049624006085,-8.889703018626196e-06,-0.0022182381742410083,0.08656367780353152,0.0070360303275136295,0.017607243667694436,-7.45357410821929e-05,-2.105517098946898e-05,0.00027665447010533355,0.00015339684029970764,0.0010403370366083306,-4.671353729816503e-05,0.0021358757162874965,-2.690800620595714e-05,-0.0001309644376277622,0.002453740437504825,0.04179672763252636,-0.010331902710722849,-0.010902794858327663,0.09202699651888793,0.005211275812096442,3.462686003972266e-05,0.0001787249085974111,-0.0002604221782816668,0.0007247500068040451,0.3668641911066641,0.00018289731364129727,-0.0043106540350181756,0.01582091864304156,0.0008503491010057609,0.0018236798776795457,-0.00010581977561087702,0.00019568191999897063,-0.0051737969592003,0.0003237250086230217,0.0023646132368661944,-0.0011461228450633516,0.015059507626825473,0.002873327656508406,0.00017348157477565019,0.005144749680054574,-0.028194599960162145,0.0008211880051214505,0.0006916678740831814,-0.0002787282867641582,-5.1514729212560264e-05,-4.442862973043734e-05,0.0009089804926479537,0.000609566684582356,0.0026652171266961164,-3.063881004810058e-05,0.00015389103019831495,0.003094533399738775,-0.0005557980005976598,4.397251098380148e-05,-0.026232511124928217,0.002175677006328192,0.00013325376172589772,0.0002515406259917822,8.200163574657193e-05,0.00015938606033623844,0.00019046141809197286,0.0074058543441523576,0.005160100529813748,0.0016422122165256038,0.00018205280527152536,0.01599574709635259,0.008308789315399455,-4.965160993906669e-05,-6.085570838473017e-05,0.0001031240352214488,-8.449824936530913e-05,0.0014682535577108177,0.00011524427328192873,0.0008854427936723205,0.001547195702214194,-8.325468783320437e-05,0.0022471043234110893,-0.0002710452773559428,5.129570891124304e-05,-1.6282996511687778e-05,0.0010788353172089906,5.587664213746624e-08,0.0008466574183190382,-0.003638026649303156,0.0007315231202192738,0.0036204191587226346,-4.980752625216103e-07,0.0030229531109702986,4.7926570117372096e-05,0.0007722801371014375,0.0027804486668037147,0.00013972180564801248,0.00015215788599995836,0.0025161512979312304,0.0009027558445540708,0.0029695638072277136,9.942350733093312e-06,0.0015499536366315688,0.0009023556890409074,0.00405386781439487,0.0003148705445677554,-4.5641108766745653e-07,5.305468806781258e-05,0.0011991550673440539,0.0018099065879673343,-7.035187852115492e-05,-0.02686547425150845,-0.0032625360697969663,0.00044520942744426673,0.0003418099843732892,0.0038251235701768065,0.008704868447526893,-0.00011195533755534484,0.003692508561329415,0.0226179030635008,-0.00024412401355247514,0.0001470997398754297,0.0003218389712331087,0.010584233979821434,0.000811549813787661,-0.005739641989718515,0.05039524637696747,-0.00010072092488119649,0.0003396502559853945,0.0020068723430576997,0.0009527748378982719,5.794239870429351e-05,0.012453630300474704,0.0001166092722925529,0.0002352553702046649,4.7346349646864464e-05,0.0006732805701036315,0.05793720983264813,-0.007431241584184187,0.001625716815434251,-3.883657416919506e-06,-0.000615064093766817,0.002056742298193171,1.73159200093663e-06,0.0018722059291763325,-0.7855382023451992,7.267234390428698e-05,-0.007995477187403063,0.0005685923337209546,2.655026939835916e-05,0.0048849056814812665,-0.000198452328056232,0.0013177009492708293,-0.004169313563309394,-0.00014882101884331768,0.0014794669875377116,9.036135378483899e-05,-4.005733372586529e-05,0.00022034111219976135,0.0002453168388821811,9.106944880571546e-05,0.0002262527686611349,0.00030894151847233047,-0.00010371883454875484,0.0017808292098432815,7.212615137523436e-05,0.00020253945035750206,-8.452083158934487e-05,0.007066942064204701,0.0004645328435052506,0.0011638396468400109,-1.6403565481442564e-06,5.602726683771248e-06,0.0001916904337750095,0.00023677392034710288,0.1321238290741078,-0.0006866547385475219,-0.00019524843417127654,0.000175505156965147,-5.110686795059092e-06,0.006373592444320031,-0.003695687536067852,-0.008940267536669242,0.0008770651685889494,0.00020419590460664426,-0.00012051273335077868,0.002493980197941417,0.004319532535033956,-0.00012686234226425602,0.0002091922606115615,0.00023875614561198524,5.516669168876561e-06,-0.0037083242039185806,0.006179093877059437,0.000776084753136889,0.00011245000246706047,-0.00023360787377536517,-0.0011604069064781444,0.019906393189888853,0.003278866944607509,9.609489243027033e-05,-2.382244111509344e-05,0.0003330946925706478,0.001530147523716411,8.995130979445525e-05,0.0002524366702250332,-1.9156713503654387e-05,0.0007732699563165327,0.0044541231886517695,-0.0014856046016025468,-5.691702913170333e-05,0.009334420308146166,-0.0372263775480443,-0.00013734995895724756,0.0001407664401931908,0.0006178010884201117,-0.0001144626193031818,7.434789653614122e-05,0.000575453745728709,0.000232372600349412,0.00385060544413374,-0.0032903623083524684,0.011619127637064935,0.00045251130317908725,0.0007879283917819115,3.978650402696973e-05,-0.003177093076187686,0.012171032120318451,-1.8328296757923205e-05,-8.398600498411233e-05,4.4586602243682065e-05
11,-7.156660845351761e-06,-0.03753148615772049,0.042657966709543485,-0.0004841027022646771,0.0013272404363096797,0.0003281225740927214,0.0004939858768398839,0.00013311697789144053,2.278878142526926e-05,0.0013448819873915913,0.30413151925616627,0.000324034781905614,2.6996863031016928e-05,0.00042859145224945563,-2.0468805711677113e-05,0.00032866971068322773,0.00013217118810689502,0.0039980580429445104,0.0007235681617499892,6.371726183768134e-05,0.00031914141854257755,0.05657359081453882,0.0018008832097809596,0.001657388595882197,-1.4471594970616453e-05,0.00026203024108273354,7.786219909282355e-05,7.200361208609118e-05,0.000189978229997112,0.0006379160296745567,0.00013296682161495488,0.0008364798356840508,-0.024547737051855825,-8.15881882653347e-05,0.33773007417011297,0.0003718727206321595,0.005577374364551611,0.001839991581725837,0.14331016827012188,0.0002393077682985999,0.000196533171365645,0.0021557287156733313,0.0012165769740866438,6.598371885038756e-05,-0.0016279940285346042,-0.00027918305362307247,0.0015864384404069803,0.0001529946471981502,0.0030783393927299495,0.00204759466607495,-0.000345602813907807,-0.00012316598636889385,0.00045661019225530215,0.00047049617502201515,0.04377776255605113,0.0001430444903716331,1.1401770704749445e-05,3.085625342273666e-05,0.00043994064841264567,0.15800364052811408,0.0003282355059569964,0.0004299103271633278,-5.9906093248505765e-05,0.0001487515529914197,0.013764574894139901,0.00024086352565245116,0.0008644830329650624,8.996431864349234e-06,0.00042958077502319795,0.00576687785124771,9.837639563734543e-05,0.004722501869114203,0.00019924130356862332,3.729681458999396e-05,9.982829762513823e-05,-0.02652472366826895,-0.00768654054886942,0.05770407471870871,0.11771350467702843,3.248021423452106e-05,4.113605554286769e-05,0.00023180295109756824,7.8685357328393e-05,0.001315213760002921,8.853838696015845e-05,0.0011122179805503887,-8.322483077650641e-08,0.0003665726863385718,0.016721141631164217,0.7143251076120317,-0.003117711521731124,0.00022622988334883488,-0.00816696246280407,0.0009725570280224626,0.00016037104540002665,0.0003625057390032352,0.00035835045056568254,0.0022450369690869966,-0.06814518616944296,0.0001493164294439681,0.004338190291467673,-0.00045074464224975283,0.002207545692347769,0.007780774072184297,0.0001569465173098083,0.0011274427596178113,0.001867778955873945,0.0009274869635492228,0.0014097667826183295,0.00022725547747535552,0.24813456514200943,0.0009042009806900799,-8.156224011380327e-05,0.10634210306066258,-0.10602052782170862,0.0010065582690110507,-8.862044349583824e-06,0.0002090596242002453,7.708952200835379e-05,-4.644994627857292e-05,-4.23482683005157e-06,0.00039760021618917416,0.0018933824568196883,1.4649242775039914e-07,0.0001045725290590889,0.0013247155995529873,0.0003162901219898224,1.4803461936371194e-05,-0.09285654562047051,0.0008416192054680271,0.00022354797477501021,0.000451247967091866,0.0005986457716019738,0.00010522602442470373,0.0007662788062269506,-3.242974759503313e-05,0.02406699335080027,0.0005925271348540401,0.00021174080733175923,0.0016437423199972354,0.007612443356210779,0.0001364541924576421,0.001372841539589358,5.877829393837284e-05,0.0003009558656652713,0.0014724322056003263,0.0008084222187257763,0.016329950954515594,-0.0009486001230146418,0.00013014322907865325,0.023985140614265286,0.00010934953258430967,-0.00015169633814180199,2.4388106443675296e-05,0.0005308562453607861,2.942790297075277e-05,0.002298623039530833,-0.0013202023074917288,-0.00021811850403355394,0.05820143161178864,6.80774348492246e-05,0.009295535682930239,0.00016727818993466097,0.0007084782731483488,0.000627763082837245,0.0007606598904531115,1.1335562536379145e-05,0.0022283876135829033,0.0005233687696267334,0.00011341505859944426,5.403471156409075e-05,0.002066065767808843,0.00041395524540373946,0.0011141993266645385,0.001495894496058985,3.407043223819888e-05,0.0007103053497975049,0.000737349585308818,0.0006842455249468112,0.0011197857803909288,-0.12326986919688357,0.0037917327860089653,0.00030656705885851506,0.0010223811297680968,0.0011017073271870636,0.0029321418848883363,0.00012139121112051906,-6.184709270021455e-05,0.005326020593586344,0.009830312823957988,0.001111277115283396,0.0023608120570734127,-0.08431898849673862,0.0037666015991704525,0.013026093719036465,-0.007190381114142058,7.273304725993312e-05,0.00017474241150374279,0.0006342118250062687,0.0005315592643663995,0.00013753481680352795,0.0001501581172883373,0.00026666691337922407,-3.697668798760805e-05,0.0001235422912121234,0.00035886522125888127,-0.005858109735920098,0.02774996895710359,0.0002838426962416987,0.0009525049976324635,0.002302130416428379,0.05985023407774774,1.9839372410824032e-05,0.0007839200167046535,0.002139230068833198,0.00011522405096855824,0.0016406123435686961,-1.796884775293354e-05,-9.306095035384429e-05,0.005196815422856205,0.0003497493375375851,0.0002846127280546905,0.003324081215957733,0.00025459917688196176,0.010846570916279172,0.0002770092919613114,5.996675091118615e-06,0.00019536556047109897,-2.8835241944672715e-06,0.0006876203743562891,0.0008225663286924162,0.0009504828569043425,9.934709353048756e-05,0.0018547697414438816,6.398772660619245e-05,0.000501471267877325,0.00046177123805944535,-0.0003330243763552702,3.25115702227035e-05,0.0016486327094044388,0.00021502027768633054,-2.984028836108181e-05,0.00044379921494174955,0.00025114064303275715,-0.2225441561698731,-1.2873864075092453e-05,0.0003927004339641991,0.0002507945586565657,0.0005205461837526281,0.08956094914131087,-0.06764645355882887,0.003209455365328535,-0.0005150885887239164,0.000483639220504925,0.002115993848957212,0.001885036363563749,0.00047190491680872864,0.0004702785251503916,0.00013635986599676043,0.0003982668842051661,0.00011689413638703663,0.0007150250022709489,0.031916790408675025,0.0017142750354658428,0.0008293696649279226,0.0003264151353723488,0.00047340569002855717,0.003184882777937894,0.012645835522667615,-7.509543225441652e-06,-5.665192143498026e-06,0.00015542349335575338,0.0017955088680346562,-2.563203356495145e-05,0.00028272639465963783,2.629013016243226e-05,0.000997702304018526,0.04895991197225053,0.0035020756229086564,5.891856646649939e-05,-0.0010150782493274085,-0.10812673436222868,0.0005955392259516633,0.00041684181277719173,0.00014685656757681064,-6.56806606725823e-05,-8.032576413817799e-05,0.0003420469026979042,0.00015659421312506916,0.0014430858062376736,0.002511130107637419,0.05221948497438682,8.691746330250676e-05,0.0017205348982802689,0.0002034767591723134,0.012571142937804966,-0.0017724817538174776,-8.236856013601372e-07,4.6547327201541876e-05,0.0003425155143662104
12,-0.00014066846435771438,0.058591420984484485,0.004486683210771836,0.005327375379347465,-4.5890468068118806e-05,-7.659065629711526e-05,-0.0005609477979326705,0.001059166046051968,5.4559874725912394e-05,0.0006800798646414974,-0.04138850597034088,0.00018663605962110363,3.21408784858257e-05,-8.789268343123435e-05,-0.0006058388615798396,-0.0002566782304095627,5.381988493417811e-05,-0.013840159939380814,9.139665549706688e-05,-0.00011115591087161938,0.0001098391375025376,0.002317910691107705,-0.0021979062646550088,-0.0004071641224191874,-0.00014468080991199977,-0.00023194182793229157,-0.00012700758899737707,5.197827145777189e-05,7.439836278105155e-05,0.0005813391639097748,-9.011537581140455e-05,-0.0008909318063140548,0.09375199746019779,0.00011440919014518537,0.04687234764599901,0.006115275739812836,0.008319383919514263,0.00040534215047628974,-0.006971724256200432,-0.00017348816167884527,-8.12520402734012e-05,-0.0032803976601790746,0.00036758348567729693,-7.074236003643097e-05,0.020716379534297766,0.0030461981656404566,0.005623010068752748,0.00026315497633512454,-0.0015687499456977115,0.002124302226178457,0.009021651276287275,-0.00048457026147277874,-0.0002962488204431585,-0.00025146282661293987,0.0041091622015154905,-5.4432280822979545e-05,-4.693244748485187e-05,-9.710154921166384e-05,-3.2202662390902844e-05,0.009277065972268272,-8.625806502187208e-05,2.7040036607215308e-05,0.0001355760985020155,0.00019126589724516093,-0.744964538885822,0.0006550700270304001,0.00028651633341357036,-0.00013050599754922112,4.439274957548204e-05,-0.0019939128277594222,0.0003072876544336911,-0.00852008543975243,1.1205824930862493e-05,-1.8994384260450324e-05,-4.6271372766149184e-05,-0.003487512499020801,0.023240646645855678,0.004397526745806066,-0.06002323922957162,0.00015522648696456758,-5.88179617111449e-05,-0.00011026628734125748,-8.471218628355452e-05,9.41454012851263e-05,0.0001077088126338896,-0.000528702800457004,0.0003057096958761778,4.671691976564855e-05,-0.0011167680160427463,0.06885250887528253,0.0020169103856561765,0.0004918368109759701,0.015006325360069768,0.007478064402220848,2.213615018766731e-05,-0.001045040545004236,0.0002691663462250869,-0.00020866155816984532,0.6160420430757331,6.73502166744056e-05,0.001964285236043345,0.020442465269929936,-0.0005199660633030677,-0.009565877243571354,-4.194934545570408e-05,0.0001744433987073185,-0.0019062513628921739,0.00018922464288207046,0.0034269850311384265,-0.00010252523404159699,0.017370260741198636,-0.009640520862577776,-0.0002627020748200674,0.009083157916983624,-0.004607819654144294,-0.0008031820347602607,-0.00013631565216488592,-0.00059760816098665,-3.8851794778387385e-06,-0.0001159722759633937,-0.00021486758654515068,-6.183328790309164e-05,0.0021669683562768154,4.133887511617001e-05,-0.0002174177089431257,-0.008734854400571722,0.000527342090975721,3.512733347084174e-05,-0.00256831386812207,0.0004477859949270016,0.000278935211314654,-0.00015407670018592113,-1.1664430736714792e-05,-5.154542235792764e-05,-0.00019716480628127688,-0.0016109661069575684,0.0042176588887100274,0.001364460839770066,-0.00020148055158265108,0.009519562368625683,-0.011733718454262854,-0.00010613070583785644,-9.589341671563883e-05,8.070957070676492e-05,-0.0001157926449780814,-0.0015289752486439873,-0.00019340805019937848,0.0009401308724342973,4.244700565361146e-05,4.2071113635563454e-05,0.0003756130774797101,-2.9601498723054502e-05,-3.469507013343509e-05,1.703065220498531e-05,-0.0023582638378859704,-6.45125848812416e-05,2.624259527745222e-06,0.0004609061979844076,0.0006283682904723078,0.0049968418227024835,0.00015164040317182013,-7.862999689671311e-05,-1.510862858654012e-05,-6.53797252481923e-07,-0.00019319863169438859,2.6432727409330775e-05,-0.00013415446643218223,-0.004078811922152409,0.000996163114010421,0.0034599398593736065,-1.1953911280042188e-05,0.0017196311096615972,0.00017488616111272984,0.002146843544550874,-0.00022635217362574071,1.2799604260686485e-05,-0.00010854495635276308,-0.0006780469462565017,0.002657161080237082,0.00023853546373427847,-0.009675408658262774,-0.0015315458907950727,0.00028922241583514356,-2.5459258755138872e-05,0.0037436893079084116,-0.04444752914764491,8.765483691452298e-05,0.004931005797829863,-0.006605988621404008,-0.001577356163581121,-7.378352184648135e-05,-0.0002559600594443376,0.03675370953892014,-5.68297214831079e-05,0.006420699523280844,0.06669192529509095,3.279011636573049e-05,-0.0005292930918932086,-0.00017342589707629224,0.00020686901549904046,0.00028086440010282736,0.0110294189127641,4.321499564014692e-06,-0.0002970603035218396,0.0006069765051749954,0.00041998460055747775,0.04852557081941967,-0.004877752774290121,0.002026408001355216,-0.0010930785061704605,0.0006540627133797635,-0.0005771977929477743,0.0003368927946601524,0.001178536239338484,0.15966958357392366,-1.4895327251647642e-05,-0.007556200180970239,0.0003738207027871956,-0.0001798873534083931,0.0014527570564708276,4.7427818893304564e-05,0.0021179881384020558,0.0026738889437209878,0.00041407930172560986,-0.0007770324156917354,-0.00018086022883971692,2.0927143989542564e-05,0.000358491478499059,-5.0537124521315684e-05,-2.8743147518189144e-05,-0.0001233645221082471,0.000138030338876177,0.000143673411491314,-0.0016437423231010003,-6.792386387974135e-05,1.3998573355081139e-05,-5.178884633105622e-05,-0.002495722367550653,-2.299657470368482e-05,0.0003416410149500662,3.069993465838522e-05,-1.1275763450942753e-05,-0.0006625698174504264,0.0001589208921533,-0.02460715299440753,-0.00019948803519874686,4.166657012819852e-05,6.134366025275764e-05,0.0003518625796309358,0.004836881729113833,-0.0058624418338526245,0.001958117462040328,0.00024455497971757694,0.00013017462870444668,-0.0007939980145276583,-0.0008258552930856602,0.004086813009073043,0.00019168516712590432,-9.208084135639105e-05,-2.187838610819286e-05,-0.0001653283435674134,-0.0017436262447187638,0.002134163862733757,0.0006815835103797066,3.1875849050264424e-05,4.228057945555378e-06,-0.00013621627553130113,-0.0012614467580613924,-0.0007780504787079095,3.421212760405073e-05,1.4625368650208907e-05,-9.53898727500328e-05,-0.00136978921640007,-3.93089570199415e-06,6.19068049239915e-05,-8.167608981334882e-05,0.00045859815300034737,-0.00031726410793448957,5.804103612368279e-05,-1.5762015730077725e-05,0.014239405047791252,-0.008269864833521478,-0.00040375275245711805,-5.5039076846512524e-05,0.0005170401271835424,-0.00010179795630615551,-5.517400360911166e-06,0.0001783435639924966,-6.799007508302625e-05,0.0016044702399863793,0.0021608450882812796,-0.004761598267017374,0.0011117323707408447,0.0006759768115512334,-1.4114695130923194e-05,-0.009669674836182675,0.020057931725244196,7.743726682302794e-05,-3.27901868735656e-05,9.846412155971386e-05
13,-9.973061822443045e-05,-0.012356419620892331,0.021289006781140207,0.0006800742635333645,0.00024077675344713265,2.5497898689830212e-05,3.644385666820571e-05,0.0005649877758965721,0.00011573808905465666,0.0005375885814488473,0.07374068346377269,0.0008178754255771283,3.5526281724374e-05,0.0007431255392313235,0.0025939373434313295,0.00029258168075971605,3.901092312391663e-05,0.002573086410018126,-0.00017037355555549194,1.3932697610963274e-05,0.0009448485686339714,0.029121823172137684,0.004380404667161053,0.00014158876743403104,-0.00019508063524475983,0.0002617020157001555,3.18231356080112e-05,7.101180959104281e-05,0.0005121879374009666,0.00027418477123207496,0.00019131574107546234,0.0002833449961891221,0.0038882188233034104,-7.155842276119237e-05,0.746554762162341,0.0012649273322557436,0.03234530959338961,0.0010510236700245006,0.09017208043334243,5.1704156416887816e-05,0.00015030997825534197,0.0016481039063300966,0.00041396653964552313,0.0002858493849918774,0.0012852097246052914,0.0003281990394840472,0.0015036693853837583,0.00013678611469057303,0.002951632832203765,0.000978633056612217,0.00187889644367797,-0.00012357364710338615,0.0002583373315606322,0.0013493643057478457,0.02397055341451195,-8.828892813943863e-05,3.0762662864974866e-07,0.0001915616360082658,-5.840556563592507e-05,0.1969195613401255,-0.0001409155990118954,0.0005383114070323363,0.0002688501664881034,0.0002040139162881674,-0.019909755529188156,0.0001097601635689014,0.001230779005941622,-3.492468402267344e-05,0.00034415873946578896,0.006149191035038998,0.00012020353573208862,0.005176234828754002,0.00031832734211974337,0.00018859809676558437,0.00010130644588924958,-0.013735518175992799,0.0030994143026710852,0.007603215503511082,0.07376429870439995,1.8760599089995213e-05,7.237722705139956e-05,-4.466697734535835e-05,-0.0001128858203063173,0.0010882800610242925,0.00019049755163568838,0.0018451642290492195,6.887750564349426e-05,0.0011926830343729831,0.010773445635917317,-0.5821011572941014,0.006652355334627851,0.0003177329918331289,0.0013773061505967191,0.0008085925946001767,0.00020027428963813082,0.0002817444939011153,0.0010857831623213915,0.0008130395618973925,-0.008563305746398851,0.0003493197832712525,0.009909767798515906,0.0007879289616270872,0.0007744747834752478,0.0014553597744515268,4.9966466964389495e-05,-0.0004582645764168308,0.0018701126106326158,0.00040627177698467586,0.0006306107253847436,0.0006235588308540433,0.14780831269913114,0.0007302586244148492,-5.8354346107958094e-05,0.032233641330373944,-0.019567642787725173,0.0002605727143276307,4.2689684215871654e-05,7.027459079051845e-05,1.490220990506196e-05,5.006045785841377e-05,0.0013048572292604548,0.0001778985342743343,0.00023759004295780158,1.4622196538181234e-05,0.000143442887729463,0.0011486920567938697,6.668727182237389e-05,0.00010658191778329352,-0.021965816089791666,0.0013513613475882116,0.00027805403725299845,0.0006256198510202263,0.0005434530599913035,0.00020931890782869373,0.00111664718437691,0.00042645611739512625,0.009877703518127362,0.00021896634756706206,-1.494664538573303e-05,0.0024520499068317516,0.003683943819805269,5.335954170570482e-05,0.0010770382548133779,-3.111756192058648e-05,0.000260957763383335,0.0007932678878450522,0.0005948845923521514,0.006961682601553269,7.136885335754921e-05,-1.2387318023631831e-05,0.009934130464581078,3.820257929038691e-05,-0.00021362684750467103,1.026713755189235e-05,-0.0001283147153818857,4.123857154375784e-05,0.0010976259484540203,0.013316573302362137,0.00015448211407621148,0.023200008662721552,0.00021467982649771874,0.0019304246297786032,-7.748484926713931e-05,0.0014268083102203378,0.0007827208784075476,0.0008912231323357307,1.0790592395715703e-05,0.0015073718585791685,0.00047886995603110306,0.00011364736330770567,-2.2138220722505916e-06,0.0004177644902782921,0.0006656428244372005,0.0006364480857170842,0.0020780942170802487,-6.144472721546237e-05,0.0003081329596103844,0.00046593555535681425,-0.00021165669084952375,0.000765635358808263,-0.005900457547794131,0.00209429938700865,0.0007020696190413503,0.0003780279342031062,0.0013557438822631184,0.0009495445451423142,4.112592743057237e-06,0.00014634452586708042,0.008922750748819075,-0.00025822310067020104,-0.0005198955201938613,0.0013237791883891161,-0.030869764027709,-0.00043408008607354444,0.01704807993183929,0.00048142023751750456,0.00017447096126640965,0.0004528561749876559,0.0005189178887313561,0.0007617369331596444,0.00010389402813263489,0.0016494989324618587,0.00030437283273271776,2.536511367567029e-05,0.00040760099687871325,-9.79336383365276e-05,0.00028381752824187517,0.0162277432310797,0.00016805305089982302,0.0009970079996102126,0.0010539528396990797,0.0362731447537485,-6.563701760765476e-05,0.001030340640372255,-0.01893002130607462,0.00011851635069931287,0.0013758626098476045,0.00029427863835865286,-0.00012006142661203766,0.0025684375847565624,2.8245698652783055e-05,0.0005891216309360453,0.008356546555521429,0.0003336450100018953,0.00595759054211216,0.0003403235467723817,4.727472847843332e-05,0.00037953024130305793,0.00020280616261376654,3.094097271440785e-05,0.0010643099213170427,0.0007772884624858061,0.0005192405216763959,0.002055894228009496,3.360678967699246e-05,0.0004762172611031717,0.00018124714810436657,0.0005584691279573682,0.00026038089704036955,0.001188482900983319,0.0001238577726456096,-2.8783054754823612e-06,5.7211780312984304e-05,5.427361069406762e-06,-0.08738818392961614,0.0003493322434982057,0.0006234554436154576,0.00012404923001544516,0.0003252719020554344,0.03468433493256569,-0.034691687012201655,0.0005094491349150633,5.471425501333741e-05,0.0009685944937433215,0.0017744077593111391,0.0006222223276803046,0.0008187370634098689,0.0003453013586088514,8.190999308184879e-05,0.0003558394074945504,0.0001130002800182944,0.0005761087130639023,0.03247906708049643,0.0017990585946845395,0.001067685405819371,-9.247326333147867e-05,0.0014512523806148791,0.0036406959921882866,0.006435422567540008,-9.653572888063578e-05,-1.2470238685571461e-05,-9.22823803371448e-05,0.0011262902202820635,3.786403486569966e-05,-7.738379361594302e-06,-2.4520281297533975e-05,0.0006019349753919952,0.012983690496921657,0.0031763291196910907,-5.953845469960093e-05,0.00019873657139625825,-0.012356012767991314,5.34384819046136e-05,0.00026451165548114835,9.699457153911442e-05,-0.00014742641418612868,5.354277340042493e-05,0.000319629541644266,-6.874055168231991e-05,0.0006166781897762432,0.009239904998660894,0.0447431379306527,-4.0734090470419086e-05,0.0016544194645645733,0.0002441861371195593,0.004541798788463655,0.0006311930256651323,-1.0159115016142696e-05,-1.2298653825192985e-05,0.00013642762124076342
14,-2.0289785135746037e-06,-0.02020031141861892,-0.006966778359177133,-4.265821825758052e-05,-3.43257412924597e-05,0.0005234661307932146,0.0005317963987917368,0.0003127962468385101,-9.923986773428296e-05,0.00047642894124678666,0.6479649983030014,0.0001926404954424117,3.2694568499043626e-05,0.00019167321166417258,-6.075132131971774e-05,0.0003532715379221266,9.4522661892079e-05,-0.0005698654062885481,0.00028001540079564124,-4.586866001582532e-05,0.0005301269722607707,0.029812218219272588,0.00434114288509587,0.0016305921892784568,7.6940140419271e-05,0.00022355165483468366,5.444855025063186e-06,-1.1211801170942642e-05,0.00042544252292394877,0.0010401187081228438,8.238456036870762e-05,2.2336144920254153e-05,-0.0007649767268655405,0.00011395533328209528,-0.38824347130464343,0.0032037515508979066,0.015038255273701354,0.0010527005309500107,0.34681462208624886,-7.623699385268519e-05,-7.1929704767177e-06,0.002369742139111706,-0.00013731519253408855,0.00014683265554384095,-0.0001969841624699653,0.0002866079343592188,0.0007738230027649132,0.0006800610773887092,0.0029400089360429615,0.0021182817554459468,0.0010026376602277204,0.0016832872954203155,0.0011780954817967857,0.0010967757152867711,0.00554575324012717,0.00011396766926938945,1.6659811851282846e-05,-0.00010907641897491514,-0.00010357100931289442,-0.2158048475386429,0.0002939940763674303,0.0002638654423534445,0.0003768892512362029,0.00031592072546855754,-0.08529523821517132,0.00017889359460597455,0.0006930640420875168,-7.865589975732828e-05,4.387651291916031e-05,0.0036377652423733244,3.209219523066763e-05,0.015270514650223752,6.605573346724628e-05,7.742161161900614e-05,5.839987252985262e-05,0.002668122664465998,-0.0031058164864168625,0.024334017974887375,0.22971170590266943,4.766842214156547e-05,-0.00015119626737348233,0.00018621318273212908,9.487188585659972e-06,-8.187358297118402e-05,0.00016124769824615902,0.00043348396174185816,0.0001535129188972445,0.0009439455412036737,0.015813106857153196,-0.3061992592601429,-0.002142519789274048,0.00021462513777397297,-0.008080550994214425,0.0014239416985563844,0.00021768626270025643,9.661429264769955e-05,0.00025647950722497404,0.0014507449366213,0.027775247827543398,-9.952484321962004e-05,0.005239496230017328,0.0017922741780749193,-0.00016802749583066934,-0.002083385345832911,-3.303917457704586e-05,0.00014336539543675746,0.000699470840985972,0.002582418064494888,0.0002921316129210431,0.0001367792116207973,0.2675646050765257,0.006115153631804828,-4.784074164101461e-05,0.08746258816925119,-0.03321078275597515,0.0005957272930195694,0.0002513905649755947,-5.66381523114997e-05,-5.0217039445316775e-05,-9.930203051533495e-06,-0.00011652840672763017,0.0004675148074343768,0.0014266054764077033,2.3817073672045385e-05,2.545551742103025e-06,-0.0008671031675084526,-0.00027420808078402277,-6.229891505857895e-05,-0.027714358916521215,0.00028729893602113046,0.00011994918333648776,0.0002342905598974542,2.800273780813496e-05,0.0006381577686644621,-0.00023385207385162913,-0.0005180286218850489,-0.00637386684573516,0.0004520714069942665,3.631971658876504e-05,0.0006830272877970112,0.004018060273934263,2.1917233618187065e-06,0.0011546617084950321,-4.475961222168471e-05,-0.00010581653677020067,0.0002926604902136632,0.00010763018997631381,0.012626559715372998,0.00018091952266705252,-0.0001349477662359929,0.022890120446861614,1.772898296210565e-06,-3.190777204030784e-05,4.733457230665953e-05,-0.000337283438414234,-1.3725249206308064e-06,0.0005701476294653219,-0.0068542676052865265,1.0719776663836722e-05,0.0631275119863283,-0.00011419227274417354,0.015932418013800062,-5.892438974971202e-05,0.0007342474477358973,0.001896309797209398,0.00010163135600686594,2.5380821660416983e-05,0.0017891616130461278,0.0011059649786651464,3.3173266989089314e-05,-7.107958349961141e-07,0.0003086537691149305,0.00047378234188842844,0.0009150364679909057,0.0010490008070867252,-0.0001288506016713137,0.0010354771937210476,0.0005914626065028291,0.000896129132322458,0.0004046597215286475,0.012982494652114311,0.006644563917115034,0.0002452430906143173,0.0008722540637865657,0.00035146392733483023,-0.004017101886435698,8.00987963274491e-05,0.000910558197114282,0.002903570877180933,0.012098771885880572,0.00033765018498831123,0.0008630180976177144,-0.04750004362762476,0.0007654687954397263,0.013056990853677657,0.002762525239582007,0.00016020919159179508,0.0008309075269974484,3.041604563936047e-05,0.00036855167223593093,-5.9841694116269384e-05,0.0022840003408151482,9.477456840838085e-05,-9.553042215598717e-05,-0.0002905391111769828,0.00011462575404487443,-0.0002447367363813402,0.015625710209132365,0.00025951642923454054,0.0014485690720449588,0.0016493162159002999,0.04606189461246498,-2.53189673960659e-05,-0.00013275407183466897,0.000931816420644771,0.00015771350890942616,0.001004433290808432,0.0002458724922538304,-0.00011218323787978712,0.005855254612943554,2.200283155333327e-06,5.857759447656122e-05,0.005079042246027253,-1.0894536233749252e-05,0.011819881037225482,-7.866802085651037e-05,-0.00013113506400104242,7.441864617798246e-05,2.297041585824647e-05,0.0008439654983248071,-9.745067741694828e-05,0.00047409949464204126,4.206826740180136e-05,-0.0005945564203521732,8.317392039966162e-05,0.00013166349540397627,0.000137748385828829,-0.0010332628875127335,9.989674673682118e-05,0.0008150200581455518,-9.659806524602889e-05,6.265491695382416e-06,0.0008872841540430694,-0.0003190869223498458,0.004677976690822372,0.00020874075927563174,-0.00015904027533463898,-4.990126675800412e-05,0.0003438059189731727,0.08318121938988733,0.0030414338439033184,0.00461170508477373,0.0012728334121105012,0.0006989853679022166,0.003363453454487488,0.001418245324898778,0.000533843875671916,0.0007625381964767256,0.0005070576271900291,0.0004599476451215001,-0.00010286633654089244,-0.0003898300886281663,-0.0008689840737785004,0.0012551454242984072,0.0008696694646467813,0.0001954586452386801,0.0010733499062753277,0.0009159290120861058,0.009244703625627453,0.0002511821276437627,1.1665404116208193e-05,-5.75973498526932e-05,0.0009464117242068246,-0.00013363987913922546,0.00021168230046643421,7.626441053635441e-05,0.00018826129924677808,0.03433795291082539,0.0020063762518260416,0.00011347997024836048,0.00024287905756902733,-0.05625565844450736,-0.00025375731364414133,-1.187386404111375e-05,-0.0003149952788341589,2.131637985801978e-05,-2.7615433627730876e-05,0.00010726664303365883,-0.00019751194744044298,0.0006847306538276289,0.004226740455577589,0.041930449067709444,0.0006497902775921341,0.00018600230008884288,-9.703214358245359e-05,0.016970948100652417,0.001397394432727763,0.0001103594387963959,0.00018293330265812396,0.00020239693120031519
15,2.206188377940966e-05,-0.012529004227711135,0.054463336585521216,0.0004752447497367099,0.0006088518226759095,0.00036702854384835365,-2.5479259974339058e-05,0.0006739270002710709,-9.608398594485035e-06,0.0005681260700278901,-0.029699992472874318,0.0005462413400779756,8.394968816293619e-05,0.00030241567967062566,0.0072453819439332046,0.0003266435048604188,3.1682108673908305e-06,0.001697902679815906,-2.005137268626389e-05,-3.357346965668709e-06,0.0014147224068454117,0.0006157755386325646,0.005133652808536102,2.16155052047088e-06,8.497446363328609e-05,4.032341838959563e-05,1.1083430451809886e-05,-3.260521371262204e-05,3.879061680905904e-05,0.0005563659817234411,0.0001453443297406154,0.0008196976748449103,0.000997830042866299,0.00016327736092229886,-0.3458584510059915,0.0028904791488958484,0.028853826009686695,0.0001415372011429744,0.08336818903844523,5.433144009714917e-05,4.264726884024676e-06,0.007112135297287388,4.1009641858567435e-05,-4.6792544937238056e-05,0.0023825739702984655,5.456515662505355e-05,0.0014007324818409144,-4.94711134836225e-05,0.0021497074403615864,0.0022154293707895333,0.002210899104171285,-5.577468985240065e-06,0.000629707142023081,0.0011465029036482562,0.0005474333049039146,-6.646022717723184e-05,2.1571284954252645e-06,-4.446351609932995e-05,0.00019089121274956915,0.9157614962910163,0.00015753755386886583,9.131258121827346e-05,-3.285305025811061e-05,-0.00024723146757113057,-0.032281475915000316,0.0001924626045178299,0.001551219218827709,1.6472895307032952e-05,2.9846891746103648e-05,0.0060193886193254525,0.00022724747436159327,0.0007315844569853562,0.0002625183868312426,-0.000171336478792564,-3.30668659426752e-05,-0.030869238411023237,0.001483536080886725,0.009187273706721497,0.04407722623833067,5.398444840601195e-05,4.4320553769391924e-05,0.0002502152420980584,-1.2007605378203806e-05,0.0009947910500417065,8.591218533077552e-06,0.0027699302909058726,0.00014894609387873514,0.001162755551760819,0.0014663790068884528,-0.09628200803995193,-0.00208307004797175,0.0007664285050868998,-0.000740665293508927,0.0004333615196027152,0.00010251607544137058,0.00044139216521143707,0.0007752274038197761,0.0018795136491175036,-0.006812795308758151,0.0002758923993454426,0.011310465154592466,0.002303647700990445,0.0023758407413296476,0.015785909706903575,3.935162162189976e-05,0.00019756690845787114,0.00427536413733871,0.00015763916444272615,0.001138774963948569,-2.6371243257766763e-05,-0.012756755607164633,-0.0019116697948296704,0.00016903182100482667,0.08490868021488032,-0.025353379307126507,0.0010594835856511874,0.00013628683097599808,7.757258520940755e-05,-6.177053314141952e-05,8.094033849473381e-05,0.0006282762234255286,0.00022889775686843082,0.0021001839167186023,-9.674605623701633e-05,0.00010252365931391269,0.0007310991791056251,0.0007987771355645915,2.8922061565983233e-05,-0.027733913945317025,0.0007731620830562225,0.00033457953922465776,-2.2370191916550757e-05,0.0007206986703635231,0.0001535723396457571,0.0017286711195469958,-0.00014047811995588348,0.0016763092913875295,0.000494040090382869,0.001034453476805858,0.002799038219100169,0.0040870306141928756,0.00018758678327322753,0.00023183970512702964,8.346547563030268e-06,0.00030174241591546594,0.0007424875497065685,8.571890548811616e-05,0.001449402489024588,8.102501084402509e-05,0.0002056357239148298,0.003854890671510418,0.00014377274644973917,3.489723339891986e-05,-3.962793874720885e-07,0.0002050945419411858,-1.7523493381934674e-05,0.0022134097484785495,-0.004633688284091392,0.000361971110383592,-0.004370717295504138,0.00048034811034203956,-0.0010951067945010817,0.00012201610693177655,0.0008583029416014947,0.0012889537677386442,0.0005463863692418084,-9.097961565545515e-06,0.0014399925769261468,0.0007735349938265065,-8.861522469660182e-06,4.1814091635845874e-05,0.0005280948203640126,-0.00018295273531626437,0.0006532898573023103,0.0006450339147700684,0.00031181773675956854,-0.00022879598055230982,0.0005399849177620433,0.0007360249304168781,0.0009844861247025809,-0.013550752865030196,0.002932425237048718,0.0007690643223492756,0.00038048306576914624,0.0021235879887540436,-0.00046800492977574354,9.671478448341e-05,4.56111279616353e-05,0.006616562223266637,0.006089848560202442,0.00011862062945403387,0.002351445021345295,-0.031704196892075064,0.0005020101283062552,0.018027436263461552,0.0004650613074782123,4.06834591355504e-05,0.0003284170134700052,0.001082154951174901,0.0010007736870437111,8.43172143896384e-06,0.0039429702545981885,0.00021703286708106242,1.9209209081647027e-05,0.00024552010928482635,0.0004760362077729646,0.00038392367725815363,0.04662948540010536,0.0002805707716341012,0.0008390600297912517,0.0009076759871958161,0.0008828610893781078,0.00019588345707401578,0.0005955127589026381,-0.024478510659224934,1.5134624411877653e-05,0.00011445745359268044,0.00034268923315946935,-3.2808123256377816e-06,0.007336773357054866,1.2319738827945874e-06,0.0007410018271817986,0.0092695299701099,-3.160686023790087e-05,0.003406383725885302,0.00021298347179041135,-4.018312693628099e-05,0.0004778962447667995,0.0001686955254859776,0.00046314265023096254,0.0010701600531500934,0.001730114463639295,0.0007135577921689173,0.004576044223879892,2.5191303231400855e-05,0.0002553955108038706,0.00016266595867353486,0.0025712525904080553,4.6911455355240885e-05,0.0006388237649861163,0.00014518414110088404,-3.021694819794335e-06,0.000640901326903468,0.0003758047494478161,-0.021857495197469753,0.0011651300193205373,-6.926511876624115e-05,0.0004472227399478475,0.0003659503560264864,0.011001818242960114,-0.013484895276355144,-1.916936389155348e-05,0.0005425347346845267,0.0010361457014641355,0.0034719354658111594,0.0019702252082545585,0.0004264952151982566,0.0009120077640956269,9.165206156363224e-05,0.0007236445878147368,6.933632719594799e-05,0.00167311798099404,0.024839757604593837,0.001599199921539788,0.0003346211233963631,2.4161176993378695e-05,0.0016187540382906229,0.004337276814582923,0.01062960011114366,4.862238382027668e-05,9.390934140599675e-05,0.0001755261521267776,0.0016598561412185632,-3.7488178580084765e-05,-1.411275803244079e-05,-1.8230354593242945e-05,-2.8747748260088413e-05,-0.004863228606914741,0.0027403125187224374,7.146201796583325e-05,0.000695222260117978,-0.022792237843498195,0.0005398081812064736,0.00034987512624484827,0.00031965178673726887,5.086086711911827e-05,0.00019846436038416584,0.00023509457065976113,0.00020699930597430083,0.0011985564617929476,0.007916112632010565,0.016870814103486127,0.00018583932124302538,0.0032302415256000297,-3.621986876510552e-05,0.004945143440490855,8.588610036331171e-05,-2.986749159109535e-05,0.00016550372276467624,0.0002152962792564624
16,3.671933397430263e-05,-0.023533405154330674,0.0011156246684540239,0.00012371369574129543,0.01953301987549923,-5.726228940173411e-05,5.786499457489935e-05,0.0004937993175998151,0.000283112034572236,0.0009812885267451651,-0.3246096598971424,0.008717791407471184,-0.00010000504428197068,-0.00017019370476238638,0.005154408475960694,6.883531872160786e-05,0.00011962081124172047,0.00437679831066827,-0.00014262543089715862,4.807693099966037e-05,0.0022658574430776957,0.0032668755338660094,0.08907923976645732,0.0005305794584144485,-4.1152111785125456e-05,0.0002916360955460412,4.3262207862965196e-05,2.188618647830376e-05,0.0002862321971916163,0.0010620255737645856,0.00023617933023381554,0.0018828255121272133,0.03757429553771114,0.00018289165406708274,-0.03712416427213659,0.0003183519527610911,0.7667788818023659,-0.0001526825934305637,0.30745372542242055,0.00010068688696251559,2.1859249363767423e-05,0.004313857080230101,0.00023207719045493223,0.00017565788509721868,0.0010897204786261827,-1.543809517857769e-05,0.00023947670584651554,9.709585534965759e-05,0.02239504822268394,0.0002777157841164831,-5.3257525896324015e-05,0.0012873048877717224,0.005224853684465353,0.002165030307820606,0.007615425611420423,6.728091374448575e-05,1.442810358051605e-05,-4.5983063574764685e-07,0.0006453855496536412,-0.0975674987021925,0.0017882122016640595,0.0004809236349149592,-2.9944208640511616e-06,1.4635289022120728e-05,-0.012097768783293716,-4.342831736223445e-05,0.0019448898674103892,-1.5194099892457211e-05,7.665514782353988e-05,0.0061890488131574745,5.9870662198175046e-05,0.0035118249761517256,0.00012447509189111188,0.0007930925714513884,2.5277890406150486e-05,-0.012689672604072028,0.010278687430183307,-0.002003155281991381,0.13024874924259772,-3.254652692446548e-05,0.0013248823412959304,0.0001426098486462246,5.597730084617135e-05,0.0004070159976278431,0.00024934295329259574,0.0019527253869765912,0.00033732256640248495,0.014139845929853574,0.000882050235387918,0.03371839056898095,0.0022329257336773005,0.0011234049347159005,0.006428575413503723,-1.678956586063235e-05,0.00010870127298007832,0.0018519672821653921,0.015060089925650985,0.00020974516856443574,-0.030417359368774266,6.422659888099709e-05,0.1468481935795304,0.0003711961751507939,0.000733414330470224,0.00971355545188007,-1.4043776447800194e-06,2.1160204269878458e-05,0.0013044451379998576,0.00250536135838288,0.0005741544326311118,0.00019191657184202906,0.0890794351055709,-0.0040052620003747244,-0.0002245785798938322,0.035347268618905234,-0.008652870247186306,0.00023202973303424433,0.0009993479430120697,0.004763878803858302,-3.300316584936569e-05,0.00010611231143202535,0.0008491461282630385,0.0002834246038271064,0.000422327982413723,5.514389255854369e-05,-4.5730025453778744e-06,1.2350137303811931e-05,-0.0001996619159867453,-1.0168778925995388e-05,-0.01528172390471301,0.0007170944779677042,-1.6523482285330654e-05,0.0050260601241540045,0.0063554126791323185,0.002213811052897875,0.0016480556741437229,0.0010202929939073166,-0.0019481239553368777,-0.00010378814184853515,0.005871700533353142,0.0023429515116183755,0.0023204172593292056,0.00027194872569976866,0.005421504709295533,0.0003021182732878878,2.3795632847913896e-05,7.274892595821405e-05,0.0001614272318342146,0.00316862039284166,0.0005463906109043253,6.322902630649489e-06,-0.00042157853291198335,0.00010664509055334287,-2.302283110927096e-06,3.3215600060193876e-05,0.0005032283261215062,-2.2852564640548907e-06,0.0005496324818211051,0.03890264673674848,-8.594102033432707e-07,0.0016527121436391897,5.982475615038752e-05,-0.0020859803827838726,0.00036394193735110733,0.015191802551471482,0.0009834476062576744,0.0001526743724246972,7.751550887218073e-05,0.002361774819403714,0.000393066303166953,0.0001318650546478367,4.254522448322862e-06,0.0007108113178523473,0.00032577713830295543,0.0008247459552273729,0.020053203552203802,0.000411858304513845,7.479486425767507e-05,0.00024080666913804043,-0.0005916414089785979,-5.464705492161381e-06,-0.0016316767574811666,0.0011637360864175223,0.006493406725632651,0.00020913868441990724,0.0004998597759368131,0.002598143233474015,8.150908487345246e-05,-0.00022204829462635356,0.008224039245104002,-0.001461879860049189,2.0206690194916888e-05,0.0003316727212055561,-0.01707027354943451,0.000546418831531878,0.25820960830944667,-0.002217967236000245,7.504689808478498e-05,0.00042728452933832827,0.0004705621105836697,0.000322490636448704,0.00019915447558724667,0.0014389029080973809,3.8874094897926696e-05,3.673577020666535e-05,-0.00019756874132609726,0.0002167780269542337,-0.0006849173991772678,0.0032072986956693077,0.0001259082424555566,0.011392330718018921,0.000666791509647731,-0.011384453194278197,-1.3264028290568483e-06,-0.0002190539125784324,-0.034304866403868525,0.00013960478317885137,0.010513527319582302,0.0029882172401535217,0.00014372629110220858,0.0033242535118765924,-7.873060105131283e-05,6.255055112428312e-05,0.20909955274003877,0.00010016634396357166,0.0024060117366550343,0.0004721588847340437,-0.00012381122936787163,0.00015568341768820666,0.0013496889497926364,0.005634269068031363,6.0479835027564294e-05,0.012219830731782313,0.0026189458708179847,-8.257232459449142e-05,-1.5570825984750555e-05,0.00023712523107967832,0.00014391378316085178,0.0013585012320950027,0.00018125794389385564,0.0005900428911028545,0.0001289722746364132,9.868737976447862e-06,0.0004281019944394372,0.00013489104255273862,0.00836984956844978,0.009851733002388334,9.770866766189073e-05,4.59594446042765e-05,0.00629434070490386,0.003196328753405994,-0.0004947986024869747,0.00038682047761989455,0.0012095197152356839,0.005411879871393595,0.004578939021478844,0.0005735841967135225,0.00024822471769119316,0.011820230774926407,-0.00021071266656695186,-7.52302230982993e-05,-2.085241530169063e-05,0.0017722793908576074,0.002190654884542134,0.0006605032413713081,0.007101077703522316,9.968664812416402e-05,0.030323298203014444,0.004745550012628899,0.0008932756752762505,0.0017680512346091273,-4.4311792290221714e-05,0.0013587004106373173,0.002657654124187503,0.00010077594067526164,8.311015602152356e-05,1.6493601116017442e-05,0.00046337780078195556,-0.003108289666209307,0.03444579335582949,-0.00015133974111554427,-0.00021050913182213069,-0.01472733006232936,0.0002589003588948117,0.0005045582638114957,8.759178663779454e-05,-1.4557323753239823e-05,5.668993302391373e-05,0.00015186112494169055,0.00013570061993889437,0.001009356722633123,0.14383938956159562,0.023714058725608327,0.0001247737591541006,0.00022697777753755984,-2.2441896928725082e-06,0.0034682103353993465,-0.0006553617626817929,3.4578103514228825e-05,8.019391654352738e-05,0.0006586509839903892
17,5.384015385102464e-05,0.01750379888538798,0.011075454681769459,-0.0005273446165948159,0.011563373511829442,-5.310053421597738e-05,0.0004851780583893378,-0.00028509840392717254,0.00021141038499318532,-0.0011293371853442896,0.541309109873348,0.004827237197342196,-5.824607189680586e-05,0.0002086048988329814,-0.0024497035938703116,-0.0005254545360497132,-4.363054353571927e-05,0.0009266825202217666,0.0003216345708449697,4.06939225882641e-05,0.00033007069121544774,-0.008904549314020904,0.05034097891744871,0.0011877901983861072,3.5615799414800975e-05,-0.0007286388155799545,-5.3727555128696425e-05,-4.3354662308342506e-05,-0.00045141780694092637,-0.001128573306927394,-0.0001148676225086187,5.971497976237083e-07,-0.06040458794236636,-8.827627049775178e-05,0.0433737930726357,0.0010947882047500305,0.4290247517666783,-0.00014003990427516924,-0.5362850453119558,-0.00015811544257621755,-8.400777882505359e-05,-0.0065116876127583245,3.3867966194621414e-05,-0.00012941568303013497,-0.001990335772779281,5.631802599771101e-05,-0.0002472471516441338,-0.00027528081343347263,0.008533772114277425,-0.000487837623223819,0.0008421390142272847,-0.0008283726442270965,0.00225294350791051,-0.00405111174192274,-0.011818829061837968,-5.3561764617720414e-05,-2.5680455510369155e-05,3.7088800851897935e-05,1.9288678382705813e-05,0.07586863137491226,0.0010094480530127411,-0.00023312455565175686,-0.00033658695611621706,3.727600229170376e-05,0.028370630873245668,-1.0144323644257895e-05,-0.0014422146901048804,-6.043009495872554e-05,-4.726312345687341e-05,-0.007979166096746697,-6.833184621831377e-05,-0.004462097337524375,-7.769420871005998e-05,0.0004670260935992432,-0.0002345065992293521,0.007197397655415751,-0.014223759294695767,0.00838354397502884,-0.297965266217447,0.00012384409490382928,0.000795986465319431,-4.035810577665555e-05,0.00031573720569384213,-0.0002605199134023315,-0.0003084515882347768,-0.0015926711098812746,-0.00041993331457979705,0.007905552114336554,-0.0018898650200546764,-0.013606864688289262,-0.0021434387738162135,0.001182385191522669,-0.0026211592073612233,0.0006780591854162769,-0.00015797942453502078,0.0010612159556043087,0.007721423937804442,-0.000558766592854287,0.04115355396627521,-0.0002560438811834776,0.0760760452384582,-0.00024061172685459903,-0.001365389962224271,0.0025295396924236366,1.0088247550839313e-06,0.0001253025986262101,0.00046519634341816193,-0.004054186113605702,-8.23061046914238e-05,-0.00020688240437878559,-0.27158402048512653,0.004908180439581714,8.9245862589079e-05,0.004310283715206822,0.015222682396621529,-0.00010769739083563677,-3.523205273511928e-05,0.0023308753673320476,1.893014579609255e-05,9.70227177119355e-05,-0.0009974680589491668,-0.0002708233410414324,-0.0006384171422949749,-3.746439640941687e-05,-1.5892588092893817e-05,0.00028872048150509807,1.9419469065312415e-05,-1.847593845717135e-05,0.034804535819505246,-0.0012983981782213102,5.26800886601305e-05,0.0028967065393347593,0.003242236813507533,0.0015441150838980703,0.0013169933485376142,-0.0009112828806548991,0.0006457599998990864,9.27700693680554e-05,0.003090103983479019,-0.003264713411377027,0.0009541437543137757,4.882471874189352e-06,0.003726195740662259,0.00023886274540962726,7.706417855393305e-05,0.00019284907874002766,-0.00041892390195397996,-0.0026098934587809883,-0.000883229192640598,-8.792503375812258e-05,-0.0017951725265245217,-2.420410209445778e-05,3.1553189620446218e-06,1.3716512616903107e-05,-0.0004818125395151425,-7.976779989000464e-06,-1.4657718742339901e-05,0.023364846025570735,9.149506514668712e-05,-0.00796121689397579,1.984143652446896e-05,0.0030415603627588165,-1.9739066616017046e-05,0.008032563262353219,-0.0014471556661811561,-0.00010838650119408605,-7.558623103369141e-05,-0.0036295913446345008,-5.967921133966103e-05,-6.177288953529252e-05,-3.0057901534992493e-05,-0.000951586238369231,-0.00046330842965155116,-0.001663103774069421,0.010413096088351254,0.00039608345766414886,-0.0001373510766861806,0.00014663876288254765,0.0009665709603989914,0.00014099773348124657,0.0037757123443872727,-0.0016673509122244134,0.0035355297311652854,8.225132717245946e-05,-0.0003312339886589258,-0.00337029091808645,7.274447266918723e-05,0.00028272132330097897,-0.009939744518723197,0.008449394313454633,-0.0003478345988536472,-0.001146679521304138,-0.035761028809897476,-0.0005880110378600513,0.14075038727730857,0.0018890545719938943,-1.4594711190305584e-05,-0.0007464205887916577,-0.0008933777760778872,-0.00017989854267360045,8.181051745020929e-06,-0.0019870444388837075,4.4716159103566026e-05,-2.407537180478328e-05,0.00018905750219961725,-0.0002715573890840434,0.002333097204152545,-0.0048785244140584615,8.356372097752295e-05,0.005979221350706729,0.00016283211471976566,0.013152819304336188,-0.0004008566678507272,0.00046057644169229545,0.0027101068956343066,-7.14432068127011e-08,0.004549856095413522,0.001816862194789967,-1.0598985525529792e-05,-0.003611983984063664,-6.446391286155616e-05,0.0003021359454619195,0.11615975639214869,0.00010630857148459516,-0.004621262195052675,-8.023205754945648e-06,0.00012840889313968238,-0.0001056953341991337,0.0006547386884112773,0.0036978727419347667,1.6140345260039083e-05,0.006609212748023169,0.0019111680663803842,-0.00044172162285076484,0.0001377415265330674,-0.0006209948588016838,-0.0001688513663417033,-0.0010447846946039334,-0.0001580683683263955,-0.00055125221238862,0.00019560545823890142,-1.8654062340793553e-05,-0.0005561648562250289,-0.0003855230229761877,-0.008051647820318756,0.0055831823628055355,-0.0001575173449932475,-5.331910097228156e-05,0.003331062599957064,0.008390001984251213,0.005005160842018425,0.0016048494085111335,-0.0019211876844864961,0.002642914280382572,-0.00588156772013461,-0.0009704487447838606,-0.0003319890513507885,0.006791466693045452,0.00037597084628862576,-0.00020131845097249614,2.8483806040483645e-05,0.0010502511692148178,-0.00843354118427412,3.648104728554147e-06,0.003982859724121119,-0.00017427993799071836,0.017120931128484593,-0.0064827303337956985,-0.003831828556690874,0.0010888513254877592,-3.101005225190002e-05,0.0007046054559347278,-0.000321848762069485,-0.0001078296408402288,-0.00029107649195584274,3.175248001595701e-05,-0.00016871970176471698,0.004211559196220668,0.01647274241663725,-9.396122944715923e-05,0.001293357349938656,0.02845362116441285,-0.00033208914593818475,0.0004536531213113757,-4.7232932307746e-05,7.446112289845493e-05,-0.0001110297893341522,-0.00028821681190614094,-0.00019097185589966176,-0.0010757524726719234,0.07863634196887682,-0.058017976428897056,-4.083964095358619e-05,-0.00027263533305473334,2.985677917354511e-05,0.0022556943646312236,0.0008827223052147292,-1.0281027476615606e-05,-4.9622161692390414e-05,-0.0006365471601876217
18,-2.4094250954439497e-05,-0.01637167441527608,0.02025605300246902,0.0005476373199407789,0.0026876990605524485,-2.4125563581972598e-05,0.00023780072846778938,0.0003034241431153356,4.3023255976250285e-05,0.0015988535639962671,-0.1686423967325694,0.00048805867934340746,9.390780037621654e-05,-0.0001720028477765409,0.003629200054779536,0.0007092891373608814,0.0002510881350538171,0.004057108932886411,0.0004940297959054249,-8.710641745721115e-06,0.000268772348679152,0.024689692089846456,0.0028847680161985106,0.0007491790068157728,1.85894790112745e-05,0.00019416205558838058,0.00021012548524772245,0.00026110169576512576,-0.0002773590395864778,0.0018343588139484897,0.0003830929190377641,0.0007684249796283127,0.08097859072252289,-1.9509383784638203e-06,-0.12104034285454962,5.5784921715925284e-05,0.030599429384729204,0.0012367948866359101,-0.6168921337616311,2.5313032294594468e-05,-4.5372305029030367e-05,0.0030169085477098636,-0.00013194201932384967,9.790101620320377e-05,0.0016848300426112114,4.5488239622473206e-05,0.0011768557436644417,0.000619479532189735,0.002698038935297579,0.00036482981048484655,0.0003514806931532074,-0.00043952675946692645,0.00029617038923595174,0.0017075039273490296,0.011574384778312928,0.000139408836651673,-2.1818576805251837e-05,-1.8121695183947668e-05,0.0003017351930870614,-0.020700821062967945,0.0001520533557778484,0.0005229643408237675,0.00013327261060480623,1.977483815569443e-05,-0.03041528105869602,-0.00010092511637314747,4.0751156556014304e-05,2.8154254498153388e-05,0.00015040152656803436,0.012729457858773375,2.8971294313896636e-05,0.01110504308232106,0.00022462727557551345,6.365663647926005e-05,0.00013198964525535132,0.004668954231431907,0.016930887179904784,0.012433473648131334,0.16231806855924885,-1.682879983467807e-05,9.844791917503333e-05,-0.00010902438060196931,0.00021474132035997524,0.0007253801667311734,-0.00020539428417937878,0.0007015509159135828,-0.0002782646203561383,0.0007273928483743052,0.008794015388969045,-0.05460770409134991,-0.0005534861061030566,0.0008428195696106939,0.0057700283078418665,0.00029142594628893967,0.0005056508549733492,0.0002881620871128098,0.00045439313929458887,0.0013704008438761583,-0.05298846747099334,-0.0001237806716210487,0.004376439992228618,0.0007476186321585965,0.0007972957912183577,0.00794775149199906,-8.684298136325645e-06,5.002705859540437e-05,0.0007293291818872016,-0.0040904210915564745,0.0006393817810719306,2.5613562946721398e-05,0.7047592002659162,-0.002485855424516828,1.2306107077277289e-05,0.15662940190291044,0.015123222131203385,0.0015603626213672446,0.0007456536538459976,0.0001271927872288775,-4.2995775314549206e-05,6.660311092944975e-05,0.0004101183072753214,-8.631503038878036e-05,0.0008999303859424659,-6.833485713464367e-05,0.0002118160282623357,0.0009471786573016852,0.00038870393733902173,0.00012747653826812816,-0.005618755919061115,-1.1199535463641918e-05,0.00017147014750887624,0.0004937992396888604,0.000348793660025258,-0.00034128489354550654,5.017720269259989e-05,0.0008274023794649048,0.0016991358354662275,0.0002120623205888474,-1.92092698274545e-05,0.003766267313916354,0.006573511444133635,0.0002092717027778405,0.0006235065647312389,9.093124483506447e-05,-1.4186298678379463e-06,-0.0003104186765728078,0.0004183846000251984,0.005686454313976759,0.0005891196601282947,0.00024314136652646228,0.011356839303597351,2.51420120543828e-05,-5.5634278006073826e-05,-3.4721819313464426e-05,5.184888361807081e-05,8.799523229594062e-05,0.0016502507213301573,2.2212709224254598e-05,-0.00011771624351301295,0.04360377339699865,-0.00010023438960190222,-0.004983187256642343,-0.00021506564403261051,0.0009057353174753294,0.0023152279418017715,0.0003940148823063827,-0.00013023468453060615,0.0005273800794126291,0.0003803917582360047,0.0007118309863954975,4.99646512157623e-05,0.0002072874384144944,0.0007395102032515141,0.0003261179353811366,0.0018006686727493441,-4.2595973728063195e-05,0.0003699453014237731,0.00048032594480219094,0.0001613998948787304,0.0006262437097372068,-0.0001223583791673151,-0.0030619863032118094,0.00026279756724440547,0.0002612186026371263,0.001559866684456135,0.004507797805102365,3.213763780770293e-05,3.409666519845877e-05,0.016646231200314242,0.002738021133011,0.000318194114789702,0.00028870281292065283,-0.0014555985950387377,0.000259326434860561,0.020081943912234227,-0.0014948213823734627,-0.00010159486899752822,4.6229404372614136e-05,0.0014312096338230636,0.00044547958931126584,0.00013707685023970836,-0.0008507399411939506,-1.7117610372574077e-05,5.394881856560143e-05,0.0004600030674231934,0.0008790601066943531,0.0017953918881843632,0.019113520163562246,4.432892885717206e-05,0.0006992796777856559,0.0007761730203326412,0.038628823078888326,0.0002342263919057291,0.0008778660428376164,-0.011306615460622477,7.775988293532702e-05,0.0017087018089803829,0.00022227932831278275,0.00018345383993442071,-0.0005582015719425904,8.998864942293366e-05,0.0001394638870010473,0.008935251194186554,-0.0001292514215784496,0.004726382409022841,7.861918037967059e-05,0.0002259104232177058,0.0006431526921086492,0.00027755117976045924,0.00042601770747562463,0.0003525700708026775,6.302407817064624e-05,0.00017979486677240056,0.0013125811439248826,-0.0001554755321495709,0.00020876027393915294,0.0005123503049179404,0.00239554902563303,0.00031437937861736434,0.0017754562860411323,-0.00012549573303567794,-3.42070716958374e-05,0.0005430323891581577,-8.510738980763562e-05,0.03413206805362825,0.0006811686810675335,0.0004589577589851328,8.002429324913444e-05,0.00030511412539160074,0.03756682146200875,-0.0009353957752919827,0.0032565380865760417,-0.002359348743315305,0.00036663929014079896,0.00039000527843799674,0.0019752072727001486,9.66228826779084e-05,0.000570760854107317,0.00043304102380469487,0.0006683765787876272,-9.552053440628656e-05,-6.08590420355355e-06,0.003949080941687123,0.0007313637084239318,0.0011207152275644421,-5.2318373154843704e-05,0.0017734955901037982,0.009737901909339215,0.004606322341194665,0.00010700994034401285,-2.577295781777881e-06,0.00011231458187628166,0.0010081095243562527,-1.739139611723207e-05,0.00016443036721510795,3.2105409034415434e-05,0.0003768358856097273,0.009657294256894065,0.0027191458930432783,0.0002709393916366437,-0.0004982619839943479,-0.015308295699485656,1.4470123188497315e-06,-0.000176940451728099,0.00038776228288840784,9.358800061349707e-05,1.5699295247394987e-05,0.0003325128630320511,0.0002874560894803313,0.002094903187259812,0.0046896026271628435,0.05528544163986867,0.00037158515013323984,0.0008213232727830803,0.00015677151928329735,0.01581963683210874,-0.0013538275822740002,0.00010208920366972071,5.8464151792118196e-05,0.0003651241342591832
19,-4.2005983607614305e-05,-0.02889618212307008,0.038595459597483735,0.0006231869089699596,-0.00043661448872928457,0.0007165263520562959,0.0006909114315029677,0.0031391140918737674,-1.8010547514137054e-05,0.005250810869579375,0.010292377404544938,0.00041466927473279847,8.233775230096288e-05,0.001013655067720276,0.015748274960140383,0.0007002503338734561,-0.0001266936981483037,-0.00014007395471283407,-0.0001467898615619169,-2.6546438438808384e-05,-0.00013412243905060878,-0.009054376055724636,0.0004262230465563385,0.0017981405922877503,0.0001024856389788796,0.0006240450077252269,-5.989896771444944e-05,2.2334034479043474e-05,0.00015701193099176836,0.003403479904170628,0.0005236974748570739,0.00328274699032835,0.3925725643241404,0.00013664050182355834,0.040908767925473495,0.002728532176658253,-0.026760619633283484,0.0007762030105187092,-0.19618940925904263,0.00016612206141175426,7.270218792349362e-05,0.01595458791319249,0.0005647238426192852,0.00036921062043494823,0.0029028167990706975,-0.0005295299931692666,-0.00024317341908213722,-0.00010700075175998879,-0.0011876894082825116,0.0036178169255726405,-0.0023138281765492028,-0.0011090373151807493,7.372666015500323e-05,0.010741013678453001,0.004429294760047331,-3.120860280621685e-05,3.848897059656464e-06,-1.2566352162522655e-05,9.818432226044432e-06,-0.04830449262061739,-0.00018601224666848937,0.00014589227909036823,-3.192143261298772e-07,0.00012152120025719199,-0.17418295858459948,9.797611397794389e-05,0.0008202899185687825,-5.3130073581792326e-05,0.00037938807662702334,0.04529993438003381,9.787114361457447e-05,0.03489197323471924,0.00031892276708334305,0.00017128991891206128,0.00029233977866477585,0.002044854050161301,0.07595524377530988,0.031672373584375135,0.6195844569279203,8.376082349387248e-05,0.0002070767990742363,0.0003224614458059386,0.0003112654452709935,0.001173343959288009,0.00011040845118057488,0.0018011250670899107,-0.00016058688812108785,-0.00018550150994836416,0.00124211031405972,0.010030025804854629,0.0036106240648451733,-0.0008041551696701475,0.04897567730361519,0.0007288365061586741,-0.00038716651146457033,0.00039534627521093,-7.267361357742507e-05,0.0026957171937070775,-0.19917445357921204,0.0006505959022093967,-0.0027494202635625128,-0.002806784393074878,0.004121603240382361,0.019304372090352247,0.00020786223998280843,0.00022189790829437242,0.0012407725529245562,0.0001120666067028521,0.0008306491070773133,0.0004722887300474934,-0.46121517730531897,0.00014822631139605217,-2.106270420637081e-05,0.3164920220241012,-0.007592755038854614,0.0018827188170951411,0.0025950674688502663,6.582706390357348e-05,-4.837403726991535e-05,0.00016699490713081595,0.0026021246024720353,0.00041460996528220847,0.0037836509329269743,-2.107556626251665e-05,3.5391429096356605e-05,0.00032767327993011783,0.00044381622462801593,7.136740038016747e-05,0.002123616872630128,0.0031451262506346856,-0.0001589599462115763,-9.767308034942844e-05,-0.00024677094573041547,0.00011898946355614476,0.00015615499574843893,0.005650431864997548,0.00473023997335675,0.0003628877978070766,-0.00027756454317841403,0.010984409683202901,0.018841653117114075,0.0003687241263013001,0.0004134755072630205,5.178407723798521e-05,0.00012639505843152748,1.8147122009573927e-05,0.00011825400759390764,0.0005500259620967855,0.0017883954893131867,-0.0001174545217265128,0.0020058251132849397,0.00010737398681184666,-3.8720956106579225e-05,6.156401537865761e-05,-1.0958426548704492e-05,5.334380262983875e-05,0.0034501002939182,-0.0004901957131876263,0.00016736225406563225,0.010284418736904834,-5.251438707194224e-06,0.0006772118174007898,-8.729147267953058e-05,0.0006241476278900101,0.006334212653351882,0.0008817965997700069,-0.00018615068891015066,0.0071834932911847265,0.002329634840229135,-0.00014657692671870767,2.8265959325403378e-05,0.000859903185341758,-0.00037189647127317134,0.004647797540401982,-0.0007983130249579161,5.713133747513397e-05,-0.00011119309442761676,0.0016457872607484548,0.0008344858568477315,0.0013676767464540487,0.005229287163937344,0.001396919523245767,0.0002972315161607515,0.0006365382727149677,0.0015130668667985361,0.012510900462699641,9.060835569664081e-05,-0.0012648160817985456,0.06823006096017449,0.014124578109987051,0.000840953984496024,0.0013953806953478979,-0.026411292269670896,0.0027781026261433223,0.012123299807035165,-0.011087533446024499,0.0003716789961461807,0.0006537959919571555,0.0060473759462169804,0.0018099813137744595,0.0002011082113088994,0.0015869907396387686,0.00024872603238086503,0.0001293332361294048,3.514548820119593e-06,0.0008926271539388317,0.0026061759844113637,0.033589485165795775,0.00010735532099467003,-0.0001705683518611543,0.0018729193807657742,0.00947822424842621,0.00046288089268043645,0.004715288191248869,-0.0107388863632342,0.00024517701449558254,0.0043348645043158815,0.0005082511116418602,-5.9741019633845205e-05,0.014316505778155443,0.00025737731320023597,-0.0003196836761428781,-0.005532217148798892,0.0001680440898898291,0.007505832829199455,0.0004568820852082216,5.896796216380701e-05,0.0005747250689707678,3.266724135422562e-05,-5.1209060275947405e-05,-0.0003518258447362248,0.0003661263584682651,-0.00011812326072191924,0.0030994407070302037,8.235056873183368e-05,0.00020749724752121453,0.00031065274203631935,0.006100416638906092,0.0007257922072347074,0.0038170683920552093,0.00020817088062818206,-4.0364582752685715e-05,0.0007528003128105297,0.00012019491952189192,0.011992775869933737,6.717994282554431e-05,0.0002390601621920098,0.0005776108641697923,0.0005264792795380885,0.0770066325959285,0.009315092900626517,0.0032828563483860637,0.0001458174756519162,0.00022440766588023575,0.005893026017814117,0.004953394219293511,0.0009702252492516132,-7.631287408038992e-05,0.0008178659243046806,0.00012835730635187004,2.2246859827603285e-05,0.0003868698488289088,-0.0027529510699108653,0.0010919838168332238,0.0010207280367958886,0.0003774915656299814,-0.0003284162865895479,0.03569646805984991,0.02186182220695826,-0.00014157200687174533,9.938672666468256e-05,0.00011421249244805004,0.00322352847973486,0.00016942801795737485,0.0006576291867436967,-9.984998999732451e-05,-7.477380000714753e-05,0.0004340328839665449,0.0005763025019003883,0.00019708610634398133,-0.002897247412027986,-0.03114055938547236,5.6030157324318385e-05,-0.00011490799802623113,2.9264005326306436e-05,-4.5226699226050314e-05,-1.7882367329799705e-05,0.0014176355532339977,0.00021892427601886977,0.005951937130479427,-0.0028079075304055685,0.014736322844825882,0.0007046380144132801,0.001205884364272519,-9.556978797766336e-05,0.041155847332809255,-0.0038335856883271596,3.585083673392393e-05,6.66411756143747e-05,0.000529784473018503
20,-0.0001736653518747244,0.02286178320852969,-0.03345260937109554,-0.003673335156942653,0.0006429688632068192,-0.00035272829799676275,-0.0006939229921357482,0.004362821349748219,1.9442548622378153e-05,0.009026559468417267,0.08231670867730888,0.00035485182855904407,0.00022473319114704737,-0.00037164616074442103,0.0323160543232694,0.00010908677692395008,-1.688212944069012e-05,0.002789283476779675,0.00024347227640963975,-3.921164667330945e-05,0.0002366740148391222,0.0025125867873517366,-0.0007286606870044732,-0.0009267582421661515,9.673923616322633e-05,0.0005987925971429886,-6.43387437836429e-05,-0.00010306256146799808,0.0009364250570975188,0.005168084927919064,0.0007296406641812692,0.0027214605718719614,0.7029975787454419,0.00035972425065007,-0.008811891178797647,-0.003564156029777152,0.010902698764501645,-0.0006410819275319609,0.09607503005939269,-0.00012326892386461518,8.987635680918508e-05,-0.0006375510360599537,-0.0005380243281166337,0.0002456561738063256,0.006131693621168685,-0.0001949398810640785,-0.00029179141243231704,-5.0303273155557875e-05,-0.00037028170561441594,0.0018451861796863105,-0.003109400303520901,0.0010792220052045927,-0.0001555300480552066,0.01119725831383721,-0.0024656164393103315,1.5212590306517768e-05,3.897897400174238e-06,3.055915054388838e-05,3.668584656861106e-05,0.03348747927396423,0.00018973786188626368,-0.00017870249873728052,0.00018725740891842058,7.396524914606083e-05,-0.1818213190280576,-0.0009055919030448393,0.0006548878534591795,5.388185603254648e-05,0.0006932536888130485,0.08768131078864073,7.316638926160857e-05,-0.01839650578921592,0.0009282848255911763,0.0004342942033508726,0.0003370025594378002,-0.00022496874252186938,0.1566301412923813,-0.024743764610817415,-0.364632432220907,0.0001540999836565438,-0.00018453087609193188,-0.0001694786446884769,0.00015469942473948783,0.0008510526824854167,1.1842504003603798e-05,0.0038166707613146375,0.00048767611287359874,0.00036020141506933924,-0.00017026710826630758,0.010431118867023918,-0.0008078326471515414,0.0011443190187190179,0.11061040808293983,-0.0018272386669734991,0.00011765344676070493,0.00044702709684030575,0.0002602686719461511,-0.0009220661912748762,-0.3682498794338527,0.0008230934834180926,-0.0015859339683005702,-0.011098859564211024,-0.0021933572700312785,-0.006155133864668422,-0.00015445834961646133,2.9121006350236317e-05,0.0017189932463127135,-0.0005587894329493201,-0.0018378889823039684,0.0005977104959639253,0.1368092263548601,-0.0034199669768126633,0.00013256529640806418,-0.299927419240403,0.008158783206181252,-0.0010836640146283211,0.0034679593469774074,0.00037918485410679773,0.00012434959111859152,5.497652033538002e-05,0.0052640896129266534,0.0004937346404798382,-0.0023832375756024605,7.566449640124674e-05,0.0002752543395923429,-0.0003217601883816687,-0.00010178178956814655,0.0001886438364321539,-5.270251436657186e-05,0.005339912839505786,-7.255178931376682e-05,-3.191939860987345e-05,-0.00013621776500517325,-9.83063887306998e-05,0.00012137870859826264,0.009434957299964006,-0.0017584914762604868,-0.0008486169372954148,-0.0004055997325448904,0.02165947698681319,-0.002675618518226383,0.0003308483696334609,-0.0006604011625833351,-5.410739889991252e-07,-0.0001173033073622971,-0.0009742363621384549,-0.000266622444615147,-0.0023760535557100807,0.0007121275025700222,-0.00011691868082874351,-0.002357197348305591,0.0002813881429787205,6.240016258729974e-05,2.182408797884311e-05,-0.0009232874045018782,-8.28665271887258e-05,-0.0034360671010604926,0.00017665634133949413,-0.00013270662278020296,-0.008207357851304971,-4.0668330554899206e-05,0.001304794741936862,0.0001938563618244125,0.0005192226157223242,0.003316698641511892,-0.0002484426613647375,7.040859463311976e-06,0.0058235244794289254,-0.0008466721025955203,-0.00033290196859494386,3.020232012312593e-05,-0.00028777349265950505,0.0006478872942179962,0.00800341961241748,0.0013342851404026107,0.0001196669532462257,-8.911375661194184e-05,-0.0009540748601462008,-0.0015730183786368344,-0.0003104869701386053,-0.0031968196271120767,-0.0009730673573970874,0.000457064313178308,-0.0003473586951026103,0.00271353111614717,0.016897194297186793,-7.89752609985225e-05,-0.003224436606048483,0.13090766288358702,-0.00917291461078835,-0.0006733081319225476,-0.0013853239674262111,0.022559863547664927,-0.00128134114690669,-0.017315106430654058,-0.019258739873160624,-0.00012412827940068254,-0.000890674704674106,0.010905920883428974,0.0015132493455716578,1.1587225960264791e-05,-0.0017382226680738933,-4.9989071003849785e-05,-2.42134080964667e-05,-0.00033222841837390296,0.0027624546098649044,0.005802465284295906,-0.02907909981939761,-0.000629842215990265,-0.00026054834488393325,-3.600077698739891e-05,-0.0045753030972619235,0.0006899362164736209,0.008948724364499757,0.01907378172793622,0.0004369303520917329,0.006884920740293408,-4.920889892815958e-05,0.0001559243416221351,0.004709989782952252,-5.175860872240934e-05,-0.00065052738133609,0.0013259481316766422,7.201283875064076e-05,-0.004833880557285624,0.00038331881224473816,-3.651446438354515e-05,0.0009977570356691722,0.0003935118898372454,0.00033090253275793423,0.00020453970733185466,-0.0004402992972661118,-0.00016821215311112105,0.0008227684813407118,0.00012055294190241393,0.00011914758680234329,-0.0002744482896288598,0.00649144637389772,0.0011147662071005426,0.007469534446785319,-3.4925381544953504e-05,-5.416709887651975e-05,0.000258356095906529,-0.0001154878668382309,-0.014649729523420023,-0.0003210344292219633,-0.00010472048778756331,0.00014639446150149782,8.85784925656872e-05,-0.04908906041825564,-0.002866484524875218,0.0010558849322564847,-0.0001698695982920741,-9.904159812939694e-05,0.002289273077699678,-0.0017755016050404234,-0.0017401524784978431,-3.736414577197979e-05,-2.7438513076290537e-05,8.774396820935074e-05,0.00025332967291224334,0.0010957678028864389,0.003948552618499577,0.0004001191351920442,-0.0007375411686072657,-0.00018129374698848573,-0.00010061594618972648,0.06389916315159552,-0.017584332416515018,0.00022042204115662895,3.51093761726434e-05,8.127809099272188e-05,2.3710968688719653e-05,0.0007943698621016638,-0.0004455523769555112,-0.00016418176467904427,-0.0001425890884532606,-0.002198512001015701,-0.002521518026001896,0.00014117995111008995,-0.006623138440717523,0.02325727148219022,0.00012673527612969506,0.0002413270677380187,0.0004514337000932158,-1.1756691364269464e-06,8.048681726214538e-05,0.0025196940023925005,4.294717708313786e-05,0.01031569890373571,0.0004549047570950593,-0.015396137121216055,-0.0004278887621167564,-0.002083287195883284,0.00017292602963937375,-0.001960908617500371,-0.008138258127843582,8.034729334028406e-05,-9.512447853999e-05,0.0002120257996445433
21,0.00010039250244322269,-0.01581945848645832,0.10480461245463289,0.0016870764349802836,-0.0010517646847444523,0.0006152256521039165,0.000832871491992293,0.0022134046457794807,2.819827368315264e-05,0.001499247407222376,-0.08891595486817576,0.0002808817987645651,6.154445204992892e-05,0.0012231216606545248,0.011931967514836828,-7.764480153774067e-05,7.549814591990833e-05,0.0008390854687831267,-4.637517788033674e-05,8.564786028099347e-05,-0.00048211577142279194,0.003735250867951568,-0.0024055767030077557,0.0015655399712787565,6.96787135685828e-05,-9.678614345108583e-05,0.0001613387454712789,6.030890445037074e-05,0.0002744839577355218,0.0009236167742122312,0.0005629224049252812,0.0011536909214066027,0.06178057741286674,0.0003367706737735024,-0.015881491015971208,0.007817813851653546,-0.06603812860139247,-9.356343987271688e-05,0.1311890621942116,0.0007978519261626267,-0.00012599897400221698,0.016016880507585568,0.001232628481762563,0.00042935433742178307,0.003590858041193218,0.000515558375290608,0.0006371439040259467,0.0002444440014954304,-0.0023443956422772583,0.003188714270066664,0.0009122355560541306,-0.00015743046190457542,-0.00036899998046543633,2.2700563780367724e-05,0.005597729502842097,0.0001379093383408296,5.062577331369639e-05,6.761044685675284e-05,-0.00028476146377195673,-0.0885389221955018,-4.488639533231013e-05,0.0011650106796055532,0.00036939750171660466,-0.00012408430167574493,0.007783721169231508,0.0002434598760527886,-0.0008533385202240378,-2.843534655752513e-05,0.0004554224942750063,0.019899860493850563,0.0005777480398357591,0.011756810347503035,0.0004647908480571528,0.00025773876698474175,-0.0002742607818119556,0.0020410214963881256,0.028445582691054037,0.05840567728496354,-0.49350188568938497,0.0002697132073422124,-0.0002768880308624071,0.00039498775060556497,-9.222870952521611e-05,0.0013684500245051074,-5.2042945197632376e-05,0.0011061474749574918,-0.0005626759060429198,-0.0014859836525972295,0.0010458093735893248,-0.044247504433000025,0.0008315613100200187,-0.000540267892950272,0.04593821281638297,0.00064303509332031,-0.00010018873973906533,0.00010969826603203676,-0.0011373432564207404,0.0001251066021620232,-0.05318553516406915,4.71545214433169e-05,-0.0017310484456565627,0.0002912294220615702,0.0006449833445193818,0.03010276324665767,3.117515901221793e-05,0.00016659264997333223,0.002474737426004108,0.0015998813991539174,0.0010606489987162043,0.00016472939861336775,-0.007260775898828405,-0.003019243476880395,0.00013706007151880611,0.8035066403333839,-0.016866761462128198,0.003976856387806146,0.000441820310613885,-0.0003904313618319872,-0.0001172146300859214,9.878484889624256e-05,0.0021611589554031436,0.0007014558429846423,0.006971429373930282,4.174069757596028e-05,0.00013992503919202717,0.001562040516072595,0.0002768360970660626,-3.160437614031999e-05,0.0147685267292714,0.0018485714147829478,1.9808461582537448e-05,-0.0006154847727931987,-0.0005033673689812425,-0.0006589076309678719,0.0005031882168413902,0.004454720538080205,0.0069230695852778475,0.00023871111001753237,0.00023101551320499716,0.004467840077203207,0.025017666906576884,9.02226660305129e-05,0.0010855148620739887,3.600600882475196e-05,0.00014476763660481885,0.0014740736659480582,0.0004854776325476087,0.00014154020575840023,0.00044762028604423704,-5.129581608544781e-05,-0.0012317486753664426,6.789433936017254e-05,-7.633755544575894e-05,3.663567452478599e-05,0.0005537193431496903,-1.8982721228625883e-05,0.008984554004998917,-0.0035046925623498162,6.919091539175806e-05,0.02789493402668006,0.00037594840750364115,0.005787333464570203,-8.722589284166824e-05,-0.0009844285299219562,0.003127903288396748,0.0006406216633785822,-0.00010432736667376208,0.0016154961029490218,0.0011993933642086198,0.0003642400686730482,-2.599257005776734e-05,0.00033923508202694796,0.0005273054123751024,0.002245684267016046,-0.000599110143409555,1.1824175868245437e-05,0.00012332536751835654,0.002950106643026931,0.0011585745094798913,0.0018783248105080658,-0.001735416786825341,0.008415280721902927,-0.0005796716285943436,0.0012256111726155617,0.0019798376418068662,0.01245394879807072,0.00020490269580764747,-0.0002127667296199301,0.02731091583907584,0.017821222284802787,0.00026855784165017837,0.000883772659720383,-0.04265300642648043,0.0033245997244685382,0.03001158509191914,-0.002393093459235343,0.0002794634796509912,0.0008907260335294124,0.001602452825033078,0.0006261743849630646,0.0001579864064863816,0.004141727034061912,-8.459744646277631e-05,0.00018802868081983087,-9.716094436011766e-05,0.0005770979358793839,0.013370849963627265,0.02629302345412081,0.00010986208849295218,-0.00046963011573490795,0.0003312395458452684,0.004396614227423934,0.00053901157112498,0.0018205854921439345,-0.007753716985305497,3.588769318357268e-05,-0.001144311049401204,0.0003312373185477037,8.639195684111839e-05,0.021304864552055363,0.0002480179415823179,9.872202454857919e-05,-0.012824082343133338,0.0002064450284271907,0.0008615989185446144,-0.0001357061555547442,-7.575109312128042e-08,0.0006464362989522139,-7.421251639191766e-06,-0.0007916428468326131,-3.145907723088744e-05,-0.0004712116686258448,0.00026651567893328995,0.000940131802791011,-7.867671794780772e-05,0.0004902626678385136,0.0007278008481729041,0.008818820271098426,0.0004161940892961275,0.0020951960426955074,6.774610340130882e-05,1.0351575738127769e-05,0.00026130156260958156,9.638407204110423e-05,0.00756644358829783,-0.0008092231642904128,0.00021670333840814255,-1.6934199873870626e-05,-0.0005027861452707835,0.17864938592879132,-0.00419138334070222,0.0073476550128308785,0.0011989266623463938,-0.0002739676310174327,0.005837161281056477,0.0032406330317191266,0.0013984758423552486,-0.0006419390408543024,0.0010318366967193525,1.9209834007591353e-06,-0.0002586263406821783,0.0022251827331750615,-0.0035634564944351833,0.000658753373712035,-0.0001704904622402691,0.00012748511122908333,-0.0016067915168412085,0.015309253848297996,0.022278688789403846,-1.4302842408369949e-05,1.2323265098255695e-07,-0.00014842873050992765,-0.00031128212484353695,0.0002695029705350844,-0.00010966709487466968,2.1830871697664164e-05,7.162434655444416e-05,0.005126218769859581,-0.0010862255307141858,0.00011359966208588854,-4.5441395653047015e-05,-0.014325529467775992,-0.00037984391806479773,0.00014600355636201767,0.00013040710191794015,9.15843423517378e-05,6.402152929472181e-05,0.0004890039960135095,0.00021182079775222684,0.003808611870128889,-0.006493892991141417,-0.042415352425541133,-4.563116790479854e-05,0.00016060080802314611,0.00013336723947637852,0.045244187354464116,-0.0005255735953349286,-4.269261140119399e-06,-0.00011625107752481073,-0.0002723083675799054
22,1.8262976310329038e-06,-0.03299389299808832,-0.01952491897247917,0.0008056136964956317,0.000563061527967681,-0.0002562514348253441,0.00032637396590285426,0.0005411022039880347,0.00014294359002811933,0.0008085892936919024,-0.09446318033238608,0.0003075495769404471,-0.00011941114785242045,-0.0002268511254542966,0.004083897922059312,0.00047395587628567155,0.00015416931371301954,0.0006607047546629365,-0.0002273588588029376,7.982049973732528e-06,0.0012518264924166272,0.023602721056293584,0.0069691352528317724,0.0037218702614316874,4.7886896398375255e-05,-0.0001987216801552878,-0.00010107045407409298,0.0001814230860308734,3.6952565680658384e-05,-0.0001089450054732894,0.0004971239910169113,0.0024091895484579236,-0.04054272750716252,3.161703911261143e-05,-0.03681420748397071,0.0004043209389345578,-0.002039263212299027,0.001113026428140445,-0.037957489371460366,-5.5650528080096007e-05,-0.0001281087016262862,-0.0022525480199870173,0.0009327906886384671,0.00029790940991063263,0.0012315704428486826,0.00024675754142377014,0.0008513686268434555,0.0006867492331043272,0.001501556998915967,0.001327480424186284,0.00019916818196168053,0.002083033766186359,0.00031395977558412865,-0.0015726481319685453,0.014882641267964273,-1.4528925253059696e-05,-2.1841955516556377e-05,7.900596292054334e-05,-0.0005803971293250141,-0.006747306887958356,1.2290131841676986e-05,-0.00016896237188977905,-0.0005301661758091163,0.00023448003204950912,-0.003623028565206819,0.00043496814104818354,2.609171674582345e-05,-0.00015148388320539846,0.000339964437989616,0.0030255656372265333,4.2767030024824944e-05,0.003341572580640056,-0.00022183925361825545,0.0001739871756551023,8.917553694184899e-06,-0.01364937183368617,0.00670565078186467,0.022814520207203266,-0.04434528822532893,4.054439296162244e-05,-8.578198132480669e-06,-0.00012653128611991036,-0.00010413351265628706,-8.338252526155182e-05,9.250136653259322e-05,0.0005616914992710911,0.0001064176768487083,-0.0002913559740745468,0.007719632344514638,-0.02547454883841421,0.0004589862297931091,0.0017671341403142885,0.03957794331976759,0.000320234747231239,0.00010939484187936978,8.940563561037922e-05,-0.00013658861996543436,-0.00034708294057544074,0.001989093762858482,0.0003806526353058849,-0.0032452715829017886,0.0021656241282980515,0.00014557309820944077,0.0014554615713786353,7.563542575131886e-05,0.0001941027234520663,0.00046056853425206995,-0.0010056662127845882,-0.0003830094853661476,0.00040158588578021565,-0.06801463283061468,-0.0009677186044189507,-0.00014199516072398795,-0.2542783307963708,-0.013269875791207815,-0.0008811689770181243,3.841641500355018e-05,-0.00013998001866320878,9.637503911556701e-05,3.292089319318332e-05,0.0004164343786280906,-0.0001279140083993961,0.0005705585680434713,-5.227874286959734e-05,-2.2727168613602845e-05,0.0020133685096502063,0.00020481545618108773,-0.00024234701503505292,-0.007432176207931827,-0.0003430299144818079,-0.00011706739878899556,-2.8277625223198572e-05,0.0003018803218992729,0.000189069511586535,1.1906351983808098e-05,0.0035144750584879102,0.011183791215654808,0.0005258478213337877,-0.00015105167314621577,0.000826436659081338,0.012942392452652857,0.000614894033624409,0.0015120560718963226,6.005548099071558e-05,0.00017806629628300784,0.0009150863597218299,4.044896034674354e-05,0.011989288131084698,-0.00029821567497559804,0.00030524387869428743,0.008805289665064641,-8.650376094990634e-05,0.0001320400277235582,4.349236777344593e-06,0.0009507704836922612,-2.0774746761669443e-05,0.0010404088010591641,-0.0033094428178368856,0.0003776199440965713,0.17783729232827375,1.6049241615035022e-05,0.0092793932492932,6.496399135857346e-05,0.000325315494823663,0.0006140578102974198,0.0009700029591748777,-0.00020570392777604458,0.0010987329160659612,0.00018742896101054578,0.00019153255851555098,-1.4739260418696748e-05,0.0006626202313498959,0.00035879072297517555,0.0007490396065187917,0.0007889414029579635,0.00015081387176025182,0.0009036953382993941,0.0016568445668390937,0.00035590791932199964,0.00018640817097850815,0.004169577530045513,-0.0005716241886931384,-6.628583834412038e-05,0.0004964878170335063,0.0011443368621331974,0.0008607549621102947,-2.54631099501965e-05,0.0011597924212928443,0.005278364851796301,0.03674441776022825,0.00013431725372960168,0.000521346247758755,-9.361126873036127e-05,0.0031251529880174118,-0.01208909083159169,0.0014431142940479263,3.5919292142891183e-06,-0.00028662840143591026,0.0005218505790985941,0.00020281987632164017,-6.904808728309605e-05,0.0017052519503322674,1.620816771177912e-05,-3.9826553045393086e-05,-0.00012640195219827146,0.0005753484299119576,0.01327577398964159,0.009210456426602212,9.872677762840854e-05,0.0002391685990087848,0.0016166965939339915,0.06567989163805948,0.0004414278243215675,0.0008358399424008309,-0.019729840487609198,-1.6860702843811632e-06,-0.0002750088005326293,0.00022679570282564817,0.00016721778081823027,-0.0039127794253102375,0.00014361374852441423,-0.00039678887134270927,-0.0014672116557983058,-0.00010153053642137418,0.003611774515345946,-0.0003658685011916326,-8.42438619193605e-05,0.0008483672343212794,-0.00010167486422436671,0.000333273244932195,0.0003385949714957672,-0.0002554222767365594,5.1650106019276564e-05,0.00025250154210397003,-4.119182808104329e-05,0.0001661358357948708,0.00015449926406761126,0.00041511192618608455,0.0003726811558591779,0.00043326008395283306,0.0001227447787178022,1.7726233281610686e-05,0.00033881992094729084,0.0004541013021232957,-0.00759595159530841,0.00027573208982209155,0.0003464408440804604,0.00017832730864441335,0.00036179243810730856,0.9105861091459367,-0.008302152792986496,0.05046253175724462,-0.0008016170394709548,0.000353577388921076,-0.0003720020029508585,-0.0008277054571166836,-0.0003103237160270783,-0.0001599235750182551,0.0006670541837416626,0.0008308148810853306,-6.310692417102991e-05,0.00039548695014912844,0.019320270130335628,0.00028823430103362213,0.0002884757477674387,0.0002738163353804325,0.0008060271238732246,0.0021411505500050013,-0.0009576986170459784,-0.00011705246578097355,0.00014228500431959803,0.00015153547202018152,0.001912665387842345,-2.37680846114323e-05,6.692142270575436e-05,0.00013625653495895514,0.00031928840869676093,0.015037745904051934,0.002456128104988214,-1.0243440971991619e-06,0.0009550458842095443,-0.026161654412621693,0.00017641886914185448,0.00023347496064190425,5.393191766854641e-05,7.491313850450305e-05,-7.75360686622816e-05,-0.0001253469117970962,0.00023288537440238621,0.0006834142876396536,-0.0007168626407046998,0.05098597220749283,-0.00029392120859784293,0.0001597730701163487,6.614491780625935e-05,0.18729469778535182,0.00047495387862183606,0.0001275768136913681,8.535409668772548e-05,6.731270593592726e-06
23,0.00013584149266278065,-0.010960006302611118,0.002026444127380636,0.00752889929009723,0.0008449052214157537,0.0011589604429166518,0.0011209732050180554,0.011385662212564332,5.920041602396585e-05,0.06001799382961081,-0.005980868717617924,-0.00012694452797383515,8.641224855353291e-05,0.00055094942572953,0.021811154084494258,-1.7911834116896008e-06,0.00021852790893660268,0.01291997340647788,0.0004679280805327396,2.3462459054518492e-05,0.0011228848146977609,0.007162263235576699,0.0005646700972507662,0.0008820508953585326,0.00012211358377541698,0.002083854738134383,-2.5830906641371477e-05,0.00018414010528339242,0.00385922546085124,0.030658683541242626,0.0015586007299323301,0.0002740637587688166,-0.26047923605709755,7.975608129884537e-05,-0.008603594929184711,0.007786828520486654,-0.0028729347224316706,0.00035900037767626445,-0.011316406637315129,0.0002882716210793469,0.00047318957267209036,0.019965422030373804,0.0006773954744114898,0.0013922518791501714,0.02970707638897073,0.001942868859903181,0.010057541768932485,0.0006105212130044246,0.0009390729566153464,0.0011853557267150682,0.006458993864472788,0.0019939748963634313,0.0005191083476900771,0.011429187202748228,0.009045711354775022,4.4191717599460605e-05,-4.9920256180169265e-06,5.53894644742525e-05,0.0004414943220676878,-0.014962417799150501,0.0001807485221724427,0.0005171337950382127,0.0010480608254843594,0.0003565516568532946,-0.01680054560555272,0.0009351821905392248,0.005895767030397047,-1.4614204634262476e-05,0.004973980102697684,0.5960462284310812,0.0007644260528804994,0.01745236659182855,0.0024994496592079395,0.00022525744674520135,0.0008669101422525058,0.000118464546619396,0.15552348489338846,0.001952975202698012,0.0031769371309342265,-0.00011963932047385877,2.4828131307139736e-05,0.00041626699469940595,0.0004348486074228948,0.00643656778450649,7.584602917345279e-05,0.015116737317340274,0.0005268959469321276,0.0015116924531353285,0.004483774038042858,0.0003224772053155927,0.0066978278402316654,0.0026158641312857525,0.0229510709706309,0.009201288302480296,9.701367339942928e-05,0.000950099494265476,-0.00014236916297603072,1.3821255709055291e-06,0.028404021792656824,0.005711628943519317,-3.6546208304041265e-05,0.014890230659058666,0.0007044406890373768,0.004913664145868051,3.5535418850634465e-05,8.053267299121258e-05,0.004370238576187053,0.0002324967912088632,0.0023077733459574636,0.0015981996806695977,-0.017027934877195578,0.001010081055581677,0.00011574154301633062,-0.023344595765866782,0.0003722220936452948,0.0022567250335878055,0.004987256516707562,0.0002881495888861982,0.00013143870781683032,0.00013317939745797222,0.03623396435949119,0.001990759374664205,0.004789106837230086,-1.3425948844668812e-05,0.0005517363242798158,0.0009276533239582045,0.00031708353528463195,0.0002354011366344209,-0.003720967748132075,0.02010630313239131,0.0009610363367825172,0.0003312604280209024,0.0006928799089910959,0.000386847223805371,0.0008970277318099168,0.0051137307545892135,0.0030919260627089717,0.0016682858611099596,0.0005369602272049379,0.042876563335082135,0.012079174217934217,0.0006067956641733797,-8.696608093206368e-05,-5.651431942497216e-06,0.00018638310253389753,0.0016196980396854968,0.0002278470190946839,0.001920776430374452,0.004016805432617066,0.00022085399198528764,0.0017253006580118862,0.0008450626057885194,8.637425935726739e-05,9.347281536788935e-06,0.0008391896901465846,-3.979297782435804e-05,0.0006983136431159201,-0.00037777803526301977,0.0012042121341339163,-0.0053959376846863805,0.00017541692102390847,-0.000654033149742801,5.150832815038726e-05,0.001394819210473226,0.018331438162407353,0.000640169255714597,-0.0004978364123883585,0.013292696692738668,0.0012139454976407707,0.0034797837008494177,6.189016352526212e-05,0.0028237196511595617,0.0013374921089064284,0.02647494929958373,0.002723795109926031,0.00014424947818617945,3.179817113246899e-05,0.0014959359742924019,0.0036150716975168456,0.001248388656548573,-0.0009893511564144915,0.0019545651475257326,0.0019066381224521903,0.0005755305449581768,0.011515294113181817,0.05100165121292899,3.4330147160633456e-05,0.0027970381625504566,0.6785975409440905,0.0027409730673285757,0.000532480423145762,0.0007719603605407788,0.0001707064507739907,0.0004906924351672764,-0.002957532647154565,0.00515873689511831,0.00010156206281085024,0.0008126321425125563,0.04798735234197018,0.005864343166218713,0.0004000823817518085,0.011021835887652327,0.0001040014356891135,0.00012970635832116988,0.0004888048201617454,0.01083205443555959,0.003427990494738107,0.018222834139945007,0.002858732595240795,2.4857430904644712e-05,0.002271497737476118,0.013408714403559622,0.004405129940925952,0.033833295516872794,-0.008709893776786107,0.0013765025700694196,0.008542916633025494,-0.000216656607605292,-4.316540904724785e-05,0.04050296342186462,0.00042752631001239424,0.0014675194977388974,-0.0007001673885263134,0.0010469594875689705,0.003875928969714485,0.0010788045460589318,0.00017591070386744354,0.004118501521501822,0.00040712197950785474,0.00045393767347398314,-0.00017250280827669053,0.0005373365301906551,0.00024190716563403727,0.00236576963224864,0.00019075951522306653,0.0026864275956186615,0.0003515428247486964,0.019958063203086275,0.003000882328158176,0.06389319064751192,0.0003409836300089994,0.00010172684180213094,0.0011021583013172166,0.00018784130313812515,-0.0015153329917022144,3.383557941961566e-05,-4.375727671379625e-06,0.001650994425224519,-1.705561406207547e-05,-0.035449398778360286,-0.0003943293333030086,0.006686606823534062,0.0001714061258063787,0.0006831566531933174,0.011233345077366674,0.007320419003918045,0.004234185097225736,5.013382485042836e-05,0.000982414372473745,0.0005368215896875486,0.0004056045209749311,0.0026548905468299897,0.01024787183498501,0.002543276418679143,-6.524649419406309e-05,0.0004977574308977535,0.0006951908093317315,0.2391131408373786,0.0028096582058714584,4.567349031955382e-05,0.00033822340795664125,0.0001111484335409521,0.008545587369649289,0.0007117606606043736,0.00020868532106696957,0.0002640863394637483,0.0015372199996024076,0.002647490901026345,0.00042424812681274304,0.00028699031030586736,0.007548079395085147,-8.88051537052438e-05,0.0012989926640663344,0.00024227234286499158,0.0010674508460646606,3.094147613113326e-05,-3.563312295195079e-05,0.014176694139651754,0.0003231323541757723,0.03879966263392567,-0.0005434262470074575,0.04027604331841189,0.0006301395079838989,0.002278348782210161,0.0002854411972967072,0.004585663636083779,0.0032973955085467896,0.00029953634428395224,8.722416098100815e-05,0.0019108549346102722
24,0.0003226208139250863,-0.007317653926962736,-0.001249665353145718,0.004555081687602741,0.00044618126592896323,9.139821680820802e-05,0.00033539829456025183,0.0039815012410107375,-6.511597129510438e-05,-0.008161897465231244,0.005954778536681665,0.0012101383791782577,-9.25945173327336e-05,0.0006586050113809583,0.005722066008934296,0.00161193859976283,-0.00014017781889329173,-0.0041881074668497775,0.0005831410570371759,0.00010450105896547823,-7.312229019154626e-05,-0.003040311447438132,-0.003132780781342062,0.0012683608991346032,0.00034782851374012824,0.0006817062280091782,-3.390480595262535e-05,1.544297696901009e-05,-0.0003495045450453982,-0.002722589832077682,0.00031905675978698145,0.012311167774452403,-0.2307486658898717,-3.381472297093384e-05,-0.0006130079816587166,0.005212385752889811,-0.0032901117676174055,-0.0002676846644316791,-0.004147386149270437,-0.00023131968795217972,-9.55212676001032e-05,0.04040224756631545,7.451109394488316e-05,0.00023551100747745105,0.011305641211765137,0.0006425226585304806,0.0025221691161731582,0.000508129701126097,-0.00010941866541123925,0.002862816849015467,0.0024479145836601,-0.0013998046279881543,-0.00018468302750996105,-0.004379558325997294,-0.0026010751460111073,2.6305474421468e-05,-3.792860634581688e-06,0.00010720220707458297,5.2270657392519055e-05,-0.0027764990149566522,0.00012751851670385117,-4.103251257350451e-05,0.0002337369872794425,-0.00016512800660158452,-0.09826967783129759,0.0006970959612483977,-0.00010251180697390264,-5.136611820465287e-05,-0.0006163314980277165,-0.07213891953488759,0.0001873722101720668,0.06221551572749218,-0.0002195205228887395,0.0019352215249941864,8.003880129534382e-05,-0.00048494028853010487,0.1101063528567582,0.004708758833186159,0.018860520475088176,0.0006076254378931741,-0.00026206349904859557,0.0003920446907513961,0.0005041909646700694,0.002196207368571575,0.00017352073965084538,0.000811424684299952,0.0002624244978476609,-0.0005588273688580223,-0.0017130443857949103,0.0023344384877035957,-0.0007024424646300135,0.0003488449075783452,0.9195333083646778,0.0035414008580817494,-2.404571219975042e-05,0.0019243587329397544,0.0006527903012220916,0.0001370220001936759,-0.10935067817895058,-0.0008563446145398539,0.0011809686049580738,0.010843254724485576,0.003284105413659255,0.02142500003554107,0.0007054716109940474,0.0004995883745665546,0.0007309953265883312,-0.00013735434580948848,0.0015634499650526914,1.5039294545052251e-05,0.004337240415119934,0.0009200611973891289,0.0003538197070333594,-0.024807402233815404,0.0011504600976994842,0.0006157425144728775,-0.001059921824094225,0.001477706445272436,-2.8405122885174214e-05,5.347407481190008e-05,-0.00408909234228244,0.00039229747806113143,0.005763212856736703,-3.111476514308973e-06,0.0008406553900523887,0.011282058303459725,3.084937485029196e-05,0.00012315640325624597,0.0003693390858074359,-0.001794670165641561,0.00027445409155511845,7.392087689475798e-05,0.0002081723968726237,-8.798906441699053e-05,0.0003839491624497549,0.06467977758688723,-0.0005427636297777282,0.0011246652917051066,0.0014108721961090317,-0.0031363069290188924,0.0523737633498899,0.0007250802567070407,0.0003950803542409139,-3.452153759323525e-05,-8.885437134458103e-05,0.003755597628664265,0.00017683687187859646,-0.0015227589631837003,0.002619575496622517,0.0001923542320903099,-0.0012720249945587046,1.8663060362119743e-05,-4.280830271990901e-05,-2.7839307849136088e-05,0.004393289922538079,-3.710453796471889e-06,-0.00031080849171940053,-0.0006732613958919904,0.0001792120872288165,0.013316657361899931,6.65177453689149e-05,-0.0010395578735578888,0.00010204087625411083,-0.00021071143811295838,0.004823979043612903,0.00032553520879130137,-2.027112966855144e-05,2.0527375494663143e-05,0.0009777933621201943,0.000978995606773459,-1.0545199508087827e-05,0.0009676361670464192,-0.00023725940155525267,0.0006283539193110016,-5.5746357809957625e-05,-1.1544154175629616e-06,-8.535540420100162e-05,0.0041808424638032455,0.0020391962026640835,0.00012850257825552545,-0.0004159424264808713,0.0007289467726277279,0.0007189868991337878,-7.917991327312707e-05,0.0009306141500472521,0.03231335716768046,8.987483340353237e-05,0.0011656570450114634,-0.0928681204136405,-0.0007065441898384834,-0.00011723996339511381,0.0002220820646120868,0.002448459543938047,0.00111464117659685,0.0006721806915177125,0.00256108698870706,9.024621792015302e-05,-5.978396591116311e-05,-0.006453034833263466,-0.0001444986567707624,-6.369765763438492e-05,0.006168932572993465,-2.6829445289115243e-05,-3.993305125388376e-06,0.00039064840417468195,-0.0011997086008059066,0.13176575597352125,0.02872895426608316,0.0019387477177688914,0.0003619507541671416,0.00028246587085219247,-0.0013741621891796632,0.0005993978521092701,-0.003584063879469534,-0.014843364125957735,4.683954092534224e-05,-0.000794229365791757,0.0009208545843423293,0.0005183799488456182,0.009835372011747879,0.00010287756463414644,0.0006055682330681658,-0.00021882986588814398,0.00011821156491714042,-0.0008084243294766205,-0.00026700165892619453,-2.527259524934073e-05,-0.00024029182569478827,-0.00040955051169635706,-0.0005897184544769751,-3.717502652791438e-07,0.0015164958977027009,0.0002977230625313431,0.002709831727783161,2.8124147523030335e-05,0.0005869013116232998,-0.0001443855324137666,0.014764678251066832,0.0005121386399530524,-0.007467146808102001,-0.00011227372681602032,8.93555768721135e-05,-0.0005208227258591787,7.737459114978592e-05,0.0020507572022025857,-0.0001133499136204459,0.00018987837626882668,0.000396259432991416,0.0004010748130866421,-0.08401257328342528,0.0012787292878648944,0.006607018653022843,0.00018043432756603264,0.00020089519323833344,0.0021566899501618835,0.005966898907605623,0.005481427831351389,5.5660082189130195e-05,-0.0002884656868658876,0.00023588657391625462,0.00015279102893359868,0.00014921038267053663,-0.00022248154309045115,0.0006276950298118589,-9.579934386585165e-06,0.00014163120906393915,0.00013801228966319802,-0.00227694168441446,0.004404108058498164,-5.914435642840913e-05,-8.475022421227415e-05,0.0004450743104801665,0.001516388017451854,0.0007459226594716585,0.00030885185588441815,-9.135175530823868e-05,-5.631641103037515e-05,-0.0018927844983410262,-0.00044709906243326067,0.0003197762944271,0.0037877466610585432,0.00031841264652644665,-0.00015973444127404446,0.0002791217391306846,0.00023491763006241702,-0.00024050290492069298,-2.5538331207371633e-05,-0.0016421001613288284,0.00011903194767292643,-0.0013870395285712368,0.00019976372142079733,-0.0028279087162167427,1.2193120725765508e-06,0.0017614612023621348,-1.9128739393833578e-05,0.10563502489967938,0.008697185450104472,3.164274714449614e-05,-0.00012798391465415265,0.00020402777868469793
25,-0.00010677538180278805,-0.0033716847459846003,0.040644702111130804,-7.464839239201826e-05,0.002758165266847662,0.0001773331410601911,-0.0003034405598233425,0.00019132867614636562,0.00025566219378207744,-0.002541921211753166,-0.02626120209243113,0.0016815768412951088,-1.3459107680996452e-06,0.00033756622901939815,0.008837913450099662,-9.427097907689641e-05,9.816169164860063e-05,0.005748422516660495,0.0016518269984112169,-7.102236718313504e-06,0.001069039758893102,0.06325550021828763,0.00018577189174806552,6.913614417689007e-05,0.000463802417481729,0.0008184200808185327,2.4978594662546788e-05,1.234031497127086e-06,0.00019552506119146357,-0.0008076531786878061,0.0006119970165381185,-0.00045188292228512394,0.0027016766494166386,-8.210582633905953e-05,-0.043632875326354896,0.00016318647973895435,-0.004382318623859037,0.001057632235712254,-0.029997459956780874,6.930897464206076e-05,-2.5270309829590783e-05,-0.0002918650134430931,0.0003683075143397417,0.0006675008386945332,0.002687544769591401,0.0006449637820035802,0.0001315053397573894,0.0002597956948716978,0.0023159046506987693,0.0036249997026857094,6.0796338338452854e-05,0.003792918824466226,0.0012776548390872177,0.0008749777652866829,0.0471346624939595,-7.078188117000481e-05,-4.534506442846475e-06,5.260650523945787e-05,0.00048417305347303846,-0.037683709885881274,8.536251505663847e-05,-0.00017575716661173257,0.000369897142079274,0.00019974840483557405,-0.010052611706756195,6.183529507181409e-05,-6.71329946796465e-05,-5.9137340994769e-05,0.00014394375523829432,-0.032217250321385796,9.718302772618315e-06,0.03158109004877558,-0.0003449803929859689,8.691989582180039e-05,3.827593129427211e-05,-0.00953666539633933,-0.005730651676106343,0.014807955699575702,-0.10267330776208253,0.000216593079650787,-0.00046934466671078734,0.00022536548650133091,-0.00012975437261281315,0.0012368624087257655,1.2181542202775513e-05,0.0029118064654363,0.0003334420114982779,0.0033321931313410307,0.021802256505588286,-0.01447075438169645,0.005850160521265104,0.0009561295432806153,-0.011281568887665794,0.0014767277900883044,-0.00010658102382320306,0.00040420261650794625,-0.0010077709093863733,0.00020698124725100712,-0.006994056957016635,7.546873689487225e-05,0.0012301033910201917,0.00032492789236112773,-0.0012336557545391223,0.0002894396061063169,4.395285619073798e-05,0.00028847815635580504,0.004560926623630542,-5.610741959114016e-05,0.0006494161323079848,-0.0001692555861625424,-0.10569573828093645,0.004613627248214333,2.914298648906818e-05,-0.0047600953597706315,-0.00597063989058246,0.0009863619833522452,0.000334366450891648,0.00031302972363074873,0.00023809606670794573,8.774302852339148e-05,-0.0012099550884825325,-4.004046437220603e-05,0.002349995928673655,1.1512658667529516e-05,-0.00011519978843263718,0.0004067335869852376,0.0004373112688544241,0.00014405422927729248,-0.022155356071988295,-6.625655854914552e-06,3.989016344091694e-06,0.0006998343182825392,0.0014163740031190605,0.0006642298947058863,0.000960539919892413,0.00032017327751179825,0.024345952879297986,0.0006256909397214291,-0.0002993729649176397,0.0026733031178004137,0.002416421770326114,-6.813784790683439e-05,-0.000402078099642337,-3.9655817112062405e-05,0.0004071649984582267,0.00045360718281851767,0.00027756324066138946,0.010539783994760292,-0.0005710923182701775,0.00021547203073264947,0.012064831117210899,0.0004204575169519916,2.0014429967967103e-05,-0.0001883396442540983,0.00042219083874043585,-5.6261737248006075e-06,0.0003455334502957038,-0.0012647737046558964,0.0008924433822286312,0.04982310257096524,-0.0002281653973930731,0.00243693050267116,-8.720861504931516e-05,0.002723709061648019,-0.000546623010030175,0.0009024924600019319,-2.5477130829932703e-05,0.0021172366262300867,-0.00019570556311313773,0.0005354380974878937,1.5196199037616556e-05,0.00032550254553528196,0.002412786290703477,0.0001485416833300388,0.007901039656247309,9.555098338346311e-05,0.0010661597791559417,0.0010982982387648958,0.0009505624279431751,0.0004807634938360321,-0.011655190170806169,0.0015503514397734726,1.308502553071765e-05,0.002093231850858348,0.0015588237236431697,0.005322619307669498,-7.51232478679335e-05,-0.000387116047099359,-0.039334487051486705,0.023242459900705198,-0.0006999153081453139,0.002169430780725855,-0.01675233791838618,0.001440853556814817,-0.0013740330473532708,-0.002954173825102928,0.0003159909689400466,0.0005631895719228593,-0.0017777900674188322,0.0001560161156856689,8.86813055224183e-05,0.002533033724023878,9.533585572631717e-05,0.0001448033588474125,-0.00015104061805478635,0.0012477820655087432,-0.0030738836983242313,0.01678067389011274,0.0002989267392884509,0.0008894502844173755,0.002081210796787306,0.20367441276656964,9.254608742896586e-05,0.0005873030676003086,-0.005196588564974489,0.0001232636181601411,0.002269697708545011,0.0005825511036053519,-5.5654672283626805e-06,-0.002114524930691232,0.0001906963923945723,-0.0004057205397049106,0.0025527489989797857,3.7312892180163364e-05,0.0070306994525943245,-6.627340077035055e-05,-7.680969921310512e-05,0.0002886489873378528,0.0002381015993646259,0.001500755714421413,-0.0003688554886159723,0.0012192952515108755,0.0005707815222349057,0.004644300696407014,-5.6693879689969436e-05,0.00048227208264163074,0.0003521233917729966,0.001995043514583206,0.00028273426414836516,-0.0026349037114819637,0.00035229121366623165,-8.263859791956488e-06,0.00027405765111386006,0.0002836599456631558,-0.021231650644947715,0.0006154389330733562,0.0002180464009279985,0.0003234305292621893,-3.7168648993669156e-05,-0.10013667058314622,-0.012171447562441463,-0.003315103734735747,-0.00043068517144766,0.001658249463990854,8.481409439028455e-05,-0.001174580310716965,0.0006878972615547829,-0.0001262126687194611,-0.00017471713625529612,0.0010527214788249193,-9.793868784726059e-05,0.0020795871290707948,0.1054485430372324,0.00041737112034859886,0.0003051671662945139,0.00019602088000389092,0.000717390334925311,-0.013589311064800054,0.012261125859787973,1.726422923128642e-05,0.00011803337236047134,0.00016888950405404248,0.0009871215412019234,6.669216295021282e-05,-2.80684278756208e-05,-1.569164371400969e-06,0.0019822261112900684,0.026165107856583124,0.00105969087886426,0.00017593642422973448,0.00026809248139166714,-0.00033499860056934727,-0.0003879425509428541,0.00045330817701548076,0.0003479284106988607,0.00020848413768964296,-1.8561995388736334e-05,-0.0013949251982781005,7.215753496503906e-05,-0.0011911381891770365,-0.00014654932107914347,0.943466233433068,-0.00014024502457146357,0.0025192552304632485,0.00034348525559884735,-0.020423107798218987,-0.0004042554703001175,3.333707538297204e-05,1.110557206893104e-05,7.034585186243848e-05
26,5.713098292161608e-05,-0.0020571347929538783,0.17145724159347042,0.0004233959161042411,-0.010392766214438194,-3.902463049929722e-05,-0.00016989061788433985,0.00039348072840435927,7.870053963922319e-05,-0.00026001740120874285,-0.005553773319895122,-0.005945533474379185,6.0634320272088746e-05,3.762721307208616e-05,0.007386017583594957,-0.00016759892897939138,-8.419875430986518e-05,0.00465533880813104,-8.049507746899637e-05,-7.191597667521171e-05,0.0012184989317327588,0.007011390875598336,0.05375922960003457,-0.0002240222491637009,-2.2015803759597302e-05,0.00045751679644065457,-0.00014095959413145537,5.9232025821392975e-05,1.3062680023212536e-06,-0.00016269925637050348,0.0003285793010398552,-0.00043024116007603364,-0.003142391372237943,5.9170622760014446e-05,-0.007889046136238257,0.0020739440190994662,-0.3555656707684632,-0.0001287844501516878,-0.005556153054213845,2.4810223749109194e-05,1.9024038313610666e-05,0.005209129268967789,-2.573983838224719e-06,0.00021353980818467294,0.0010416250075998834,0.00011940174723926947,0.0008374029084117149,-0.00026035712509810474,0.012957589978207548,-0.00015406074223591517,0.0010068946389535163,0.0003226362069873608,-0.0031879434916244967,0.0003232150007511903,0.0012925122740540078,0.00015461862844298561,-9.96157767046632e-06,7.678249888117802e-05,0.0008102879482074041,-0.01659583647041802,-0.0013894332487210215,-0.00043471075142125626,-2.9927866639901024e-05,7.198981103939732e-05,-0.0010150369485820293,0.00012418900664256651,0.0011602328755117906,1.693534658921646e-05,-0.0001431786179707181,-0.007272376029870562,-3.9910569351414744e-05,0.006228673719828191,-7.006544994285892e-05,-0.00022952597005958603,-1.415002119724458e-05,-0.008746437793204276,0.019814090848970782,0.012757209011254517,-0.004083869547157384,7.899811346362851e-05,0.0027655089812062307,-7.583078928088635e-05,0.00013068205585143821,0.000375480759152314,0.00011119559629226158,0.0006616156145779518,6.052597304109786e-05,-0.009647488643822661,0.0024836782936437994,-0.0047717246258314056,0.0010208089542968956,0.0010068428407863767,-0.011340756863965335,0.0011951161812559057,7.299337550206459e-05,-0.0008235004906104317,4.885835944460369e-05,5.8154774836582414e-05,-0.002496928115219052,4.581922661175389e-05,0.09948622436778753,0.0028395320614798495,0.0002450742374953737,0.011375853512943674,5.443654552418284e-06,1.6511820206773463e-05,0.0021784010518141744,-5.946378810864003e-05,3.3362365330702644e-05,0.0003910471109840563,-0.004457435048304856,-0.0020611010653257705,9.085195364027696e-05,-0.08945905088960143,-0.003913450998033363,0.000815629254199156,-1.9726228219836875e-05,-0.0010386625902779594,-6.501879726539348e-05,9.294041063922912e-05,-4.890883261620717e-05,3.717301673837798e-05,0.002065559989457378,0.00010733996987429939,-7.75127746757082e-05,0.0006444369351955859,4.507960355654099e-05,-7.872323462528974e-05,0.001748177354392682,0.00043992715162482603,0.00013416871181876067,-0.002395403067711677,-0.003127862561360481,-0.0030829690979724232,0.0014085202565517416,-0.0012439681280861212,0.004276745656007119,0.0005954466598584953,0.006840062234082307,0.00216794538801023,0.0011399273765309338,0.00019955254753483554,0.008129628540917939,0.0003281972272944818,4.292367574150035e-05,0.0005123315227357397,-9.374426577934812e-05,0.005069837206568335,0.0006016005391421551,-1.1156839342359517e-08,0.003776260660585479,-9.354764115554991e-05,2.1024041247642638e-05,-4.883399907243174e-05,-0.00016866297728514168,-7.844627871921699e-06,0.001910676031509853,0.006459082002362876,0.00019109081323398633,-0.0025410475861653153,1.0288960044174645e-05,-0.0005547976209772516,0.0009228082176443782,-0.00783027381945488,0.00015642374740135797,-1.4207604743286285e-05,-3.18407755084231e-05,-0.0006317187031408531,0.00034919512944518467,0.00013569113852458792,-1.998758036031044e-06,0.00015568897464617905,-7.034250358062125e-05,0.0010285664775561136,-0.01946946631363676,0.0007106593110874808,-3.105483841505058e-05,9.436466871179925e-05,8.616482844592223e-05,0.000985228173081889,-0.003957443330201536,0.0008253882264299399,-0.0030135416035465363,-0.00016160852238043463,0.001111205426665294,0.009850939388500443,0.00017574285158125647,0.00032051062159229714,-0.001902141836987753,0.0030117667189773732,-0.00030563488341895425,0.0016955481431260274,-0.02136224366184783,0.00011292286407761935,0.8990489796557363,0.0023228710729035927,-5.566282983107618e-05,-0.0002959298469821868,-0.000407409996693856,1.5491237017243578e-05,-0.00014068864484374755,0.0017113361147908304,-4.691865790840404e-05,0.00011611781553866069,-0.00019101994019357616,-1.2745895898394304e-05,0.0023313223246035804,0.012129763225550842,0.0006598466812021747,0.006407318422994334,0.001442857167647099,0.0028206111362911596,0.00015107802217049246,3.431049659004693e-05,-0.006575290617451702,8.657278002100681e-05,-0.0011462005328718747,-0.00033858335006246924,2.4286766176599695e-05,0.0011886125280836423,0.00041644432071112256,0.00020987736261517684,0.04310517729323472,-7.746189399260653e-05,0.0014316348705985516,0.00034104484044463824,6.225984311072734e-05,0.00018384315141666582,0.00011000906555055576,-0.005124055597843858,-0.0002757282049785138,-0.006993571566935945,-0.0034149041852851243,0.0012790513714924603,-0.00010477457484457924,-0.00022992287809221268,0.00030783062958315,0.0014457108343343059,0.00028640592794451506,4.527653230104538e-05,0.00016500119272030707,-2.8099585279539423e-06,0.0005412463521579456,-7.14885147219501e-05,-0.00047121184177692163,-0.003415489594677933,0.00014056800365966525,0.00014475536554001524,0.002674521186841918,-0.012018942384608551,-0.0007184990142010753,0.0011578391859147679,0.00017015231315994916,-0.0034465368418439106,0.00024935132152943164,0.0004593061584193519,-0.00012991823488905496,-0.004713070037989254,-0.00017718824377716512,-0.00017037333825960926,-2.7737594515364356e-05,0.003869251332961862,0.005370997710688222,0.0006547347089566379,0.007581344903731588,6.142064093766006e-05,-0.0014793885313947998,-0.003841327231999297,-0.002388240310856008,-0.0002630979678112242,6.248225963250876e-06,-0.0010401020236694826,0.004045903640014983,8.44680214757883e-05,-0.00011500222171383057,-1.3525970204449457e-05,0.0006167747522820219,0.005546314952211728,0.020946630944274153,-0.0003713173727965021,0.0008197586799773022,-0.005419662438703409,0.0011215460607305087,-0.0002753834024695032,9.942508991566757e-05,-1.0480949082083223e-05,0.00013378973495775963,-0.000249944011812535,-0.0002375307114651174,0.0005941445516960357,0.09154494878706668,-0.015778913581467227,0.00022370663286003798,0.0010516576558427327,5.138611887121024e-05,-0.002473490496015765,0.00020856432212811027,-0.00011723192054927112,7.310599326923109e-05,0.00016319222437538225
27,3.723589885104103e-05,-0.015784172126712744,0.32491105547517596,0.010217165971442517,0.005098975787882935,0.0009346530308681593,0.000450692795321575,0.0029798286546036667,0.00025342143477109086,-0.011587754316911942,-0.04413024096618562,0.0033448980661706686,7.831751613583248e-05,0.001194251493923399,0.08253903246024576,0.00023895589530332183,0.00023002569661988506,0.002756201520462298,-8.453888210434302e-05,-4.725844198832929e-05,0.00012052980185649318,0.06011407249176497,-0.003985932835581501,0.004823624591992804,-0.00019040926418890589,0.0015367685447764852,1.304886783024331e-05,0.0002937532431236782,-0.0005890400708815184,0.0013030363140248205,0.0015071069536740506,-0.0009557995017290509,-0.11844670898185852,0.00020167670445045936,-0.028121882043893258,0.013146765741007644,0.02787117606087966,0.0013688270691971463,-0.003101415117011836,0.0002405211825094347,0.0002906316597429358,0.02377648842962979,0.0019966236272259998,-0.00021459312571783015,0.03504725429355411,0.0010129400970551286,0.010815304744242075,0.0002576510866597048,0.0017273302844565215,0.005751637515037248,0.005659467015723452,0.0001542118917607924,0.0037864057340268225,0.005813696359462091,0.04623943038240669,0.0002782393434482685,-3.96837324533085e-05,-5.290893565508938e-05,-0.00016468521675287517,-0.04347551780632489,0.0010145153839078338,0.0003796937369971819,0.0012127097544135273,0.00032908963664983107,-0.0348272564951882,0.0009622577916348282,0.0010815087388492354,-0.0002298448103977753,-0.00043070798144540087,-0.15448085895138408,0.00042211170731692137,0.027903192820067008,0.0003972099709431066,9.576741409998615e-05,-0.00022580383660155204,-0.005304599801557008,0.6202872529929424,0.09828262747741093,-0.02064695490549214,-5.897140804791631e-05,-0.00014011567237719966,7.952573668522367e-05,-0.000401013473788946,0.005781621809337613,0.0001134503246552987,0.015816354400914775,0.0006224884967871019,0.008438105261085028,0.008311550555894907,-0.020195201910134596,0.011247511469645593,0.0008612679961044717,-0.16680045861642295,0.007364944698538424,0.00012379193805805164,0.00030854825778839183,0.00010355216500640053,0.003618090757016427,-0.04008746963905862,-0.0006558800742957173,-0.007224292731175232,0.025298119599852176,0.007408980662050198,0.04265919060195745,-2.7341684486981155e-05,0.0006398224803097377,0.006586554323290087,0.0007531184399227498,0.004516829521555042,0.0011134562313020798,-0.036476251672513504,0.0010735953588581542,0.0004883661609713548,-0.08343024268459305,-0.008185176556337992,0.002207968146249581,-0.00029444881336820753,6.616877221134448e-05,-5.936944137117234e-06,2.9605120190929948e-05,-0.006481038552140971,0.000905383012355084,0.01405074463434067,-2.64595835249618e-05,0.0004802109239386344,-0.0006734667185980562,0.000309378698647892,6.309648701644438e-05,-0.0014295349150444392,0.0030422120487051917,0.0007143413437948859,0.0008351986127001956,0.0033170681772969573,0.0018927021762498051,0.0018582903691815545,-0.006625469366369808,0.04449359748186154,0.0016578524984186618,0.00018123562797640067,0.03577333523746287,0.033573879926608444,-3.7583526188197935e-05,-0.00015522860245144484,8.145074008047862e-05,0.0004003319781859659,0.003072799247705901,0.0012135363673219564,0.01285836839790452,0.0014130736386529837,0.00010740843633553717,0.016017189483055295,-0.0002426313709513973,5.736463072217269e-05,-0.00013986022080242458,0.0002908232585879019,6.496460592258488e-05,0.0043797611537407,0.0007908700298688231,0.001226410084224094,0.11371293727907707,0.000518082336087891,0.003614804532217847,0.00020437996223354634,0.006548678136349052,0.016543415430221232,0.0012486226894011742,-4.239706801345154e-05,0.007608276063316016,0.0020974791497039152,0.0032750307864942655,0.00012377506236328426,0.003092510565717391,0.00013169070081032,0.014866126454440347,0.018736581686179036,0.0002960015056789048,0.0005071769156730127,0.004252289384326936,0.0065986741264646084,0.001538182379050495,-0.01234343719169588,0.006216447760261977,0.0009378115198653515,0.0012251855146947436,0.008602940821185259,0.04700082909164761,6.948624866700073e-05,0.0037698473139349707,-0.08451569299676945,0.01889250325753545,0.0001881523463823035,0.002631464133872003,-0.01014468327898324,0.005297867719376292,-0.09162601942580248,0.028761830081752364,0.00032821441269112277,-0.00019739942664096465,-0.00823392866761783,0.0015923966082838138,0.00028443629096289863,0.021310580101477586,6.934352111716995e-05,3.1698855654453684e-05,0.00012559744612624605,0.0027532743772147703,0.012269639918126563,0.2888383371811105,0.0020661819669072334,-0.00043658333902311605,0.0023614940571941388,0.474466236385535,0.001226519946386556,0.0021339244350750478,-0.022835973101034614,8.089073208223696e-05,0.00642584445033177,-0.00010351903553583452,-7.191890842133536e-05,0.025394812840497608,0.0006865711757402522,0.0024922884217095033,-0.005890628797935584,0.0001226931456914642,0.002147125782511911,0.0009823951711968946,4.01401797064944e-05,0.0006678562960780995,9.272153115879298e-06,0.0037592675007009834,7.655253952836244e-05,0.0038626425653744004,0.0028309836127270007,0.006268864957262258,2.1395521107214245e-05,0.0006026026812016375,0.0011626313367720464,0.029240537540836244,0.001030277341984311,-0.01504564587852653,0.0004625730032939996,-5.316745280281414e-05,0.0012987105968730883,5.390032325811977e-05,-0.011507875215905745,0.0003032175439989692,-2.034320982026992e-06,0.0006798728540017653,0.0003682943201526875,-0.09305539378877799,-0.0030687820572816646,0.0013399139338697756,0.00039969104298935576,0.0034529696556591686,0.01681314792220592,0.00021155427238421618,0.005079287305220954,0.0007843124859027947,0.0010098976242672707,0.0004878567746927423,-3.4601776351315255e-05,0.004553390120553172,0.061403925906596046,0.005267170211199825,-0.0006047272035049195,0.00045404661433014876,-0.00021140804938652976,0.0029712370036823164,0.024149814685150883,0.00046211391609521845,-4.626020378813288e-05,0.00031535539465763954,0.003233597204881606,-7.376306065327918e-05,0.0006267042526497835,8.290672970941648e-05,0.0014538176566825933,0.038260638636056846,-0.001160117393796259,0.0004417670696162928,0.00858123077701494,-0.009804506997404972,0.0004513208753579254,0.0005733793044126797,0.0007583686854487635,-7.131135671628781e-05,0.0001536154732734267,-0.0025307702097002952,0.0004360789393677484,0.00760594882991045,-0.008133815563850148,-0.17814649716247632,0.0026013506895467796,0.007548106220803441,0.0003921023257518444,0.011966364743373214,0.004802529682837599,-5.51926259602549e-07,0.00010705454696018405,-0.00010771868195857102
28,0.00011429535449316043,0.0067749484480309555,0.10743413928490408,-0.005605622266482944,-0.0014725184802569513,-1.2959716302746171e-06,-0.0005675948561573788,-0.003270239510888895,6.43802976197233e-05,0.010379429165411614,-0.058215852865327655,-0.00031036232476643055,1.7440133972577467e-05,-0.00017613117485341945,-0.06399938586585105,0.00035345094721592543,-0.0002588684193724905,-0.002000731708254627,0.00034123944739127,-2.6518496745051023e-05,-0.0005295984806233294,0.07465947675129,-9.419184158058385e-05,0.0016571951353849812,-5.706989900629289e-05,-0.0009285985019755888,-2.8253083308130145e-05,2.0361090641157764e-06,0.0001485550838636468,0.00015302449491882628,-0.0005976191519137253,0.0031690689375523592,0.11265243676728011,0.00016960127971561885,-0.031822068220087193,-0.0034889964703288985,0.003998968529347582,0.0008640647790960129,0.004112613618517891,-0.00048674374672369046,4.6389365330862546e-05,-0.007018928284787021,0.001194205720369851,7.101123902970895e-05,-0.02908470164779434,-0.00045987679674151186,-0.007998673211346322,0.00027526300206452865,0.0004678139937122996,-0.0010158826744060677,-0.0025531379698645537,-6.130498974419869e-05,8.592464050883458e-05,-0.0038934635325927475,0.05285337367433226,-2.3507729119677046e-05,-6.240648284375205e-06,1.6706635951062223e-06,-0.00022110292286972458,-0.012234593605010693,-0.0002204154449495909,-0.00016507161223027573,-0.0005124019956434735,-0.0004224610206223847,0.03206468914883599,-0.0005679746898630453,0.0005552571502073795,-0.00023000380258259663,0.0006874664916349299,0.12051382846527241,0.00014987698106468713,-0.00020728956950201265,1.599497640769154e-05,3.673304531794574e-05,0.00023900756773732532,-0.0066560394620297295,-0.5854755232230858,0.08997332390157453,-0.014105808434140653,0.00019496722785181412,-6.53629824883458e-05,0.00012098332939109759,0.00018370493726077922,-0.0048614856172243745,-0.0001957408741878985,-0.0074696694130027205,0.00018979801232140402,-0.00020261575653199304,0.01910366680691878,-0.02013063771341021,0.005517760954641982,0.0011558824594737698,0.11437357191111486,-0.004465311823668872,0.00015782118879069558,0.00047635366369366827,8.102738701873543e-05,0.0015881500755674915,0.03962911394254746,0.0008790049148637443,-0.002801414818917953,-0.01877315371720261,-0.002096035214512171,-0.009298901205713025,0.00014931631029255557,0.0007615379873880416,-0.002665905905079981,0.0005172956355172986,-0.0015346805817037829,-0.0007120116222861426,-0.042080241251348835,0.0034845569783098253,2.7871925658132235e-05,-0.030947205994849108,-0.001188442474851087,-2.9352792127342302e-06,-2.7600060161311933e-05,-5.779140132795369e-06,0.00012265551386165434,0.0002361630966059697,0.006528994827013747,0.0003087417261536862,-0.0008777673552495628,2.4256350040534596e-05,9.30676312757596e-05,0.0022931090323007044,0.00030298157660327805,1.9554566588503622e-05,0.0025164618865326175,-0.0013546984560014125,-0.0005456443828766675,-0.00019918351513993453,-0.0010878611351624254,-0.00024994880316314347,0.00039380588776893963,0.004426874850582402,0.04373311191720092,-2.919495867884092e-05,-0.0015493974694157679,-0.03036780367115022,-0.006090812482302178,0.00035277689323706674,0.00026515858207276947,4.493721492744042e-05,-0.00011204660551403581,0.0016902937157517329,0.0006581692213532236,0.01675579588505562,-0.00021484734597713973,-0.00025851303790182115,0.023825789293761696,0.00020362419490236585,3.0815897585261985e-05,-2.9775640429437894e-05,0.0014459515683400803,3.071086391893073e-05,0.0017656848727092382,-0.00018464264564668526,-0.0002865674388856669,0.21441572305409443,8.768746528901687e-05,0.0063121339497598265,-9.146789602533512e-05,-0.0003319547907617085,-0.010076781510645061,0.0006023574855240216,0.0004563257456722484,-0.007244354955275852,-3.711641304923654e-05,-0.0017995494393572326,9.04357262871483e-05,0.0001823629940393076,0.0006586310140254268,-0.011651516117482026,-0.00207911360367527,0.0003193390479445719,0.00046264659277624057,0.0020225954094854714,-0.002918136462317036,0.000617701968857131,-0.010555180232693662,-0.0027326592578813995,-0.0010090901930684577,-0.0003271987700674602,-0.006775445626398794,-0.028848196572367264,4.601996247420408e-06,-0.0017763547669989142,0.07010626453053871,-0.011428533960332504,-5.1467262926100515e-05,0.00035974714733891374,0.00029170694262032823,0.00445496196471119,-0.014087192786874425,-0.021839546183943417,7.726889870175783e-06,-0.00015138575878982375,0.005955110656747385,-0.0013009037966688125,-0.0003252506726151138,-0.01406981571307189,-5.0609156347711215e-05,-0.00024790836315400147,-0.00016909890406294258,-0.0017356110090728663,-0.00028433604711752825,-0.07504157484623339,-0.0018727174973259706,0.0003365482963543006,0.00015611398832941965,0.6703867335724514,-0.00036891975493974884,-0.0022171450812498435,0.000497912003966268,0.0002047663416612349,-0.00338344691491728,-0.00028065195543861346,7.85156179303817e-05,-0.013895750658944954,-7.659773128148011e-06,-0.0009669070492359872,0.0004951867021071499,0.0003522476811175408,0.003078111051938251,0.0007357192962648843,-9.423322633439219e-06,-0.0006458080161966384,0.00012468357138559595,0.00014184023128046425,0.00028423536203806563,-0.0004947673325768169,0.00011769527017039053,-0.002034419333844028,-6.175653192331664e-05,8.109340191274697e-05,-1.954471130856015e-05,-0.01866916992272883,-0.0009286428972747781,0.012959805649709728,-0.00020424177494764682,5.087120957140501e-05,-0.00010515977642295941,-0.00021161301195318105,-0.01708572218824063,-0.00029190832276678423,0.0009855831285985666,3.7595818211577994e-05,-9.634182688036562e-05,-0.10552245535939098,-0.004155930549032884,-0.0016186509502365064,-0.0003796147298300921,-0.0005711464403665434,-0.009121825746761285,-0.0009351922632692918,-0.0021211713561208167,9.037576246824887e-05,-0.0007504953029640342,-0.0003739969231493223,-4.853096871160721e-05,-0.0032629911332746142,0.07905805181527627,-0.0018003847697221531,-4.368221146576565e-06,-0.00033449554017893666,-0.00025502780159006875,-0.012372140335399018,0.013343216031198228,-0.0002711037413948691,9.217899994121133e-05,4.707557740373327e-05,-0.0012686112023538873,1.619699690504604e-06,-2.4300784609565355e-05,7.725836809346486e-05,-0.001116917735637183,0.04538491605307194,0.0005656923722245331,0.00032477361665476413,-0.003871400410372941,-0.006122344710719783,-0.00018895184616532458,0.0001754241395352696,-0.0001122080133233545,-0.00014355913811442455,-0.00020678059550143565,0.0026228881140521534,-0.0004350631253568632,-0.005756668084511741,-0.00015678007189056818,-0.19581183953371922,-0.0008680807705593423,-0.002345924809987832,-0.0001755952228207258,0.022788807367519738,-0.0007292201288164228,3.8428350793157616e-05,0.00016776828851594204,-0.00011658657848793094
29,-0.00011495143560305072,0.0037167646384452073,0.86235160230438,-0.001062579628326031,0.014761908122421008,-6.911166083180265e-06,0.00040620957220832005,0.0010541764343706822,-0.0002193997294563585,0.0027371387534061943,0.015167698859254675,0.010225735485001358,4.778201189976515e-05,0.00010729570250597731,-0.019092764079495783,-0.00014656402731142576,-0.00018642521071007834,0.0037470756647513676,-0.00017529443879855944,0.00010748365405729987,0.0010264046582020205,-0.013074882088286846,-0.008602210209469063,-0.00016615782376433463,-0.00020602321422238945,0.0003962926640831352,9.687144306985696e-05,-0.00018780728699857585,0.00015305854143331937,-0.000774828762177774,-7.924749057909575e-05,-0.0003990218501718299,0.03756591768474699,0.0002874631298485507,-0.006710708416093239,0.005778186607758539,0.052065545706126794,-0.0012517155594370345,0.0009740602064115533,-0.0003565015596588585,-0.00011218165473518816,0.01822083088717,0.0021680328421586443,0.0005120913337566882,-0.009714288790794584,-0.0003981988377945657,-0.0011181111946232739,-7.701624629014026e-08,5.23066772381434e-05,-0.0012402121830604879,0.0014790048276929132,-0.00045269922106107394,0.009591243402430893,0.00016315539409254148,-0.03299915220595948,-0.00013908162707510201,-1.2529611526486406e-05,0.00010675931427774791,-0.00020457779883338692,-0.04901447037806583,0.0019657189499054754,0.00041252621787553654,0.0002108135470924985,9.163765265642499e-05,0.005203025740867839,-3.314812450303157e-05,0.0002452567817018095,-4.557116725357259e-05,1.4716294945966155e-05,0.03985139292286213,-0.00017396588468743658,0.009353922464664212,-5.081056311916825e-05,0.00019947533863285782,0.00015122411172278005,-0.004821935777381603,-0.21229689933204116,0.05207144465684606,0.0134713591090539,6.161949194777305e-05,-0.0005929554141080055,0.0007146088587202488,0.00019747963227053147,-0.0018294942157652402,0.0004385384110599561,-0.0020203374170668503,-4.2518911141598004e-05,0.022191273600426692,-0.019063937997771202,-0.01218724376876916,-0.005192652005843476,-0.0008919128070679358,0.05789780003443115,0.0014393567108253388,-3.479315896743586e-05,0.0002955059599937456,-0.0009511292701337359,-0.00011561077527007767,0.01172907599017066,-4.078056543224085e-05,-0.02465148379726325,-0.004124340526861683,0.0005800555697226073,0.02249447825705017,0.00020651567103536356,-0.00042325007075286495,-0.0014768055583430579,-0.0001626393927419284,-0.0005889749764180371,-3.338612671368777e-05,0.023388149177871378,-0.002286585148275619,-0.00014647413142829593,-0.10609279820300341,-0.013047250450777537,0.004501654707832901,0.0006915531352986314,-0.00011173654370918475,-6.7933379503599175e-06,-0.0005322494707013633,0.0011778091077690091,0.00027406460856493854,0.011067052398873735,-0.00011111197001578959,0.00015976662115964628,-0.00022072492864120673,0.00034449361228924597,-6.089098732574375e-05,-0.0029524319369274646,-0.0009016956574998082,-0.00010601693951618914,0.0031653114956782646,0.010249059857498466,0.00485503672227091,-0.0013672736965100805,0.0029844867923662904,0.01000915055397042,-0.0006992432814377468,-0.0007759371660329695,-0.011016954425966147,0.005846756313049782,0.00020904193893202597,-0.0005890918428311661,-0.00013471889741101237,-6.633643430387494e-05,0.0012769685826574287,-4.1266140215407354e-05,-0.0046339692817608125,0.0003337023222492882,4.5705826538542955e-05,-0.01444830712564521,3.090925848015045e-05,5.3199481214886817e-05,5.4716147832811974e-05,9.310547619303684e-05,-3.126336956854733e-05,0.010219062652688777,-0.00424749776078789,0.00029327587126367575,-0.27652028660902706,-0.00039594190086403736,-0.005396826660546743,-0.00017550971993894862,0.017373642417882015,-0.00041098981045665063,0.0007072326661694878,-5.48371332861096e-05,-0.00015705536148663893,-0.00013868801786663058,-0.0002306351753157375,-2.8408690586016055e-05,4.4212215092211474e-05,-0.0003653068423125766,-0.004700890282125218,0.052919783353591654,-8.802858904912841e-05,-0.0009545986153556795,-0.001217334397821381,-0.0018851949668766649,0.0008036461373874292,-0.014861345281088512,0.002799216134895411,0.0004012471193796951,0.00011739519756406597,-0.0008329795144563293,0.010935472018079838,-5.8690968663517584e-05,-0.0009103676471734073,0.023965116019984863,0.03811017327572194,-0.00015865664628675856,0.004335839979095168,-0.01709910202065127,0.0010698002975895876,-0.14166591389154531,-0.006229148567583498,-0.00010940985239875088,-0.00041144558387132247,0.0014996446148719022,-0.0001617298325752017,0.00019896105497551643,-0.00040428540762893136,-4.3303505603474414e-05,-5.2157560226764876e-05,0.00025906036568178995,-0.0008327643350001651,0.0026369180536297727,0.024816067308376745,-0.0006369119904500965,6.431697980393202e-05,-0.0005629620816702638,-0.2394682106835308,0.0012865371616363071,-0.0010243071800874692,-0.001132147727748372,-7.419447764360438e-05,-0.000674508039570797,0.0007648675960315343,4.826313884109118e-05,0.0005235386941981947,0.0014487698203938183,-0.000645012925729787,-0.013922549934769584,8.315723637627385e-05,-0.0014442501297945967,-0.00044652226416359473,0.00021962033138299658,8.343925318712582e-05,3.719994607458458e-05,0.010119518340533325,-0.00045329645524664366,0.011684998383272575,0.005355613472857158,0.0006427720591758168,-0.00015013502703001193,-1.0749103328829002e-05,-9.330559670946191e-06,-0.0014954262796234015,-0.00021944881789283648,0.00322447949840822,-7.85773178588996e-05,2.208405828254905e-05,0.00012351275971739923,0.0008975497928264317,0.003704268925268289,0.00017135263346588846,-0.0005481256358747663,0.00013853634476859614,0.0013101388031329904,0.0778287335277339,-0.0023297649362381684,-0.01175579649351751,2.2635331987510957e-05,0.010606664834615774,-0.0008451254062506915,-0.0005580796684352086,-0.0011326809295304362,0.0009678670163246537,-0.0002249316908561217,-0.00012338464972144053,-0.00012748339566902994,-0.0025731304747398306,-0.020482688505638464,-2.0249534461998057e-05,-0.0014743754080964139,0.0003729644490159449,-6.756845673207452e-05,-0.0028766705362433184,0.00011239246860209051,0.0013092254951527042,-0.00010266234362895334,0.0007357149209346659,-0.0008660647143064679,0.00015197715143430333,-0.00019081127466595484,0.00015424282345073963,-0.00017850683118528742,-0.014179159939125469,-0.004900205501460914,-0.0003494158665891824,-0.0004377972383315977,-0.006555284979400257,-0.00021698585565879582,0.001275664610052618,-0.0002662256302058731,-5.745345279699614e-05,4.364214828744351e-05,0.0008877094883237501,-7.491800755148915e-05,-0.002152433271609469,-0.016758523832817767,0.04071115725016308,-0.0004177322553436222,-0.0006560840262240112,-5.368692509912865e-05,-0.09382423711715185,0.0006067110514037174,-9.572697355600244e-05,-2.3655645497791533e-06,-0.000278664423040583
30,0.00029764965683332214,-0.005498854265424624,-0.05860540113264401,0.0010274394631156758,0.22251716933655089,7.611930874849154e-05,0.0002355296850259786,-0.00012708831691282674,3.0329600419154445e-05,0.0001228967162399501,-0.0022169630073662905,0.12363563833659061,1.3249895748951475e-05,-5.852205923120857e-05,0.00017731615761676367,0.0003314716505837881,3.759393731606053e-05,0.002814581751707318,5.310598569496783e-05,4.1215278663853105e-06,0.00036335537390030925,0.0018512386046615203,0.0020102048792593127,0.0013799105345291135,6.938455723418113e-05,0.00016172656387294926,-2.8519354001083075e-05,1.6829478735831682e-05,-1.9520399461750437e-05,0.0002117577890653477,0.0002463817094818105,0.0017527757748424938,0.005447400513847511,6.988280753145431e-06,0.0007678847556205509,-0.0002377203503672919,-0.052815520690246254,0.00012887437199462446,-0.0015247187348730509,0.00011167883458150534,0.00011880404408949976,0.0029560994580922,-0.00030446293513255996,4.231765844564788e-05,-0.0005102005504991382,0.00013208762469183745,0.0008210589966190446,-0.00020087154205002556,0.0010804192598970622,0.0010597349618638855,0.001281384341710566,0.0003883125841914539,0.14559985767630795,0.00044511791568171326,0.005087265610442121,-3.771950570484808e-05,-7.40145348209105e-06,0.00024219720758500898,0.00031897122470664845,-0.0006381657239131686,0.03056285279321162,9.419316038265088e-05,0.0001344439529686963,0.0001234111089745057,-0.0016436366869668206,7.335941306579744e-05,0.00031596101059776856,7.495044965304722e-05,5.068796217368312e-05,0.002934297959160455,0.00024522867462141375,0.002040879892956116,-3.269060057671877e-05,0.0014142856155735476,0.00016124250510696062,-0.00017306058268058006,-0.03291190656496959,-0.004852432696789179,-0.006100349032115433,3.624760546474962e-05,3.973657011573637e-05,0.00013704405576116154,-8.293443218691625e-05,0.0001736343146180169,0.004064048939037772,0.0003307602450628253,0.00011648389607983936,0.31470775501845494,0.002524299839804481,0.0006007520872555322,-0.00024308909509629427,0.0009179054834508337,-0.007122438430237542,0.00029805642467180867,-6.888443852530826e-06,0.001836383349804613,0.003562410397168629,0.000963914057878777,0.0010911113749037665,0.00012554008286218426,0.0063332908414276915,-0.00024094577567925738,0.001553685483223907,0.0033563223917454157,-7.188654035492938e-05,8.122474982151333e-05,0.002005620048220171,7.09853088165153e-05,0.0009899250367867104,0.00040248793836732827,-0.004839522837368743,0.000349623850353584,-1.6166379551847167e-05,-0.0007184055196062245,0.0002725516900323327,-0.0002540778019814293,-0.0005248372080989458,0.0016588825808272816,-1.7227029643920432e-05,0.00013324386665560417,1.7949597173145962e-05,-5.016792399106882e-06,-0.00044670941545505707,1.802145038218834e-05,3.945003897284265e-05,0.0011353020361343164,0.001146961298404013,0.00020316561609723632,-0.00036191451151960236,5.08495507029875e-05,5.777465013344016e-05,0.04046915902912318,0.14925336496422784,0.07036376930523917,0.0013181921912335066,-3.3092590590586175e-05,-0.0012497657914554566,4.846879019970588e-05,0.003223661424025387,-0.0017172934083789044,0.00715566358010465,6.265754051852255e-05,0.0008151262415072481,3.9726668579310504e-05,4.85600157152427e-05,0.0005238924147885425,-4.867449646344898e-05,4.1863666278720187e-05,2.0260041305735768e-05,5.68709938508729e-05,0.0029143413573201812,5.042409068891198e-05,7.280741654301691e-06,-3.17057939146817e-05,0.0005941617370382696,1.5988606143055314e-05,-0.0007947307996115961,-0.0006760668614445606,4.7597299652889224e-05,0.08114997812816578,0.0009268418757362146,0.0009332288579135919,8.677338245328491e-05,0.2545108215306301,-0.0002265514357926643,-3.284202524577828e-05,4.9723309372034716e-05,-0.00033598166711051956,0.0003341651820577534,0.0003550096525706803,4.331139072373622e-06,0.0034908630549200332,4.494600113829952e-05,-0.0003599671516663051,0.7882471784861522,5.3326311369663774e-05,0.0002100494719874523,0.0013962625509542329,0.0006652384683396002,0.00014377287371244128,0.000874566675875761,0.0004968661096296794,0.001893613191632506,0.00023864763717902637,0.0003676101583432595,0.0038842792091053173,-3.643253415010813e-05,0.000581683537843964,-0.0006511632862411382,0.0004825005060810038,-1.9299582650142942e-05,2.8278942626533757e-05,0.0003173658642856951,0.0002668620766905496,0.01967849056720053,0.0033946024400829493,-6.0882203750823455e-06,-4.3259606373343735e-05,0.00016180588888877346,-0.0001522901025867468,-3.626792201210684e-05,-0.00027189063265762713,0.0002565771993278344,4.1110396172364463e-05,0.0002545591680943876,-6.905980750434725e-05,0.004382210437001023,0.0789060566829067,0.00014306693340974648,0.0010048734037472302,0.000669664077936082,-0.04116074160631106,-0.00014065186103304802,0.00037778202970110996,-0.0037562581448665425,0.0001404452656798413,-0.0002820441048617434,0.011266273823576763,1.854155066854414e-05,-0.0019680684484310006,0.0005223362312957464,0.000440059464301041,-0.00513894367964554,-5.776717843900166e-05,0.0021392666948672713,-2.0152193245517657e-05,-1.363248370195747e-05,0.00011135107214732267,0.0011291738260947486,0.1354640431861376,5.2328627241000734e-05,0.16215194455895787,0.07939380621953065,0.0021452794961899233,2.3673499717053424e-06,0.0002068085842680273,9.063843879429797e-05,-0.00047760691146963175,-4.678209537002302e-05,0.00036226086738285276,0.0004388247212308962,9.019123014553597e-06,0.00012053901060269647,0.00010040088066769909,0.0015709377485465248,0.0005344014308705845,0.00016851030923194314,0.00017614430474878788,0.01674750294530376,-0.024623746979403047,-6.934456230759181e-05,0.006158513738339885,-0.00011295588163867608,0.14782881021936758,0.0010850808225081245,0.0003030651095088032,0.0002575403954507233,0.005957031741772322,3.796733414050896e-05,3.553604698561773e-05,3.231304708623678e-05,0.00023112485928600398,0.006211771633306246,0.0008410386322394056,0.0003719822184694619,4.549890102388733e-05,0.006688860747532026,-0.0010745275384727304,0.0034757862418219494,0.017530767915375146,-8.455065430120373e-06,0.006283222392788315,0.0010378060392845568,-2.4788772894422596e-05,2.905346839113536e-05,8.878166220785801e-05,0.0005164237029818847,-0.0003809869472984895,0.0003731570760013806,2.3135711177120315e-05,0.0011839381753531416,0.0008169491598230593,0.00028943621370250427,0.017366136594275744,9.501712467153338e-05,0.00021843523218624658,2.7802633578711796e-05,-0.0001165354004048387,0.0001548574133917041,-0.00010270980761020385,-0.0038447487996426076,-0.009637085955132282,-0.00018194547514649006,0.001510704077190934,0.00010264462689462848,0.03873845517117082,0.0013552697098547922,3.0983945235853834e-05,8.413305709088238e-05,0.0001080065388002477
31,-0.00018131719104677563,-0.037938125576626715,0.010340385512357608,0.003784778171222025,-0.02985425751138819,0.0010588305988882551,0.0009725607113415038,-0.0009396090776013083,0.00018150284020578,0.0022004878933162145,-0.0072777442438380635,-0.015567543848349269,4.8018259377596156e-05,6.13303687177491e-05,0.0014765994595565268,0.0016965304153846719,1.9442850167333825e-05,0.006399092449346139,0.0008260113182762957,4.414817263834192e-05,0.001317398603636749,-0.0076233247777041935,0.0059157849315770936,0.0014675140460545522,0.00024155686926445596,0.0007035122875933431,-0.00012109753431938097,4.354327664921054e-05,-2.787477578712616e-05,0.0005714063953914245,0.0010821646346230807,0.0054446438706182015,0.04650747949209682,0.00027880516789190657,0.0081878869629186,0.0037742875475243066,0.0044456526264590665,0.00045311206273210996,-0.004997132923086277,0.00032158049625116204,0.0005296373407033123,0.03202657998905565,-0.0002988837918602334,0.00020579258190689832,-0.0031334098923013406,0.0007019945633374724,0.00480827239224829,0.00020650426282670066,0.003996392358899761,0.006901015990800967,0.004543997490010828,-0.0008611644858711748,-0.018338293670900726,0.003490036401090699,-0.00820560403631707,0.0005308260438563767,-7.212296255036318e-05,-1.8727648174832044e-05,0.0005027434433027317,-0.028866308715006447,-0.004062728315044601,0.00026486979464027333,0.00019669100273413364,0.0004063956115032862,-0.010733111151334872,1.844959658422107e-05,0.0031745404434947258,-0.00017912340785790522,0.0003332946160194008,0.028231007716229554,0.00039525094304772995,0.03200124263184468,-0.00010760262506213166,0.0008969627824432184,0.0003565661608714689,-0.001486210349644558,-0.23800337018214615,-0.02358610756042114,-0.0437795800123249,0.0002597653396619543,-0.00012700829013970172,0.0004651556868065926,-0.000316554182419132,0.000488317437228682,-0.00043567286674282184,0.002635317815108562,0.00030462746432109895,-0.04150142936664687,0.00495601709960059,0.0004695804167458434,-0.0019278347086186865,0.006474873073427617,-0.04071190146088543,0.0016904578715464316,-9.00290892380637e-05,0.0012497486068300764,0.00015099431313623786,0.004661965543650651,0.011786910930449437,0.0005110918168681906,0.0057520500096457875,0.004760605053807206,0.013412773630314338,0.0472424140541272,4.244462759103902e-05,0.0004126451428180661,0.008753364468981993,-0.0007385469351585167,0.0038106909198808896,0.0003536526834229462,-0.016460712855711403,-0.00021036862135265146,-1.2595857060501356e-05,-0.050901351494716335,-0.004049660415690118,0.0011153844756434193,-4.497536571379843e-05,0.0001738649940833223,-0.00021940371777928996,5.1927762503259866e-05,0.001058885056774434,0.0003143015164871144,0.0018560452655012427,5.9339486854390836e-05,0.0004804710368685374,0.0048735129880217425,0.00010188667443316647,0.00011014236048659098,-0.003136483631867039,-0.0003935282853490705,-0.00013284586186268748,-0.005120113255914571,-0.019491710034339478,-0.009133852999701274,0.0008973015079126556,0.00021953929515115215,-0.009242389221775163,0.0007635895613454374,0.00013773982447667064,-0.006970461430596868,0.055976098228420645,0.0002432776536391481,-3.218443944367176e-05,2.5380200928679074e-05,0.0005312921034973522,0.0038329143392295964,-0.00035212319304279554,-0.0018950536138600577,0.0008822149973741911,8.460859941811314e-05,0.006908680223526587,0.00013440643063241092,9.359956342340557e-05,-0.0002471362657670527,0.002377594251430245,2.579802744254532e-05,0.00022514535629070825,-0.00012435261685652484,0.0009363634710343371,0.4280479007419527,-0.000428295765050068,0.003975395184254117,5.488706871411951e-05,-0.03092085211357193,0.003285095550199013,0.0008352902097785993,0.00028986598496781677,0.0025855664180155337,0.0007152681659235542,0.000571849371610813,5.336734485691247e-05,0.0014203251723823463,0.0004897255478735644,-0.0024198307396025584,-0.10388631321689021,-2.0062168134205613e-05,0.0005433533701335272,0.003789334085234188,0.0017497632667018998,0.0009894664141305136,0.004201058834027108,0.005838318174402373,-1.59650629479504e-05,0.0008761605019280995,-7.283362108527415e-05,0.037314496523034424,-0.00029892839508870606,0.002730989568223291,0.019382260768466567,0.03769148021519004,-0.00027322618730288555,0.0017924685450694709,-0.008192933278350687,0.0005566907844876019,-0.016591213649476563,-0.0065011507049833606,0.00024316889152891665,8.61972132022603e-05,0.0015946122406142785,-0.0003197236181002621,7.394462151728495e-05,-0.000789153222933504,-0.0002867987999334577,-0.00040205451753477957,7.220169578593238e-05,-0.0008336333155600215,0.025185942326228127,0.7406645157042996,0.0018448245827498823,0.00036952280468546844,0.0031927180191196987,-0.29247914165695865,0.0006919404988236423,0.001272544831225442,-0.03693219701994829,0.00026540325280426905,0.0030359980015976307,-0.0014143841668433068,0.00023956071899338977,-0.0075575108283653485,-8.632061694645917e-05,0.0008191018974506347,0.000312114352832358,0.0002965399134413863,0.0037154222050895707,6.33865604893874e-05,-3.899514353428472e-05,0.0007026292420808652,-0.0002526577043194599,-0.01766307593502603,-0.00016782750821992746,-0.021167784371965162,-0.010215214491370445,0.011666555599402351,8.299289619019372e-05,0.0012764630982764092,0.0007662735541089029,0.0019117052089986878,-0.0002724265442136368,0.0020707121639637746,0.0004795348012988157,7.614201045302686e-05,0.0011386768264993459,0.0002085585136826192,0.006123015070401005,-0.000675158373511733,0.0006485219259387136,0.00048471089247433094,-0.0024351756875706384,-0.13939578993652746,0.00225354967893468,0.032741074437715526,-0.0007078998160581501,-0.01971564012328484,0.008706319443327554,0.002420167735925948,0.0027760875763735995,0.0010723931049104521,-0.0003098248708607506,-0.00047307909897634573,0.0001918485755182716,0.00015200917592667843,-0.025662368252611506,0.003602609152843027,0.0005642322721838275,0.0005039170220587428,-0.0015547214324976807,-0.00431742573330744,0.022713685312778748,-0.0020595161066544977,8.54158200272877e-05,-0.0008934794034390636,0.0035047340091141515,-0.00012937500940118462,0.00034549446411614917,1.136365753116788e-05,0.0009815758841903869,-0.001864192751110428,0.003230813203525883,0.00012807842018411862,0.003741415506925279,0.002250218840074847,0.0008200440376813767,-0.0017897567092405482,0.0007700381518038041,0.00010207959831662051,4.742414795144397e-05,0.00010110385711070984,0.00032462481155044395,-0.0002499158859020148,-0.0007866335119156784,0.011522582573552648,0.0007845085605565124,0.012737872286804165,0.00034656901919096796,0.24464943598544858,0.002037321929348832,4.19953360354117e-05,0.0002585815230326449,0.0006819457553508473
32,-1.7217579175237187e-05,-0.0101902784009221,0.24525767576150292,0.0010256669228979288,-0.0033537702824455746,-0.0007785512578280499,-0.0005141120534817977,0.0013092068688640999,0.00015928254054299422,-0.0010987970469760716,-0.006724384768972453,-0.0030880897382242825,-2.571670550997906e-05,-0.0010964359618620724,-0.0004779641813165616,-0.0003643836646118867,-0.00013674851456825336,0.004062103645384127,-0.00078779893753083,0.00011705196514754344,0.0008630538288804477,0.014847297013181066,-0.009080436030931546,-0.0024356102594272223,-0.00018000021546499267,0.0013197888963504844,-0.00012514290997121293,4.8153028127903216e-05,0.0001416965126204991,-0.00020999980249861508,-7.755254680025421e-05,0.0010174911363579776,-0.025474026384575015,2.3923212781103414e-05,-0.00010998297455288436,-0.0010930052392013616,0.016939925388003336,0.0007557695333026216,-0.003013124174565302,-0.00020261651316410634,-1.3173520736341963e-05,-0.011600894444502094,0.00012347586291803266,-0.00025011386667528725,0.0027389693046237992,-0.00014141725811495586,-0.002746560018367353,0.00019298412689583433,0.00034265193907664156,-0.0031900095082193288,-0.0020015683580222035,0.003997304264993948,-0.0028590407065990867,0.0005160471656011478,-0.01854002994975059,-3.021787803295919e-05,5.1451125315835934e-05,9.634952742581794e-05,8.368891194753318e-05,0.018649793346924917,0.00010468009955707158,0.0005201866686001739,-0.00013940765422844375,-0.00040566129587079887,0.0014267088264471872,-9.1585145312595e-05,0.0010901646695304873,0.00030791061673613715,0.00019801235800003593,-0.023185298456162372,6.12296459514655e-05,-0.01048853998544126,-0.000208031028594728,-0.0008503969936619011,0.0001473449684710503,-0.007290185553047002,0.12212778916529657,-0.013435153798562652,0.00768620064149801,1.3307676016849866e-05,-0.00045698723742798635,0.00013051314205110402,-0.00029417108145678855,-0.0005697445749404304,-2.30282247747473e-05,0.003952229919718905,-0.00032100144914883055,-0.004951854635890693,0.010423471720295563,-0.003659770731775376,-0.01035536648279374,0.00635851046260408,-0.057198327929765064,-0.00015734223049044356,8.052444263568494e-05,-0.0011194755053218336,-0.0001959031897900703,-0.0026684472494811267,-0.00021752630280776758,0.0001018230498800693,-0.009305301231079623,0.00157752322584631,-0.009994545874575341,0.005164680277398136,-0.00030101360286754683,-0.00034866392393578436,-0.0036876425536876436,0.0005942584786618648,-0.001000533854729081,0.0009332404575771568,-0.022808636325184765,-0.0033275690466829607,3.690958648742363e-05,-0.002950656664025001,-0.0007318040754496491,0.0011709846282109998,4.4962074999307716e-05,3.464308950522268e-05,7.856476021160649e-05,-9.36427239375565e-05,-0.0013979819653251993,-0.00035066811495210724,0.0035236275422399726,4.369611612406008e-05,-0.0002799775143721068,0.0006948843228076487,-0.0001312191792882912,0.0002503399741221859,0.002754115286503744,-0.0007278304238864828,-0.00010493385595582231,-0.0005778611489460081,-0.002534114104312344,-0.0010044180172432398,-0.0008728755469092311,-0.0013474232398645878,-0.0196825131506475,-0.0002952683537148313,-4.6690664916799736e-05,0.0043956757912018245,-0.001004508893035624,8.568874100949465e-05,-0.0016826668821463275,4.2964821470103275e-05,-0.0001742197219412845,-0.0006022939365057805,-0.0006004865628901058,0.000849582420693549,0.000598664847651894,-0.00022577620813893134,0.015734527706206466,-5.175016128889905e-05,-4.794272432861882e-05,3.8810060927841266e-05,0.0002671336945233556,-6.825138068872403e-05,0.0014164108699658163,-0.0045140005717896545,-0.0007690542545443352,0.6802693152560937,9.616458667294041e-05,0.007418445329858868,0.00022075105334047073,-0.0043315518494133134,0.0011053369389524546,8.836142306906355e-05,3.026512103959883e-05,0.001056673601446794,-2.3193655025163036e-06,-0.000827900924708597,-0.00016048581036513538,-0.0019917751779013216,0.0002493293230313503,0.0021285235100997474,-0.010359377103338917,-9.129503236605786e-05,0.0006541170009708103,-0.002008483152026266,-0.0015158921263775894,0.0002092682625005769,-0.004147435383291143,-0.00745627214074524,-0.00014106942081389346,0.0013256912569345573,0.0005745906188827574,0.026549786566976437,-2.1663572174340784e-06,-0.0009908869458404804,-0.0028231343010945084,-0.005351477112695246,0.0004983793802004139,0.0017826894186525584,-0.0008716881949910119,-0.0011922870384852811,-0.03343181869742717,0.0031535045476341686,-3.14064019122127e-05,-0.00028862813450817226,-0.0006416430086916827,-0.0004630616005568396,5.2659151807826765e-05,0.0008980678464683735,3.8208243965813017e-05,0.0003549367507321814,-9.766160614851232e-05,-0.000592765045486914,-0.0006110593598682192,-0.5616576441147588,-0.0008484610306387979,0.0009585251810412385,-0.0005136119342415415,-0.2246603566031951,-0.00042879651999258844,-0.0002101396203824297,-0.0008462056354584253,-0.00025179688428950955,0.0013267319428885214,-0.00042732773043951185,-0.00010888236017351019,0.0015888476381776683,0.0005534206297453613,-0.0005020269864544312,-0.006238546718805287,-2.5453458351189402e-05,-0.0006932183209305994,0.00039318394787233305,3.5096504098788134e-05,-0.00026594069252803,-0.00011898138461248795,-0.0013552308531776143,0.00032098961503905174,-0.00251718852662528,-0.0013249319532813017,-0.008132131335454394,-0.00018387185274103659,0.00012283592097796876,-0.0006953033013588476,0.0037482174868942015,-5.041073540120074e-05,-0.002092445840936285,6.510760495650157e-05,1.0127209573044648e-05,0.0003628458704247467,7.735716558888155e-05,0.005885885843570034,0.00022043076003414416,-0.00048246229811799174,-0.0002611473198755454,-0.0001199363812713801,-0.15957926345786122,-0.002267403823720846,0.03948058951757626,0.00016226944913648022,-0.0018103792189581233,-0.0008719248758846353,-0.0010642412202693152,0.0001098958827809339,-0.001132734785688616,-0.0006669418128997327,-0.00028333426958210457,-0.00022516297831606628,0.0007300643787397825,-0.018395492420731827,-0.002661429652903045,-0.0006824427461798279,4.865959196908139e-05,-0.0012424167446382982,-0.0016144766060249946,-0.017919783832465362,-0.00047172801680902025,-1.2875515671026016e-05,9.395506888576407e-05,0.007163622638547331,4.5250808412706665e-05,-9.58376424417609e-05,3.132908035569028e-05,0.0004930096679915078,0.012186305611616419,-0.003609691711927519,-0.00015335886914734148,-0.00084401159431722,0.010844894100759117,0.00022485891315843882,-0.0007983746600106474,-0.00023639522877530957,-3.1149519622484495e-05,-0.00046809641468454526,-0.0007120653595008233,0.00016710632989892565,-0.0009610401048022904,-0.004443946055601798,0.000990246524363584,-0.00046727267239931713,-0.009962968957136583,1.4861284539048592e-05,0.239543623064269,-0.0014054856616840363,5.340740537600479e-05,0.00026121312774103796,0.0007475182576499593
33,5.636010898248789e-05,0.01751713301452861,-0.015633631814033464,-0.004020610657427679,-0.0012412982811313457,-0.0006660178160356658,-0.00011433590757711602,-0.0007851769602358304,-0.000322496430408159,0.0025540534623896237,-0.014056655351438286,-0.0017181541987646431,0.00013668595387053908,-0.0012856552328502895,-0.004370945582760195,0.0001715544128560384,-3.497091435143013e-05,-0.009989635183481699,0.0016098728580287575,-0.00013522141613792754,-0.0007355189732937417,0.19476787634191484,0.007867996552963726,-0.002747493911582681,4.582274723163339e-05,-0.0010942810456166865,-6.232185706118998e-05,5.398630116809633e-06,0.00028915118811368573,0.0018913031591330804,0.00112769532077793,-0.007019943988893255,0.001777880268117496,0.00018227617760766326,-0.035639478333734306,-0.005433700648922937,0.0010209953628379127,0.0004812378933549072,-0.023597769115578402,-0.00026450047667888504,0.0002467005591635361,-0.025519017905492675,0.0006649468550543928,0.000711273707922319,-0.0015215819368173062,0.0009963236028907325,0.002419827740537143,0.0003623455993305904,-0.0006114152995490769,0.0005646418638977773,0.005585960867146279,-0.0011633704604719817,-0.0023652465286253185,-0.00031215694405389415,0.11262557627551802,-0.00037060375884454813,8.353411090056967e-06,-1.3550595773998472e-05,-4.1452324125936644e-05,-0.03279320062735241,-0.0004333718078270137,0.00021825346624740384,0.0002590708419152556,0.0005589011270129489,0.018881310450274476,0.00048356481102716645,-0.0035767165082779212,8.69607251581041e-05,0.001144026082171934,0.06945037596781213,-0.0001529737868236254,-0.07913632404193485,1.0536958929039861e-05,-1.1094094292775867e-05,0.00023947201614714345,-0.0012853155832854672,0.028417814503828527,0.009914753938859232,0.0025045327174392715,1.2977246482774683e-05,-3.0258731309447563e-05,-0.00031019333476244894,-0.0003464851765057446,0.0008365601728109145,9.602278665875037e-05,0.0003132657944788179,-0.00011585815268191219,-0.003700262896751537,0.031142338251772643,-0.017769359109735976,-0.007361944983938317,-0.004149428056157062,0.07028025155913524,-0.0028806271493062004,-0.0003045944239289059,2.1499472071465813e-05,-0.00033546083293947964,0.0009664730156759387,-0.001466019380313671,0.0006038368390089922,0.0008520945213778656,-0.007655933564644059,0.00019976361354656592,-0.045325130144686476,0.00022989928626844687,6.164020882412158e-05,0.010008190272436024,-0.0003759315988159564,0.0019207179871041733,-0.0011369368317082225,-0.03065554201750144,-0.006794699644992502,-0.0006037120579890295,0.009237249406403036,-0.007991194389469436,-0.000679669090643258,-3.4427542200327456e-05,-0.00010527403745057761,0.00031134733282060876,0.0003364306955975626,0.0036897414058496996,-0.00011574007584098196,-0.0071163734217469495,7.593125568225163e-06,-0.00032960704544029214,-0.004904266448165464,-4.892893824118435e-05,-0.00026993984960356986,-0.004519664559907645,0.000540942440107493,0.000128167969361577,-0.0007477465620275114,-0.0008151764285246801,-0.000819271959999885,0.00025462031238678625,-0.00178632825610134,0.07182494775366528,0.0005561544441399086,-0.0008399704586018969,-0.0037209965470443324,-0.07602109232299273,-0.00047172954225201255,0.00012034385626707983,-3.25740443294571e-06,0.0003006445853591063,-0.0035279415120851886,0.0004642678022029037,0.010347021767060559,-0.0014251218901337813,9.169135412480855e-05,0.02210592895535628,0.0007145271322595275,1.1855759989138313e-05,-3.495250460973864e-05,-0.0022249829979838452,-1.9643076328320537e-05,0.0017997954818567874,-8.604409333785867e-05,0.00032473004865113094,0.14862824322188112,-8.784488042831235e-05,0.003369021107299792,-0.00021423916969750867,-0.0018806415974216735,-0.0055610765516071695,0.0012632545661112639,0.0003976664374698742,-0.0004263672477798845,0.0009783194218118269,0.0005674920908733394,-1.2614978769667079e-05,0.001385552439713375,-0.0004624107234332211,-0.0013085267697171676,-0.01080395051650282,0.00031950517626212424,0.0008776339091616844,-0.00569778024709958,1.7860658069153174e-05,2.0796940394082926e-05,-0.010409335518163865,0.0020670814030296913,0.0005233388223389937,0.0026062258889578407,0.002413683263713615,-0.10334613207023413,0.00011536293037456313,0.00040984076713263505,-0.05991579059511784,-0.023183071464898904,-6.432112734102227e-05,0.0018754309167865373,0.0017689868252742293,-0.00048029942686331466,-0.00346692256112454,0.000689318904121286,-0.0001202750880882203,-0.00036308806625211655,0.002482081332589892,0.00045693582623906697,4.730938934160685e-05,-0.0012468353299823452,4.7479795804687783e-05,0.0002202166640023727,0.0003396786215096861,0.0008372888193539985,-0.06790392128856211,0.0406457304437161,-0.0007727346179460665,-0.0006406291229666722,0.000702218177373875,-0.19257830804563136,-0.000577421056929017,-0.0002806515105532323,0.0177487800736308,0.000190733868105121,-0.002037469873120797,-2.4570239211065632e-05,-0.00028298224989438403,-0.006788829792029005,-9.854373538381134e-05,0.0007400801519739861,-0.001596538565489442,-0.0007759375575454308,0.006149584033188835,0.00036559706894689285,-6.091536838616937e-05,0.00043324043923593635,-0.0005407475120823894,-0.0011153693096507735,-0.00012196587733041234,-0.00015725363466191286,-0.0017116301946565639,0.008195343371681823,-0.00013300707341093237,-0.00039961610473149875,-0.00035325281892658055,-0.011691817423730742,-5.148675041024848e-05,0.007257552041112423,0.00012043283459090351,-0.00017090345843916144,2.2071362292218604e-06,-0.00023967613850306825,-0.02234773441587158,0.00014343866080825113,0.0010364633075263738,0.0005749650892705566,-0.0012291155154838408,0.04037054624365779,-0.009901451770310293,-0.05370361044842886,0.00018051638926810877,-0.002416047586471539,-0.004521106353850419,-0.0031709655797093,-0.00015284255386855544,0.0009019701500038422,0.0008697530783699208,0.00034098578890278015,9.784946586245246e-05,-0.001221578423872105,0.8195496772023867,0.0025788352969149516,0.0007220729918064873,-0.00011531632192224805,-0.0009042533064390043,0.001822249778059861,-0.017664803791810173,-0.0007094840788889345,-1.0598902636582892e-05,-3.8405645163433456e-05,-0.006213122074899823,0.00017104050063283054,-0.00038587324993599736,-2.721011182535253e-05,0.00046826604828615476,0.027432944773186644,-0.0024934240999954687,0.00022704429321675906,-0.0007419383994088183,0.0011093982699260565,-0.001159876727885099,4.723088655627511e-05,0.00031634103745623314,-0.00014676130822649356,5.651038256480629e-06,0.0016018299043838928,0.0005203988889001948,-0.0005693064962516486,0.0035902210297564284,-0.08748303591631704,0.000307090335475952,0.0040607946675818365,0.0004031455060100591,-0.37957475029490617,-0.0013711554770987722,-0.00014015263019332216,0.0002791325265018064,-0.0009970212701291173
34,0.00010159356509002816,-0.020965551160084073,-0.02635402531359625,0.011135810443462346,-0.0008749189965328308,0.0007184365444605108,0.0010636706881059638,0.0031224165735742465,0.0002903862376058483,-0.006319501431341561,0.007802190391933403,-0.000119338168330263,-5.267561324547032e-05,0.0005889542692948356,0.046542954509517245,0.0007066303831796614,0.0001628356056486667,0.01937971492632605,0.0012285607474120247,0.00015693993252232155,0.00419806982264604,0.044522712960788684,0.0020157654797034325,0.005878776633297736,3.681025269394386e-05,0.00309997807410696,0.00011084765776447902,0.00020559738397432636,-0.001299972192169374,0.0086304358032655,0.0005948355759450019,0.009444449958425211,-0.014499702782436258,-7.395501365606131e-05,-0.01007867217563476,0.010477647709152535,-0.001654701544970443,-0.0007477626748512512,3.7492822955633625e-05,0.00045782116763536465,-8.442071259132729e-05,0.03439439452855094,0.0006302166717584178,0.0003263977598867052,0.01502699703476398,0.00231319964049461,0.01632934277597595,0.0007025917980311826,0.004378967184793038,0.0049264799979474175,0.014212197964734528,0.001991338212780076,-0.0019424473842238003,0.008768791117628558,0.054048728209533325,0.0005641274713937151,2.0149141249873465e-06,0.00010627146698053227,0.0010333675757104907,-0.0147390547082809,-0.0006473178752619314,0.0004594090459572704,0.0003256160809587661,-0.0001267677160911387,-0.026836916085306372,0.0011990133460629032,0.005162617026477204,-0.00014401659921502673,-0.0010107341507389579,-0.45542803831033807,0.00019692531433601894,0.09191677624258092,0.0009457359922048967,0.00025550196414829017,1.494997894930291e-05,-0.0029396252922618132,-0.10062443612396496,-0.01736435726221061,-0.006598781639242893,0.0001590457512643819,0.00019016067669032631,0.0010298042237897884,0.0007910871585292858,0.0036237341636510267,0.00011606310556394616,0.011044357294820808,-0.0005064757282767472,-0.0015555297886069332,0.0010511424832008514,0.0009381135948604204,0.002621335384531438,0.008047482227629184,-0.09566035234235877,0.010070989620341277,1.9514204375031753e-05,0.00033950930810025233,0.0001329902069849842,0.002736763442261831,-0.005940349300297968,-0.0028086640080031556,-0.002657759030188428,0.020026123507313667,0.0017042858051761836,0.06427330588902608,-0.00023461144873673442,-0.00011091280169331363,0.008517802279704563,0.0006361899786210324,0.004266325270744532,0.002835905864622945,0.01138518470308236,0.005895150359395966,0.00043663448307713535,-0.010051765703818771,0.000892432765282304,0.00073441264588775,0.0001120543467737318,8.751818588633646e-05,0.00011328926028656967,0.0002538746761224505,-0.01715678483133315,0.0007869407246257037,0.010845237917655978,-1.3498594471507528e-05,0.0007286268062038875,0.00841159726843607,0.0018009109647799532,0.00023285011696608005,-0.0016240607758768143,-0.00015933908630594653,0.0012679331096203522,-0.0001330973668573045,0.00027475435513868614,-0.0007318375089119833,0.0008500206945096581,0.002448971986804234,0.036400306884388195,0.002194681445331986,0.0023260925719003666,0.03361506335399182,0.11825582289115734,0.0008382992979353229,0.000262008664574793,8.748436533211915e-05,0.00039001998032476334,0.004065030555263329,0.0006175060738782959,-0.0017018157952542676,0.0019194792411907269,0.0001593442350187872,-0.00293394523002595,-0.000293309650011619,0.000112441536073131,7.068028917674255e-05,0.005218209403947759,-3.497269719650663e-05,0.0003756733737349492,-0.0034680365207050055,0.0018402289416003161,-0.2713595303828865,0.00010052865861913136,-0.007629216222767847,7.926732544730208e-05,0.0010474260984720783,0.010300633140476337,0.00031040539376593753,2.7995544573951748e-05,0.002437203272962816,0.00420657819329244,0.004875690707080233,-5.417733711260246e-05,0.005102579038662991,0.0012820806452433497,0.011284596437830908,-0.004190516509885129,0.0001887763706261806,-0.0003162902396380556,0.006709071716304496,0.005569399404107861,-0.000410247390903299,-0.0034005922371221926,0.00399606290314389,0.0017931651500215674,0.0002571378846302854,0.008628342064038048,0.1488142475452766,-8.556234771745549e-05,0.003954107001407577,0.3881982448598556,-0.008357997333579083,0.0004975843623156714,0.0013303701330494486,-0.003171095945061639,0.001563589869310119,-0.006659116463686658,0.02538899910298894,-0.00011394988439234992,-0.0003929134564139399,-0.0091902696202434,0.0034300461487112768,0.00029900700637039684,0.01308271171400207,0.00029627140622540333,0.00018476280828016306,0.0001890293681343899,0.005022954430325801,0.13681696645031782,-0.0898906151671615,0.0022985765335617582,-0.00016992979798998803,0.002873926637393241,-0.021001085969169525,0.0009973055353807649,0.01642000206087153,-0.022884708948161882,0.0006385488209915505,0.012359686472869766,0.0009585439224560736,0.00026496297712467164,0.004597982935716234,0.0001349279561078118,0.0024082333586467634,-0.001699048330932828,0.0014446461533076686,0.0031761705285951085,0.0017786035401108047,-0.0002308638065126468,0.00019056768059366052,0.0005389929651795347,-0.0005798442895382002,-8.890899672309396e-05,0.0003131876934174549,-0.0007729901699969075,0.006961985042871339,4.6392048941863284e-05,0.0006686503691338537,0.0001142823462446206,0.015251363787301853,0.001096196757815763,-0.03877654142054672,0.000417990405154659,0.0001059654878689995,0.0008669579284842408,0.0008603242881975477,-0.008312088785715942,-0.0006053926905308116,-0.00016221219794009342,-0.0003300820205808565,0.000601073353433144,-0.06926369953329725,-0.0016555537390705172,0.07487638377986104,8.529102283193061e-05,-0.0010822448023597823,0.010751426160706457,0.0023296991090543924,0.008223982724819324,-0.0001444196796846237,0.001207647304287074,0.000564246336453504,6.833453269118259e-05,0.0028730783969032766,0.40963591382356185,0.002174799456831084,0.000481900179303851,-0.00010815022953194944,0.0003364520174100987,-0.012560016180392895,0.019319386124111926,-0.0001521540200852766,-2.825180664445233e-05,0.00030378677943739246,0.008119601591314312,0.00033770054419434944,-3.313599120039097e-05,0.0001485130219024502,0.002977508899863145,-0.006377520351393481,0.001940317176418791,-0.0002431209651416735,0.016982212295133817,0.004843218652966838,0.0006548303934853205,-9.690889326422706e-05,0.0017497066522271759,7.766724411080418e-05,-0.00014719225571460583,-0.0067407131031978025,-0.00036976949078372425,-0.00278505836774973,0.0029566674896877327,-0.03369527674465953,0.0020638711614799727,0.0034979093670708876,0.00057449416008422,0.5203815258499404,0.011031569568562445,-2.444988973211086e-05,-9.242154428961888e-05,0.0019253297638921777
35,-0.00011646009135104188,-0.02371145039335794,-0.010733737254414125,0.006894575827125035,0.0007057431712412729,0.0007110954282708859,0.0009667599867727097,0.0014287562119135733,0.000250678739626059,0.006277326477672349,0.00790967857531729,1.1489016006865915e-05,-0.0002893816499098742,0.0009739690050472871,0.008131924557500822,0.00022854540809441604,-0.00020623913526449447,0.022581566509268257,0.0011068547031700335,0.00021243610206904406,0.003930013376238092,0.023793460039039094,0.000803354835645996,0.004321721898536468,-6.773388813459055e-05,0.0034679805402517278,0.00024178811528349775,-2.110542857591824e-06,0.001828558944376002,-0.009180688923942328,0.001302927029517148,0.008058771718296102,0.005563324053858343,0.00024277300882315916,-0.0017363539414056994,0.007906277559793923,-0.0007711729589613713,-0.00021737866782098672,0.0021718826946215833,0.00025453814690338194,0.00023394051472377787,0.03582875571175567,0.0011021017378101566,0.0006363476101888414,0.005681759485986572,0.0010911909351609234,-0.0008070199762634676,-0.00012550592259721449,0.003722586225116632,0.005840460006223604,0.00655948482837823,0.00033783225967279763,-0.001153781945595711,-0.0006965253855510576,-0.0017838585382278296,0.0005191881040000181,-3.32101887148481e-06,0.00017543682676707814,0.0008089282365860294,-0.0075885320387078965,-0.0003328977469504726,-0.00026550158963090385,0.0007704802598401614,0.00029274404725633464,-0.027092235720626426,0.00023272497888313396,0.0064344853912862085,-0.00011107983383757888,0.0014342417183966227,0.5578131077181888,0.0008444510308963571,0.0810373177005542,-0.0003819209413627872,8.940728745172031e-05,0.00030898078201584307,-0.0013887573697422394,0.0178413107135186,-0.0376417531703013,-0.007340937498039119,-0.00014428830173896672,0.00010348621446782901,0.0005232539600775006,5.277384706704356e-05,0.001014962991395353,5.5724722872508106e-05,-3.7796823048401665e-05,0.0011557465104573492,-0.001253092434510425,0.0018739379519834348,0.002338035860210413,0.003176904338349912,0.007730920732804453,-0.10140775138707997,0.005826295514464402,0.0001656585048849862,-0.0007252601589928253,0.00044597893933225394,0.0018270278141132013,-0.007565172993202654,0.003622266164311469,-0.0005124580579948784,0.011931101041101105,0.002052362512472704,0.06069048493829032,7.789931356529253e-05,0.00013625217204527897,0.0007004700647403883,0.00037727665843436255,0.001251517533291611,0.0038987113173325856,0.009688397952639259,0.004332095365663981,0.0006208229446797047,-0.010276167750231407,0.0008789810759999572,0.0007597396281949656,7.810152751478228e-05,0.00015966558201214098,-4.8630382351441334e-05,-0.00010944302187597995,0.02049618472476528,0.0010606250551490708,0.007679806355018699,-5.1309078628312445e-06,6.826603545987027e-05,0.008112810361943723,0.0011656492270931272,-0.0001985704242920219,-0.0015531292460490183,0.003922474687608953,0.0003585126525302079,3.397665687478483e-05,-0.000434410413750087,0.00011428469231815298,0.0003288636174223717,0.0015494690155262196,0.0130595841737109,0.0005915080010610464,0.0013511440751069058,-0.025189018553970568,0.09103635884134534,-0.0003023084988957132,0.0006572606645884627,0.00011291179533076643,-0.00011184792758431143,0.0029688353730367573,0.00014970086304830752,-0.0035162848568112944,0.002082081243117694,0.00014118606004541597,-0.005125909599015698,0.000631473750009541,-8.791855838196939e-05,0.00011778679382371351,0.004883713037342865,6.504658758296431e-05,0.001017792823663129,-0.002807281596395644,0.0008074394607188352,-0.20677159467803846,0.00021104134882449221,-0.00560729944591154,0.00016514557362262098,-0.0005014181713738283,0.008581771738395997,4.495694756956542e-05,0.0008226846924274194,0.008463281371890594,0.0024032500582767827,0.0008285800048258355,5.960174497927559e-05,0.0013397913054701827,0.001673372251680464,-0.0073373241088064,-0.003020485249005547,0.0005755191093484119,-0.0003007250570243295,0.006530345014605435,0.002791761686336101,0.0005675566937348151,-0.001501896296325838,0.0025184574092857103,-0.0006752873729178712,0.00020587343899405918,0.002809298812998285,0.24657127388279915,4.6306173507923605e-05,0.002628403760069827,-0.5433759333215947,0.012127834535478343,0.0009351557364332321,0.0002483189117568512,-0.003183264400612276,0.0004347734617251803,-0.0035251766696490078,0.016515686230412812,-8.807257260338422e-05,0.0006481442071667213,0.012642263243399864,-0.0011857941229412503,8.292393875065918e-05,0.007947561562885565,0.0001120035403343104,-4.211204226957019e-06,-6.811145328873818e-05,-0.0014764071869073753,0.0922220883570232,-0.06540381558967147,0.002036170573394957,0.00020534119341700436,0.0026272966243420857,0.013073927391695814,0.0011541192066316956,-0.01954001330479662,-0.024037441586445538,-0.00025797621734798806,0.0049926617276791025,9.735445929554346e-05,0.00021153447095663067,0.013916364542063669,4.100177890250763e-05,0.0006517153761696282,-0.002977897898386433,0.0004681794197803316,0.0036091132030635856,0.0015656245971577031,0.00022496863523743674,0.0002703145732461344,-0.00019262631761058388,-0.0005888712303339502,0.00027815162602051627,2.314264289995059e-05,3.4280236182304e-05,0.003827729648221498,-0.00025181163890945985,0.0034049754187338477,0.0005369481571918567,0.014706540631437873,-0.0003858712332259924,0.04929545785479013,0.0003876176237522075,9.275923848059528e-05,0.00022267047344857018,-6.36275406108816e-05,-0.0031072689499733464,-0.0006783226438879188,0.00010946427773186484,0.0015388290878669405,0.0002451033411616826,-0.054495293952158824,0.0004320927200944808,0.07103670643662172,0.0003549558406606332,-0.0006556736130005313,0.016317092344846316,0.00971919645896972,0.004704653055432183,-0.0003970096867963648,0.0001496881084363539,0.00026037071662460623,0.00022766106562765271,0.0037633777371214577,0.22080199671166179,0.0017341159995707361,0.000331284906938726,0.00016983972119885213,-0.0003743752724976051,0.031407346527807745,0.017504950191673682,-8.132917766146203e-05,-9.880044601977723e-05,0.00011406225681833245,0.014135350000443298,-9.285526696833544e-05,0.0007167739521634305,0.00023552679600748715,0.002274758851770487,-0.011771390409398286,0.0011194494165428911,0.0005423652769496728,0.003237311777671628,0.0027257933642392466,-3.1038966388884657e-05,2.724604117764835e-05,0.0005418064564861407,-1.9974420770948915e-05,0.0004211848411547056,0.009123107522253975,0.0006841628642730198,0.011888935109570948,-0.001189507038715678,-0.02181535928580449,0.0006219625196276467,0.0034708316683887894,0.0002677481378355465,0.4188226132032107,0.006704181361540409,-3.759342633765858e-05,-0.00016808940339984538,0.0005055475715717778
36,0.0001751149959756432,-0.029029281876449514,-0.04377737187930581,0.001830117850311487,-0.0007255104178778699,-0.00022267845690800842,0.002195815003466722,0.0018362120690388131,0.0007609267826693272,-0.0030036496037329496,-0.004845795966834144,-0.0006654650913587579,1.1056786335270075e-05,0.002534853739284283,-0.004633603528866645,-0.00026959038751640796,-0.00018034230747780364,0.09969238712627482,-0.0005146079114789481,0.00025252880882871594,0.006635567303859918,0.03085164019334871,0.008944763005379552,-0.002723908600364866,0.000123430414666649,0.011235968751798248,-1.4320726269875794e-05,4.6741202192113196e-05,-0.0005082174617228319,0.0012580593282276661,0.0005847539975692706,-0.0027326268546581656,-0.0041910407645839864,-7.921230118200615e-05,-0.0026341695576482457,0.0031712971770780068,-0.0015442978606052503,-0.00018864302683382873,-0.005595939401845223,-0.00031805849528169925,0.0003671399006246009,0.0725417656436884,0.0008947449140394521,0.00021993065058117326,0.007906901519677816,0.00023855439365013374,0.0031287739329296845,0.0016134251820208237,0.0033980754769050844,0.008239986127728046,0.0014356715034466692,0.00806465041503558,-0.00028794798496594755,0.009064303680144187,0.017672169810693028,0.0008521711347472148,6.406687351875537e-06,6.369581736442916e-05,0.002618038811414281,0.0029474268605049966,-1.1050556454413876e-05,0.000628611508091297,0.0019905839885341744,-4.6319796335883914e-05,-0.0498849928103173,-0.0002938460639749251,0.019974355314753677,0.00016678649698725917,-0.00021077728311264833,-0.10998622566511229,-0.0003420860752298341,0.011981193467576772,0.0004973722603467361,-0.00034918490338834167,0.00031799379260974675,0.0008598716083851208,-0.06918432137080667,0.02602971540752763,-0.006023966626202225,-0.00016300538747777028,0.00027941427608517763,0.00039533966216305115,0.0005694087924901388,0.0024480392203241486,-6.293315796383525e-05,0.004905172890125648,0.0004853814890490894,0.0005528204787296365,0.005849113405422301,-0.0029406895691870233,0.01522897644818787,0.014918699047128996,0.015393184331504458,0.004526652641414056,0.00011342312742517444,0.0005925346171260239,0.0007716038332431154,-0.0003183027841539511,0.02520824470815401,9.150391407051648e-05,0.004674218788555548,-0.0017640455403433244,-0.0012223239142624448,-0.009391239250235862,-0.00021368827913526966,0.00017157345803005226,0.002052642023226678,4.2030150375311354e-05,0.0005725419780798074,0.007511518468886388,-0.007813377230042134,-0.0044227880448130166,0.0003533746658912515,-0.005610879896149577,-0.0038197482550363015,0.002224836569542891,-0.0005701305982904093,-0.00010630866193566952,-5.890218498206612e-05,9.435106711945244e-05,-0.0031372737994654065,0.0007669479826390983,0.0025869944604853465,-4.2665682513815537e-07,0.0003386132830085288,0.005952595438789781,0.001542475654363177,-5.21235848137938e-05,-0.0016876952348807185,0.0015434426056846317,0.0008158871105216371,-0.00041414514190892546,-0.0008461834478527188,-7.793013027448947e-05,0.0002690932515161085,0.006777129102076494,-0.00688850103806824,5.053347092305637e-05,-0.0024073847220326475,0.009358088373751527,-0.025762475163443516,0.00045361802041974254,0.001486180283419055,0.00023526988915095097,0.000581787870102269,0.00041214850032397733,4.1889129600387474e-05,0.001958839997564389,0.004178099046118552,3.830076476876417e-05,0.005244813086379099,0.00029427036172357347,0.00011452636978519372,-0.00023089156390498618,0.0013587657926397824,6.662217098296994e-05,0.0022632186152409224,0.0006124158738157913,0.0007191123056068553,0.0790818497560715,0.00020428872340357116,0.005037287527432658,-0.000456478284488186,-0.0017453537291659306,0.003801356058936072,0.0006129616281015796,0.00040754858454239304,0.026305859580584845,0.0018094007543465252,0.0012409657923127928,0.00020588176917965897,0.0004064059864086426,0.006241878749130653,0.003368427432198501,-0.0005545329279274779,0.0001672898390768231,0.00026453273776981415,-0.0013486433153610212,0.00035625196171863195,0.0016768205867509218,0.00021836061594002025,0.009145951140698484,-0.00025074367479962275,0.0007053471918089917,0.0036100068840731886,0.9116997524274036,0.00013655634765690622,0.0005611273691845751,0.01928829894387067,0.08441585863170598,0.00024034742372151482,0.0028432158257011213,0.003959320023905319,-0.0006554164539832139,-0.004856927167758478,-0.035377844764371155,-0.0003325948165863853,0.00010166068952598535,-0.0010570032861199783,0.0011636507595061342,-0.00013862924409151385,0.0020426941171641996,0.0002907081180799525,-0.00026346953252516167,0.00026328915143870304,0.0014933447434742632,-0.1115643972000516,-0.019430253687598,0.0005652545303902394,0.0015236694983259092,0.0073039219089276915,-0.014988388323663476,0.0020689068936534842,0.001343714341433662,-0.01990522274566915,0.0007597229933961384,0.024933717300745423,-0.0006287599549246884,-3.4449382861814065e-05,0.014238943108724665,0.0003665831277890997,0.0010098263295504196,-0.0005607430032219043,0.0005059339866862606,0.005911350669846785,0.0035325461782152946,-9.25541520620767e-05,0.0005468688919153338,-0.00030359943010338866,-0.0004423514285931598,0.0003333844637594597,-0.0008226259029416316,-0.0003574682654648874,-6.0402519759144777e-05,0.00011556584912198581,0.003041603006729821,0.0005611935253520221,-0.0006604632523142685,0.0008260336454558466,-0.008794624172844455,0.00028014882968211514,5.9292777173670214e-05,0.002774370895239942,0.0005860188785364808,0.0006396077745156317,0.0008736632855963604,-8.39311235153692e-05,0.0005655033579493133,-0.00020351698992273444,0.036455736589261836,-0.000998050036312122,0.009366865381338442,0.000639816582339346,1.2877184271432862e-06,0.021764444832074657,0.017506546475020677,0.00014019347194027185,0.0002600551431087962,0.0003344617092166189,0.0007340570894503328,0.0004930543981150151,0.006388258733482968,-0.04246716235769614,0.0008610808037194896,-9.679850443126785e-05,0.0003714101545944695,0.000512873301438618,0.04991794267214012,-0.0021688428611740564,-6.469408538621992e-05,0.00011446707618060864,3.814973593374137e-05,0.04454903406155294,0.0006045238859365255,0.00023329956134601803,0.00011556444986283044,0.0005649355935980985,0.0154022749942175,-0.0014192476420352702,0.0007330525642951719,0.0010765228193622516,-0.0021456677776950095,0.002544065788293483,-2.742310976891092e-05,0.0005038254713666027,-1.533994780586432e-05,0.00025422637250013846,-0.002105243947517262,-0.00018178666755554618,0.004609022735137506,0.0006871798427953314,-0.014287675441982992,-0.0004763846969742941,-0.0004227585070213412,5.325966498025418e-05,-0.29328460377605314,-0.00545306426790527,0.00020845493977762882,-0.00039238089764318624,0.0046000890845966005
37,0.0002512371428410435,-0.0023534728136583166,-0.10797040550983364,0.006974219080493907,-0.0011185718478557843,0.00040313445598683106,0.00015738800296482593,0.0018867889655105746,0.00028237086991050875,0.0010697837006294342,-0.030643613024907437,-0.0005743468043974687,0.00018365199879075145,-5.6222055332496267e-05,0.044689495151546535,-9.727447444293769e-05,0.00027146074002179607,0.0008965688404988237,0.0006688665181130427,1.820278321070304e-05,0.0005178860664192264,0.0563055879956153,-0.0017987369109116746,0.006305606684999299,4.825060504440315e-05,0.00017707063796362776,8.262304197459436e-05,6.630593366642457e-05,8.612718605457981e-05,0.0024988080226026055,0.0007327387508936356,0.0006212047166585105,-0.004062374912867234,4.7120885303895564e-05,-0.019568414308659514,0.017668305004336943,-0.002633141724941543,0.0014322492745305038,-0.013385674235128053,-5.749509435085164e-05,1.2153894126797331e-05,0.024905431263412516,0.0006696814520642713,0.0003800103621102611,0.011006477688872805,0.0029016147204124184,0.017428805832286322,0.0005270060987080088,5.862243886682237e-05,0.0031482638333903165,0.016318997425250427,-0.0008122054147597546,-0.00039618325023793154,0.002593852166482971,0.21634861745927697,3.183738193519891e-05,-7.969746351528181e-05,0.00019713378149609722,-9.953186446573706e-05,-0.005210464704849139,-0.00018281144548534095,0.0008833468510835793,0.0006683249215657894,9.34827738678691e-05,-0.002363105176392391,0.001034061872176399,-0.00019496431600766247,0.00011142092249246988,-0.00017003379578070066,0.020414769428707874,0.0008295194740416643,0.021188608004172663,0.0006313009920077816,-6.308215003376742e-05,0.0002264953931934736,0.00036248902777123726,-0.03144379782012115,0.9132525944139178,-0.01737607115671151,0.0003891524172510777,-0.0001475795881434982,0.0006012351493297854,0.0006086291402443182,0.0028525701782044673,9.243210736177673e-05,0.007351348008083349,0.00032591396683020503,-0.0009488532419980635,0.007794190550835668,-0.034492822474702034,0.00042586968661554887,-0.002373230534757325,-0.03533043582721514,0.007790379115569967,-0.00018840159178691086,3.926507734456665e-05,-0.00028550908079674764,0.0004772294051291737,-0.028770893992776055,9.562866426828897e-05,0.009696993724832766,0.01719316566300034,0.0011100022528001997,0.0461313217771981,0.00029464837613327015,0.002339112983898591,0.003903694973110057,0.0009472379296972312,0.004807520743734339,-0.00040355994414401184,-0.015571308155260574,6.025285266369161e-05,-3.772828764295362e-05,-0.0653946084091594,-0.00522123297397414,-0.00035424923385656384,0.0004515581810579609,0.0002414898474283894,-2.3112023538077783e-05,0.00022100013101515733,0.0004183490549669582,0.001527032681725108,0.024643804169742392,8.262256895630456e-06,0.000335650064640129,0.00429829991115127,-5.049711295996391e-05,0.00011475200625101628,-9.991341098638043e-05,0.003117055604530049,0.0008750566459295921,-1.670659104860688e-05,-0.0013062318849111083,-8.19707913925511e-05,0.0006235172613773426,-0.0009917390791754606,0.05046700943326383,0.0021967602260570245,0.002730188662374182,0.00931492688349871,0.06512604948611558,0.00030264788492847215,0.0015722331617448646,-6.164261311869125e-05,0.00015200961994812266,0.009837367292826452,0.001760163765148069,0.01632818095483828,0.001953277819375715,0.00018112945383608366,0.011653637195213314,0.000286109227284985,4.850942855876342e-05,0.0001284892360306241,0.0013906543044195133,-1.9962477844985948e-05,0.0035636180268306976,-0.0015416557344912919,0.0014464019316929805,-0.02704756038572228,0.00012981395128848158,0.0036608990782526717,-7.259925235694957e-05,-0.0025231332524166704,0.006524834445001669,0.000615214415485367,0.00012093636253461917,0.0008421236390524414,0.0026597880086258042,0.004911630386166235,3.289747190427872e-05,0.0049851747029752876,0.0001680561088194543,0.005267302859170219,-0.00554870015868538,-3.5162661978267924e-05,0.0004789376373134745,0.005698688137497731,0.005003537205292794,0.001055698794490421,-0.008950497540693861,0.005080486851726736,0.0015144430239312028,0.000288922544460606,0.01149465783136484,-0.02835698153593813,-0.00017632822763256287,0.003976706082037833,-0.02681821872872156,-0.0003205885048298522,2.892379124032758e-05,0.0023652943284429673,-0.0052738583180104645,0.012817021554404812,-0.005084888264213286,0.08632514101195349,7.953085203431134e-05,-6.958332370256662e-05,0.001387112499513135,6.994580634584412e-05,0.0003084869540774923,0.023773681154806013,0.0003866243648604121,-0.00027017648210589384,0.000375663452688122,0.0011733784200994367,0.13915224872780632,-0.04570953447612145,0.002252008378331852,-0.0008873323715168891,0.0006683399001159579,-0.15031377074208224,0.0007961146551939505,0.0010208877894859938,0.0022627915570230645,0.0003043132786804362,0.0036211807625473793,0.0013882578989247096,-0.00018014557133045218,0.027540709709470326,4.535470903071413e-05,0.003548288279330446,0.00042021470102705447,0.0005219607950042405,0.003560128083835999,-0.00015413351213235875,-0.00018246588184923115,0.0010361062618034038,0.00034130081253869367,-0.0009161448124710902,-0.00023302417036940014,-0.0025269623034223166,0.00011656084852271469,0.005686771619318241,-9.436671328862242e-05,0.0015248571331817951,-0.00022187827985514354,0.01986729652701215,0.0012717160377651677,0.0023811053165245268,0.0006213909790135051,4.437925414620494e-05,0.00015106401107564836,0.00012196701079738616,-0.0024753243738727436,0.0006159084275293694,-0.00011381546362764999,0.0005334070752129616,0.00027541802272075105,-0.03826308786894871,-0.005463438465167163,-0.009361722373122647,0.00035318682942589495,-0.0003378072509849202,0.007370527893122439,0.0003912275318085721,0.00821262550911381,-0.0003762031064324364,1.7528477136279216e-05,0.00024968944096989774,0.00018185505239339417,0.0009450191600917507,-0.08235863517955647,0.003881328917553637,-0.0009159443173575689,0.00023594134667500135,0.00014910201552620003,-0.002910500810579135,0.015955051262184765,0.0001484676399238627,7.038127762746319e-05,-5.1922984741714375e-05,-9.172585744075118e-05,0.0002343190120951276,0.0007704365736996496,-2.5714088515403372e-05,0.0031171844305803347,0.1104406073627694,-0.00027423350160320995,-1.5784508875216728e-05,0.01782317569782154,-0.004181120990495947,0.0006782223333007759,0.00025417662530873367,0.0015689801558583464,0.00015775412707634524,0.0003372004949622389,0.0007905023611714549,0.00034297228165710084,0.005058580158444348,0.0024650624779235727,0.0007034466771143593,0.002950786985825059,0.0017147593444705614,0.00023811782712394804,-0.018988015201809233,0.014397550958446385,-1.330681606125008e-05,0.0003548286555546433,-0.0002249474864719481
38,8.070330990049317e-05,0.004466774916457472,-0.00916103092911856,0.030479801842166518,-0.001216726738189157,0.0009269633484675147,0.0009699743711293299,0.009573814038599686,1.2168321975876417e-05,0.0010831095766642117,0.0006264458134158189,0.0010378257164110824,0.00043106732774678136,-0.00021260855421176977,0.23979901305058895,-5.565932839620563e-05,-4.248505557105653e-05,0.008032363583516965,0.00013935055484263353,0.00013111612912116571,0.0007870451268571568,0.08853860558646894,0.004386836988061498,0.013975206339228989,0.0002482484315550551,0.0008100638577766064,0.00017902527682432667,0.0004312800919541518,0.0003952964493342745,0.009031693142739425,0.0038658789232718493,0.0010379250183438216,-0.038156610552320266,0.00034474502399194865,0.0004823346211281429,0.029349397627517385,-0.0054554027698718675,0.0006057295781303491,-0.00203010472393593,0.0001305393816661872,0.0005400888993925173,0.03759922956539502,0.00121205335260971,0.00034074003668445286,0.037008615009359716,0.010202656869587554,0.07922430688385301,0.0008602839477295197,-0.0009803926922317496,0.012141506921643596,0.0821499247331582,0.000552682398821424,-0.0003874860013841847,0.004005105904065848,-0.009650547078754408,3.0698037753849536e-05,6.174194720050263e-05,-3.3249432964958976e-06,-7.89447412158817e-06,-0.001509340423008401,6.276643208653345e-05,0.00043476023672743173,0.0023798267848988775,0.0002583423318315755,-0.027316927268132264,0.003732971071726973,-0.0016005381416601238,1.9882891726843554e-06,0.0003180826562714839,0.002799779129102651,0.0008845412748526567,0.09428994322209884,0.0012925992640496044,7.17516376704195e-05,0.0005541015935969307,0.001252453674324635,-0.11432141361033163,-0.2150023542714177,-0.0006806180227404779,0.00020356231361599213,0.00030945015759433565,0.0010778522079767537,0.0011966974127193843,0.010205714021107409,-0.00018242855918868114,0.0293706933841694,0.0011445854921427329,-0.0037538588645844653,0.007594617398909061,0.00426286898770694,0.005236431221692922,-0.0016201678728011834,-0.09812325882891124,0.03398696691867597,0.0003957373007979449,0.0020620331410985365,0.0003973417830305845,0.007946381287746742,-0.1373506051026997,0.0008228131345491362,0.015485832382942178,0.06335493184805292,0.007006855718829145,0.12661606981541906,0.00016017518495402283,-0.00011556531938048276,0.011672035044816868,0.0013483494953487954,0.022233994664329366,4.501524288898242e-06,-0.008122429914448536,0.01741442589442078,0.0009488206989654807,-0.0010806230306492498,-0.001265214781492694,0.0006912807459552228,0.0007406540832716667,0.0009752902432582653,0.00017256608504533782,-0.00020082371062105303,0.0020123243196664828,0.0031676505868133186,0.017939426022832362,2.616944392276263e-05,0.001007668387784549,0.00693570872810453,0.0005319836261621105,4.726586750987221e-05,-0.0031662848470448285,0.008016518572112854,0.003914683141288769,3.623833207605623e-05,-0.00018280640149247705,-0.00022967287709882238,0.004415169357861399,-0.0034620369356162,-0.010378424923465081,0.009998136453957517,0.016337565118907528,0.051214613771743515,0.1255217349415873,0.0009218799922133614,0.001508614401273554,0.00021050857546768654,0.0006991123301065376,0.0009734159890814661,0.0003178222076347047,0.0009582563289882808,0.0038191498641938744,0.0016891310621450991,0.004241517116139048,-0.00011152834028302014,-2.050722107718985e-05,-5.0051697039821e-05,0.012913668022435064,2.905315813839892e-05,0.0013660654064578124,0.005990415421201887,0.005064607240047345,0.07234462625797164,0.0007031187482189685,0.0034314883160672435,0.00033207873092765507,-0.0006882423423868918,0.017050907814723897,0.0009021658374245615,0.0002768947267136877,0.002496676527032452,0.011290157332708578,0.024713094701054455,0.0002011850560621961,0.018225927765153152,0.0008017230670023318,0.01613658673864922,-0.003666838316774706,0.0002586534189250845,0.0005237488739392238,0.008996532066601438,0.02453462463946899,0.000783514457293221,0.0019695953829652335,0.005820228367264012,0.009308087495279855,0.0022631927650686146,0.037025508775968136,-0.005206917310822061,0.0003713130837625783,0.01851130320744879,-0.02345677116097288,0.05037436198425935,0.0003874546087375419,0.0007223279947860301,-0.00251917465445356,0.003218359555406852,-0.00858606752234239,0.5288767566207502,0.00025739516691589007,0.00033390263856974533,0.0010384535307176842,0.0026325392809073075,0.00043229095662197965,0.05560266756953061,0.0008212184456464497,3.6271698933255936e-05,0.0014533323893849022,0.005546730058980173,0.6201954351043545,-0.04267814966505354,0.007885863806424271,0.0002504528476016163,0.0016405364281803095,0.00342965644162342,0.0022193752690272254,0.0072511521033151545,-0.0028389132028585617,0.0007074135799839348,0.01265189902470807,0.009263233065283299,-0.0002146103665736955,0.012488893929750899,0.0006325137702420053,0.015362688348969002,0.005385000284649894,0.0014103954964411053,0.0008417156565054836,0.0004126685454660753,-8.22433656897251e-05,0.003022332238607452,0.0009432543301509384,-0.0007547623643460264,0.00015349786082382113,0.00045435700490278116,9.879229184698267e-05,0.038415108646340936,-0.0004706849676690411,-8.565215800704178e-05,0.0010042556021127385,0.03963589675876088,0.0035052105126308682,0.003607936881091563,0.0031104079494128135,0.00014188390250100924,0.0020998678841826117,8.285773668380015e-05,0.0015022770154425272,0.0009477843813441461,-7.548762207343549e-06,0.0013049228731450606,0.0015833071808203421,0.03209178147905062,-0.0014278637502543531,-0.03436309394383312,0.0009446466191783644,3.6515815862284834e-05,0.016803299203540283,0.001767316802410863,0.033972963721532135,-0.0002867780286541821,0.003064283202617083,0.00037707780961664106,0.0008299566582278233,0.0015766201679691186,-0.05555025938972238,0.017557733162207715,0.000567692397957292,0.0008333293551059783,0.00124597940887351,0.013899510590794936,0.006360246418406314,0.00017178651222066603,1.672855929443995e-05,0.0006905401682226397,-8.993298201885559e-05,0.0006145702605206583,0.0003459827676188564,0.00011254337306358664,0.014222441406672972,-0.014529559099200364,0.0032380791224284225,0.00038414650592290007,0.0917136208093479,-0.00028992914562496475,0.00022764734338366816,1.0625720471172523e-05,0.006779112937500445,6.11068549345472e-05,0.00020345006666390528,0.000184794479484259,0.0002633984470102567,0.012696100051657675,0.003348544292445209,-0.010749879472331508,0.016746754050830214,0.01391723118242104,0.0013375051449668472,-0.25456323042109197,0.07923674079018034,0.0004213944433970867,-0.00014972447756661685,-9.544368404703382e-05
39,0.00013024599972202966,0.001545554641662339,0.008068622519320327,-0.0014732582955109055,-0.0017601927660250913,0.0003504383293190666,-0.00027810958727703984,0.0003664280553297289,-0.0003077180136032351,0.0010802474343182336,-0.014978942745723025,0.00020437938383651572,4.7231610593383155e-05,-0.0007196929224609627,0.003200541133317171,-1.6551538551304312e-05,0.0005299858253048524,0.003088184764968683,-0.0010438344148084033,-0.00017764461439222223,0.002318827851888028,0.7718996465490895,0.002517480933604932,-0.0006865861945982016,-7.678567415556753e-05,0.0012963717345727908,-0.00013047816614924004,0.0003952575152179755,0.0003288589790889779,0.00028283235360705705,-6.095214579655145e-05,0.001001490455984664,0.001669950621911831,-0.0003166919964792299,-0.026038768152650577,-0.001844014196741333,-0.0031090261073548064,0.000945429029288989,-0.014632924665253932,0.00011563643535004216,-0.0003350452002672255,-0.007447378738971316,0.00010527980029486879,-0.0002687232687378742,0.0007476992628183965,-0.0008429952871356339,-0.00369550928737436,0.000453172541806407,0.0026082227574110934,-0.001507252456218463,-0.007757837046565352,0.0038655826785401427,-0.0003564587076115393,0.0009723966188979333,0.5147980511641221,-4.719216200334622e-05,1.3050604409259314e-05,0.0003572815201352284,-0.00020298721080810444,-0.002173476061401461,-0.00012147042190418372,0.0006177761856758154,-7.932168155672472e-05,0.0007631665703510297,0.003317852492123727,-0.0003620055106546933,0.0005988227799725316,5.878045127344529e-05,-0.0001878644191162502,-0.0006170913770710204,-1.0983889759890765e-05,-0.04083885194199566,4.4754046621622075e-05,-8.715717960688539e-05,2.4874523930599676e-05,-0.002544450386090691,0.004465798645362243,-0.19099149734793147,-0.009688835188989258,0.0001394124046832125,0.0002604315298910644,0.0009005988408415724,-0.00012501995235890406,0.0002654231788292126,0.00046642614667487064,0.002196941755974055,6.579561411990988e-05,-0.003301095784759067,0.03653100909703297,-0.015870187751454434,0.0022343073120718827,-0.0009425503666877534,0.014303726942562017,0.0010449643961512288,-0.00022722709404071964,-0.0004186235615318886,-0.0002190149670823966,0.00087919347731924,0.012948729314633117,4.668564349256639e-05,-0.003836108500961069,-0.0007513991930730712,-0.000922693920594915,-0.02197891811379358,0.0002648134290233195,0.0005519719009511245,-0.004049222036716222,-0.0005740344481209945,-0.0008995329117277087,0.0007115220279842859,-0.03953473967934254,-0.005289570533188277,-0.00029751189839834907,0.0027974399667778684,-0.0015066052304231706,-0.00027854780231548193,-0.0005785535207435679,0.00020717968836546363,-0.00022953714284568855,9.49131055322126e-05,-0.00012439955604632257,0.0002982150412102055,-0.005305286615541522,-1.2780745601063959e-05,4.0053471778662975e-05,-0.0020750832283428083,-0.0005402194440580644,0.0003069436186020546,-0.005540484146744343,0.0020887008282876804,0.00034454906024242345,-0.00017703474817386614,0.0005421358501582971,0.00013215361915560643,-0.0012304590937731723,0.0007128991635360835,0.01588653666308562,-0.0005381061194031228,-0.0018830754568478466,-0.00228789592456715,-0.011642727530705489,0.0003538437371533483,-0.0006743336461633828,0.00022023844767776204,0.0006412361249760485,-0.0030965518483859634,-0.00014655627912891047,0.009008373671564493,-0.0007651429915997384,-0.00024146616324254976,0.026538656313427802,-7.874450452192636e-05,3.7300006799705424e-05,-6.683818012169322e-05,-0.0016323789593211263,-1.9533631344565024e-05,-0.0013589819642452726,0.0016920586220118446,0.0002165550734922212,-0.07763288717288502,-0.0002153764737955685,-0.005553659220275684,9.706179601037227e-05,-3.213695846175646e-05,-0.0005534957745469554,-0.000841342185361112,-2.8275161235869622e-05,8.622909367699775e-05,-0.0010938267004049415,-0.001330057740521584,-2.551383828917897e-05,-0.0022733395714749915,-0.001044949415422667,0.001383271599891503,-0.0007127638795602492,-0.000158412804843931,0.00037402398166481727,-0.0019393222139272494,-0.0020709699720904973,-0.0007146716842228798,0.0008138450654930351,0.0007325912027461696,0.0001734121975793968,0.0012138352869105785,0.00019326752396825464,-0.02217849487462114,-0.00011445853966320779,-0.0021807378213652626,-0.008737334887599604,-0.04202561055654137,0.0005626871775528744,0.0013452388423954124,0.003045419541470931,-0.003272639957613819,-0.00603975243635782,-0.05220526835184916,-8.03360176775611e-05,0.001206548326123707,8.174521569749224e-05,-0.0004328062589737722,0.0002155556646779508,-0.004923155843187227,0.00030048922644919504,-0.00019489025491954692,7.292766597471979e-05,4.147139285312976e-05,-0.07895924137958377,-0.0037203164300184804,-0.0007262170222870649,0.00010224276403485969,0.002904608597290065,-0.07650798653613386,0.00039252691480848485,-0.00042068427899044636,-0.0009015826949775319,6.72872452027757e-05,0.0037774705601623707,-0.001122295165366854,7.13846615524455e-05,-0.0034130494090430508,0.00037616667414562283,-0.0006626273366060025,0.005488620499504722,-0.00028034646634295113,0.001051910423501919,0.0005886844898819544,2.0651909049543976e-05,0.00013717614901499146,0.00025452701369645635,0.00024114931645395632,5.958613810994073e-05,-0.0019317997973641171,-0.0006285116602355589,-0.003476278243036989,-0.00038515220608912075,-0.00013215852388354533,0.00014930109137240217,-0.004336931873797956,0.0006337482266585387,-0.0010430261981937156,0.0006844112155826936,5.462168645480742e-06,-4.405216580384563e-05,-9.41020743124532e-05,0.002594991098888083,0.001174746415049987,-0.0005793103785757742,6.064810352714688e-06,0.00016404156116285595,-0.016480893847223173,-0.005780722822457753,0.014816700790292164,-0.0003987070688073215,-0.0007261431120579483,-0.00225912736426993,-0.0003317277876155818,-0.0039051220690296956,-3.6830136420691866e-05,-0.0007583550982295266,0.0004138988836127899,-0.0001736286712281307,0.0010094249237512162,-0.2505193425765048,0.00035568733571109123,0.0007094803756935383,0.0006473998730961229,-0.0003805994084177299,0.004290807990162709,-0.0008445298355115143,2.60327346383463e-05,-0.00019424381871965498,-9.159274341080984e-05,0.0007729840297793309,-5.7390021032900944e-05,0.0003238531126398339,-3.97847181374672e-05,-0.00142065866441805,0.023470760086574262,-0.0012946991528895494,0.00013349304602706946,-0.0068895190156658265,-0.00027490127557825567,0.00019653145692435144,-2.1840687953885232e-05,-0.00018925298173842753,6.607013205539927e-05,0.0008391817626921504,0.000175290156204975,0.00011028647953800763,-0.00017301533465569063,0.00596294448349936,-0.03443478933871143,-0.001164752269694187,0.0002559575481358087,0.0002485782022345757,0.07365418075936964,-0.008200924807002139,0.00015033995092636823,-0.0001286438119909826,0.00012064896120050537
40,0.00044308791173553857,1.3539835758635821e-05,0.033556789160815614,-0.0017018815386772301,-0.00029272703874475003,-0.00016790529578797342,-0.000636743271652019,-0.0024070120279253704,-7.612020587682844e-05,0.0007218247132850797,0.007823073322447121,0.00040841987526418766,0.0003008262572938014,-3.4380704220016156e-05,0.03378145746291299,0.0003349605718578341,2.4140234806624417e-05,-0.006942160923294215,0.0007896627867877426,0.00017729197343818726,0.002492682893802646,-0.29363849555592986,0.000845954499817822,0.016993409443878317,3.595475620557509e-05,0.00029082263003037123,7.549031211206286e-06,0.00018011733501874239,2.660119978305231e-05,0.0021399057548036338,0.0006244553924984464,0.0002695807114802169,-0.003130246264483383,-0.00013986948584070007,-0.0048484880814015086,-0.0029358472258219706,0.0023204658423536806,0.0005298103115572032,-0.00027011535501989675,-0.0007110628293300256,0.0002337120928589992,-0.06885636850832659,5.966598300906909e-05,-0.00033400855564717086,-0.008679037900665688,0.004717535378732721,0.05603601646298834,0.00032097974633570666,0.001387541824656122,0.0005091624095435367,0.06614658342330088,0.0010839208901181835,0.0012824256106573652,0.004165911906748871,0.3787226592162055,0.0002110491989632591,3.7383123308101784e-06,-0.00010121681179543372,0.0005526293112686596,-0.0036332789414313393,-0.00016527922907876458,0.00040491500370484713,-0.0008471575034538774,0.00032062507580239485,0.005674953078010678,0.0009915503064924411,0.0007919201376306688,0.00010136566728931404,-0.00031838120871296397,0.008862326962381775,0.0007206752047914235,-0.16466546189026623,0.0003816726075529904,-9.865308726708048e-05,0.0006449183596900783,-0.0028338116505399573,-0.012489748225538671,-0.04352329934847336,0.003078215587191402,-0.00023175943532781872,-0.00022144509374117603,0.0004836389665756457,0.0008766727971173619,0.0034626997638575133,0.00038143336473039544,0.010214267368259304,0.0008575032928397775,-0.0005985654861771217,-0.0017253151729478937,-0.0016127824245114608,0.0037599825379097365,0.002318001269812478,0.06547539431211225,0.0028177459429150134,-6.981400717553064e-05,0.0020993555307251073,0.0004889747334941668,0.004100488876399038,-0.03865786361380248,5.770713859180583e-05,-0.0054021140865626645,-0.005826843805430073,0.0031335686134764786,-0.10271704378042575,0.0003395051521475987,0.00016694008800436158,0.0037308312203721814,0.00013600414956382683,0.010412203056238408,0.00026831404793831577,0.0035049956661432954,0.01946654437722035,-0.00063617348347326,0.013215823801561229,0.0019959390362087118,-0.0014612534903128043,-0.00020522368949208673,0.000989397796127427,-0.00015027083631161467,-0.00018947785498092456,0.00027726579324965635,0.0002604617041709954,-0.012617504587911325,4.475123389563332e-05,-0.0007568278760300149,0.0018314088992970844,5.6622265101898646e-05,-0.00024527714097362656,0.0010794844083546382,0.0006875722104297544,0.0020443602740922344,0.0003383244591201491,0.00035550362360956683,0.00022273729970365402,0.0026818546736164734,3.492016690300262e-05,0.02352644565984517,0.006215994525569618,0.018886215115191236,0.008635629650164234,-0.16358031844500479,-0.0005887175721770348,-0.0016690869451387606,0.00010238341829250285,-0.0002074560497024472,0.0012287297441972425,-0.0008660234969603809,-0.004380675006518099,-0.0033137179210753175,0.0005875821302879606,-0.004655063380051618,-4.730083721923937e-05,-0.00010603362490040373,3.4922278237834196e-05,0.014158096890785092,2.678170787437049e-05,-0.0033528807763145256,-0.003854491387727017,0.003418935643407777,-0.025013308312625927,8.480010400517112e-05,-0.00479735407834957,0.00015305827666816372,0.0027855922753572404,-0.01201798836803344,-0.00030207858811851884,-0.0002067107825312435,0.0020256089849846797,0.004073308026623902,0.015357760700355574,0.0001794280214583873,0.00982120394391725,-0.0005664124786550069,0.0013256841808570521,-0.0059157109499281095,-0.00029052594998110715,0.00017208190107869992,-0.002902800382735344,0.010202790820420908,-0.000954689064267232,-0.0012566961606554905,-0.001454553432229143,0.010257626199220472,0.0007124682686005914,0.02090261342016515,0.03458888571540211,9.497043844776919e-05,0.014030996545159359,-0.006689360911477642,-0.07692670313779783,0.00037989723929764997,-0.0003396286125267444,0.002994422250989722,-0.004464988472196797,0.0015413665564812905,0.6703174826574999,-8.20661870030515e-05,-0.00043350134004041887,0.0004974075081822654,0.00034899351780627195,-0.00022558383889098458,0.0035871145234618595,1.646515703758976e-05,3.854396358169126e-05,4.0424541313390635e-05,0.0010423112781923708,-0.4370476877650099,0.02165209396386032,-0.0008185139893702167,4.467116402771343e-05,0.0011939195658012165,0.009380802380651962,-0.0004099007120022284,-0.000360684748619511,-0.00261061012091713,0.00014818520567289896,0.008826067622342934,0.011913970405071608,0.00016669845585848275,-0.012742772130430383,-0.00015182103211722892,0.008936269992639296,-0.0037198357188841062,-0.0002841207991511295,0.0026861478265128736,0.00031604092820443184,3.71316852361812e-05,0.000612656011370975,0.0010870595864261685,0.0009883718547571176,-0.00011080713683576292,0.0015329167809106231,-0.00014745067258206332,0.045683430200956984,-0.00046538006570108167,0.0002870992626116979,-0.000438139488039528,-0.03417241339175959,-3.272651121860869e-05,0.001351550298726481,0.002022382003109233,-9.553348680616837e-05,-0.0010292382423345786,-9.839392702007881e-05,-0.004209590147047949,-0.0002236870811430726,0.001025838532548878,5.366622513592505e-05,0.0005159771690007487,-0.010259520742855893,-0.0006835019471874565,0.030401244764961644,-0.0008632794067715242,0.0016272022796116614,-0.008992367243030357,-0.0013597300359556386,0.009919659772846538,0.0004456461123046578,0.0016415927886877955,0.00020711784935256716,0.0002128764747621071,0.0011912567534463972,0.004234200278850769,0.010813319946746305,-0.0001724617714236698,-9.18978691972004e-05,-0.00028367181495034255,-0.009010654267126855,-0.02006663424362922,2.174482527696241e-05,4.3299923031217384e-05,0.0004742828305082346,0.0018398063663465011,-0.00023576664632898148,-0.0004489681430427108,5.610577185054689e-05,0.009541656850832858,0.024237865083900557,-0.0008243160357486981,-0.0002611636039854988,0.068618747523203,0.0010930229717211679,-0.00020599577351512125,2.6155270258716376e-05,0.005375621625416482,3.76493521740981e-05,0.0003251189192644893,-4.30776736532381e-05,-0.0007073053368930812,0.0008075798168275502,-0.0023085849467918106,0.007967138967878776,0.018862803098810138,0.00760711264877776,0.0008828309465556076,0.13296555167068833,0.03230654360340586,0.00018192301720259055,0.00015794044183123314,0.0005037728273916135
41,-4.4803735229807474e-05,-0.0007946534612908018,-0.02568167602376576,0.0014545258636530257,0.0011895436612687667,0.00023559995525977533,-0.0004529298003148859,-0.0012845558683148937,0.0003803848583552004,0.0006549160415370014,-0.01013397708668811,0.00014749254752507296,0.00014620798517952713,-5.9067745457231854e-05,-0.026130741256451033,0.00014366183659201767,-0.00019802611074021433,0.0020000264350537793,-0.0013733158560085348,-5.746377352072035e-05,-6.296341277639301e-05,0.4874179950514456,-0.0039042938754492943,0.006115303600604619,7.203234839065452e-05,0.0012262808213003608,6.454711485337017e-05,-1.704238145107742e-05,0.00016976837489327337,0.002598087632785049,-0.00018906852337334523,0.0007387173233381369,0.002694313499905284,0.0002556877279519965,0.008819445451870966,-0.00478092450116558,0.003683512722360685,-0.0014249375291130444,0.002143205144909146,3.7036867914734686e-05,0.0004832628235473353,-0.013387624688037014,-0.0005404598509331935,4.7296650428213516e-05,0.0008937893153681889,0.0031497070255919624,0.03536878486188173,0.00042938780952444383,-0.0036882830381896182,0.0014392606178928998,0.039382923332599254,0.0008356436731011773,0.0007976529025789034,0.003784945949088297,-0.7017632558678799,0.00012566634640791274,-1.683263512650135e-05,5.515249243666712e-06,-0.0002494424120153382,0.003083928558205863,0.0002771233086561863,-0.0011211762483321187,-0.0007045548322707236,-7.430664398860962e-05,0.004083190553105465,0.0009789661848268565,6.27898842372708e-05,4.262858480296545e-05,-0.0003068470575311312,-0.015398295763047957,0.0003845661091512755,-0.029670921719498446,0.00027531045726809987,8.969074636473165e-07,3.67545763019601e-05,0.004818601398092676,-0.0011611682745738539,0.15609643249605695,0.0017790256737252146,-2.130356428404513e-05,-7.448388497194335e-06,0.0007259815588141968,0.00019333581981431994,0.002572495925027369,-0.00013766577795109626,0.006812262645098828,-1.0449792874701706e-05,0.002169583405156661,0.0001997123316827944,0.003650944541931378,-0.002639039174437644,0.0028777148569183782,0.033360748864899814,0.003317867064755634,-8.077752944008788e-05,0.0003395061591248997,0.0002876988726195505,0.004583382143390803,-0.01603767576391944,0.0004760712874588882,-0.0080087859489942,-0.0005569359185874714,0.001865360076215369,-0.0507511300944619,-0.00021175590851263762,0.00035774146176850794,-0.00012295113290629843,0.00016893380350904014,0.005399345630450022,0.0006415161854808121,-0.0056405815946785,0.011012486089371172,-0.00032335246305745594,0.0016362623035881835,0.0015475445426894816,4.789239235196939e-05,0.0005886250584510241,0.0006359795018676627,1.632204881726884e-05,-0.000290188262571771,-5.4512473183498944e-05,4.642086726423713e-05,-0.001693107421137902,3.72711993202211e-05,-0.00025479408786335117,0.0008980417664851137,0.00034731101338708603,-0.00012072048370055741,0.0020825513105860137,-6.397218154678697e-05,0.0013335132684723769,-5.969079548158668e-05,-8.988200464000312e-05,-0.0006125711784849925,7.748636672399263e-05,0.00043678892112735193,-0.025997453696257854,0.004381022740053572,0.009282717664293054,-0.003554661366006606,-0.05345744118678778,9.225598847410581e-05,-6.636727517620681e-05,6.188644881401886e-05,0.0005773032686036631,0.0009740595206061513,0.0005627822989181517,0.005757276131557385,0.00034574135577012007,0.0007674635838679023,0.0037839753820885233,-0.00045652479264351054,-6.526962667042016e-05,-2.8069457812168307e-05,0.008218934286389628,2.242834577250905e-06,0.002452012289360034,0.0024810043630057975,0.0016747038181242294,-0.0364779173085114,0.0003496560224125144,0.003068571684220111,0.00040561736541960033,-0.0005295010855717944,-0.0031393440669224386,0.00014658806814900512,2.871526380457054e-05,-0.002399594087459044,0.002125418496631403,0.007965007514836073,-0.0001980876718878713,0.0065309259678963255,-2.2236086811436642e-06,0.0005561463364900689,-0.0004479685237541581,0.0002563453508158082,-0.0011345988598781072,-0.000498903820438633,0.006741311387496243,-0.00022780838885443772,0.001762249226862439,-0.003038759895806687,0.0055228608627006315,-8.963410855444137e-06,0.01251306314097412,-0.0005536045722574559,0.00030307351191461405,0.006501911090369641,0.012701299183954268,-0.00756801221248435,-8.502797195839712e-05,-9.593358080039506e-05,-0.0007898801901527475,-0.0006352900449436046,0.004566321071664228,0.36883838171691186,-1.0592991049972363e-05,-0.0006355392317345369,-0.0009586742146440556,-0.00026433988049083155,0.0002579571520519401,0.0022867011496971873,-0.0004269598393023292,0.00031781649685989205,0.00021060649437707694,0.0011467066891921764,-0.2845880890598541,0.016455007727617987,-0.0005787176416968201,-7.208376624801558e-05,-0.0011546913732913985,0.003298990480154265,-0.0005601799868144336,0.002273949170067166,0.0014140402947618314,0.0003107162018115986,-0.002057627310148219,0.006441358912444958,2.6379361988224104e-05,0.005170687682678518,0.00015666819661061537,0.005997220389852774,-0.0065227415792763616,-0.0003458926287116734,-0.0037964566044962596,0.00028081891087570034,8.048329404101648e-05,0.0006792780007456511,0.0012019726708551344,0.0006550405805968891,0.00011103281871379072,0.0004976354684330386,-0.0003946009791604005,0.0226454803902171,-0.0006930339400213694,-0.0007589277082476241,0.00026634582817438744,-0.012608547415396387,0.0003844998501341589,-0.0007323015800744185,0.002693528994882013,-3.341035394805814e-05,0.0004897203594182199,0.00029572079106192405,0.0062079063731840245,-0.00011318092316390166,-0.0004913545544360217,-0.0003940315020488096,0.0003480424576623323,-0.013355247918047245,0.0037516918487707704,0.018353389765308016,0.00036983260337401964,-0.00014590844811492032,-0.004913104942178805,7.445982864554273e-05,0.004445189319927788,-0.0006813666368867277,0.001179989122513569,-0.00013968112310365488,-0.00018940223237391696,-0.0009725143494859062,-0.006428382834913954,0.0070671585450240645,-0.00024606560826577776,0.0005216802355517802,0.000498976124651379,0.009480419901554456,-0.0016406449587350993,0.0001332284876152689,9.153242809224207e-05,-6.390158540931965e-05,-0.0009040907515688694,6.660619355819929e-05,-8.660941355665818e-05,3.9055732639504265e-05,0.005500145548687996,-0.037791997629717924,-0.004135218713870245,-0.000512339996422001,0.0390537967188052,0.0004872125283762012,0.0005685615816160305,-4.6703509356503525e-05,0.003271960424608974,-3.963756592978299e-05,0.0003113452416373848,0.00013123030106288857,-0.0004359064962080744,0.0011893154235074685,0.00026428707752154494,0.0071397441470384855,0.010994039264434667,0.004306319440084975,0.000265990817490864,0.08444271813280793,0.017593952662013405,4.050747507857583e-05,0.00014863264062458213,-0.0001609999812102553
42,-7.08762622445491e-05,-0.0067802459315132214,-0.04560413934504696,0.04158704951902746,0.002128971362760336,0.0037573488759785056,0.003316390745981913,0.017123229763330916,0.0004834523115876087,-0.0016023994223985163,-0.008070024975843337,0.001400340621847622,0.00020100884778974717,0.0018325438846342884,0.1229144639252159,0.000760430849862874,0.0006320719007396856,0.018748583773095465,2.9258523383094565e-05,0.000150132631373881,0.0004639466103749327,-0.02985090217372057,0.005639386938285883,0.007462661837068705,1.1860772952400692e-05,0.0015976916995860332,0.0005850295125719301,0.00033198981309304904,0.0007165105276097788,0.015334221305947148,0.004458843617273861,0.00445176242263344,0.008152287377805836,0.0009591517547125603,0.0012363044646510693,0.03473552081060992,-0.015591399538975582,-0.0007535278466659638,-0.0030768529273028818,0.0004814282972151237,0.0005114633906931315,0.2089119670067488,0.004650494653673366,0.0008108883221360015,0.09981325066138491,0.009071931532277883,0.07123062602668477,0.0008205230534014431,0.006601307264072894,0.01564739743325943,0.04894404534204664,0.0011703036730855276,-0.000828534910079109,0.008269607577161645,0.06364739106712501,-0.0002346354963121181,5.775728742052084e-05,0.0003198496003176787,-0.0002540737363676554,-0.002756621481802564,0.0002475331584496537,0.0006101683295615304,0.004306937721728717,0.0002757353623828117,-0.005048530437321334,0.0010821624395226037,-0.0003230407350098834,0.00015875107613904337,0.0004991170795679348,-0.04663157953319812,0.0015304097713465096,0.5221395959628068,0.002227702111171597,0.0004478211471872494,0.0004855605965654237,2.1378466210025295e-05,-0.06456806018110228,-0.04730782489561369,-0.025341311724263026,0.00032084579322990656,0.000363661433305848,0.0019034978484870693,0.001249753148070527,0.012784420878822578,0.0005575545821663046,0.04409192710875475,0.0011628979201220649,-0.0010568087205506359,0.0010894568013712792,0.00031815892846262257,0.022010789232902565,-0.002014462853342124,0.007315771647939152,0.03426382508474185,5.323838572680092e-05,0.0006607399585503018,0.0009909885607344996,0.004624606529389352,0.021537560565240494,0.0012678701977602454,0.037039885490763265,0.06944086928963165,0.0060478665492037275,0.21330188383928395,0.00020279254077676563,0.0007173973946823834,0.01216287837308428,0.00044321159870167525,0.015224857953782943,-4.01467546422607e-05,0.004406621303753578,0.012070724703327207,0.0008485182733240031,-0.03834580242915092,-0.010060481879642159,0.007188428985636886,0.0026361771353825376,0.00020772455340509113,0.00019356717475304012,0.0002894418244914939,0.0011242340712597676,0.005790191269654713,0.04035750280727159,1.2962635169686096e-05,0.0017398769958174385,0.00018851268479645744,0.002622508606251175,0.0006643899026560936,-0.00618352773296791,0.015058720692566143,0.004240785217353634,0.0003192437191499089,0.0005044714076224031,-0.00032200921525538844,0.003173928472535474,0.00697692334010245,-0.01988670134666512,0.007815824941780646,0.0032907657695616134,0.0632187693204844,0.2794313902534429,0.00196446513541532,0.0057136969186071,-9.988304288086542e-06,0.0011057197420866137,0.011363699425697536,0.0013965086779446508,-0.003055533311995727,0.016748845130472537,0.0013830640370755473,-0.003114227010766856,0.00032592116672706256,9.970466252537109e-05,0.00010669437768834935,0.007039589094452512,-7.975372389453493e-06,0.014328306956783731,0.0038947698832140455,0.0034953109096940737,0.014100158482770145,0.0018801330048077848,0.005075731191578797,0.0002820578625555444,0.0013095110444268734,0.042231747249476294,0.002317667776779594,0.0004188138357534339,0.010454009787621857,0.009193139724416408,0.019839208502402374,1.595878952313865e-05,0.015734303574905326,-0.0002750490187732716,0.03225308973103195,-0.00220250284206374,0.0008199869776404701,-0.0006155484774030843,0.004492306266940405,0.020059181903497782,0.005883136214745059,-0.0011033235832388806,0.018714260795888924,0.0024862355878415756,0.0024957923120262925,0.044283906594030115,-0.17015072985667895,0.00021523392589357752,0.012153600917820502,-0.06345832786439168,0.4189614310479033,0.0003659401578896288,0.005285163969115297,-0.013253140618239826,0.001719047033775382,-0.014065608813616085,-0.0041839450884239085,0.00038143520323027534,0.0018239530068771294,0.0048865493827986205,0.007911729856030059,0.0007973297206031694,0.035819271321660864,0.0007705859983730955,0.0003855072660416039,0.0009343592056273897,0.008609109925626886,-0.4202152716286924,-0.07817230387428015,0.00728640344569992,0.0004297267094249298,0.00558616171366241,-0.017498292811647987,0.005287144542876739,0.0167748715482163,-0.0048593330556151865,0.0008406813445382367,0.011445965984454708,0.0013391437745266994,0.0005104650311511538,0.06905781382991744,0.0010209555172769427,0.010342131546834618,0.01886569944898999,0.002483228522517749,0.003671569543133596,0.0014710038511162459,-0.00029621246031228646,0.005335049689425295,0.0010765871373514975,-0.0005645690131654518,-6.708426501299989e-05,8.402417679562787e-05,0.0010690622671961601,0.01066517221169866,0.00029324255570629433,0.001754304696571949,0.0023813713163106974,0.08259464426423405,0.0028043763154575905,-0.004394881275375882,0.0015624686138377422,0.00024638757990418157,0.0034526108003988818,0.00039567490151726974,0.0002708041478083111,0.0009274165241616517,-0.0006966007928356098,0.003220818817120297,0.0005421454473153695,-0.008450966993334322,-0.0027738218991447856,-0.024728097243585365,0.0021990427735164614,-0.00040333630380717626,0.04494059614749246,0.00891642590166348,0.02033214763520781,0.00011824984103403144,0.00377661803527938,0.0016794422836092435,0.001111986260139401,0.005617831796949503,0.005896692956208481,0.010540253791603622,0.0005893937626267139,0.0013838766617638328,0.0025666500542398424,0.21049514046790646,0.10827365072686045,0.00018423673690676668,0.00021110519107535812,0.0007791726530893333,0.0019008433524273574,0.0014432421542147353,0.00186736265771299,0.0001629088451121385,0.01014247115575663,0.01352323159236127,0.0032927931797377408,0.0007130314078895698,0.03838587648557148,-0.005685770685721752,0.0011686768422304156,0.00016161964038302742,0.006218980832631355,0.00010103612854074666,0.00012502794989547455,0.0015452956432091347,0.0012727886535195045,0.040075385024349056,0.00772413782269819,-0.03582216123138,0.001793755230710749,0.012134502032912813,0.0012029583096982706,-0.09459618731153778,-0.00788668350448802,2.9270202113061607e-05,0.0005080685864859195,0.00010148221440336628
43,-7.327499700973801e-05,0.001169837021411461,0.00477268725527351,0.006906515669307795,-0.0005598828898852881,0.001595506545595319,-0.0003747139794212564,0.006729518374037284,0.0006472948872910597,-6.171969127881718e-05,0.004786608126120341,-0.000786638416130251,4.907433790101584e-05,-0.0003846152282868283,0.8072533842839456,-0.0002902827785015369,-0.00018589557903122764,0.01880600164603647,0.0004227674334978983,4.112197352900554e-05,0.0036358107465671308,-0.01485139265031041,0.012975733665245941,-0.006631153936007248,-0.0004415025702081129,0.0022867894216031387,4.8975839298148055e-05,-1.752999892130555e-05,0.0010291477747524438,0.02210950180376211,0.006215876384506415,-0.002640730061964608,-0.03258757264204594,0.00030755256929775564,0.0005326705453350122,0.0012929009523956377,-0.020692007783039375,9.151996563430565e-05,-0.00392805271420562,-1.0258605280529659e-05,-0.00017962944335239532,-0.09554084019628113,0.000493857870703978,0.00019506128662260744,0.0865103858326256,0.009397445894094632,0.05659220252814562,-9.888603943072893e-05,0.0009156969520081925,0.003908202219585069,0.029140078349606535,0.00023151083876220881,0.00032993864039166623,0.010150242362383148,-0.07464662343823497,1.6411575132629919e-06,-2.0206626992633203e-05,-6.841718370298715e-05,0.0013871008391899997,-0.00858251133180158,0.0002381306186047009,0.0008421675524071326,0.001466761395901581,0.0005847733844864802,-0.021276164484469937,0.0016562851767065066,0.004505002681898667,0.00016611358691044913,0.0001128555138237254,-0.02951797439859946,-0.00020086011727273555,-0.296499471618972,0.0029452306619826983,0.000287239479062638,0.0016535411114809162,0.00030166225103068003,-0.11621147348672127,0.012595887481020113,0.011974572332278086,-0.00023643242913174226,0.00040043295331320555,-6.822662299172527e-05,0.0003598108602002256,0.014473635384682122,6.37315224781207e-05,0.055406334960884054,0.0016432601564463356,-0.0008224435441247235,0.00946484566920545,-0.00035693462547073396,0.01655111620733505,0.004800284278766181,0.028686386400143815,0.025205407993970218,9.22064107083849e-05,0.00026649576374468756,0.001791457324053209,0.004899612889602584,0.005008779441711506,0.001571960999267671,0.050660614148070576,0.04087446128374997,0.0031129984402311975,0.10422021085346889,-0.0005884145013147907,0.00024064034273354323,0.019904612280193686,0.0008695485530241069,0.01091791614973394,0.0009545051635395851,-0.0009106266592419643,-0.014289264381114285,0.0002966579534080284,0.005633976845557498,0.0034777157497350927,-0.0016962758488894836,0.001047055357701292,-0.0003574673632544198,0.0003644906228406179,0.00024173898296291334,0.0004753742301817996,0.0030913942371423274,0.0031834967957441603,-0.00010684878119842766,3.7751796491274775e-05,-0.00196482777463379,0.0011190378486805083,-0.00016584006397150767,0.0022099443424624388,0.018343237614393416,0.002733920024603707,0.0003206917189174462,0.0008214835157043469,0.0008078455864845681,0.005271275113326723,-0.0015361095865658106,0.0825438189032708,0.0054794432102887244,-0.005485536784257245,0.1482577510473294,-0.09866489997983616,0.00047012601136672827,-0.0002100826831650715,0.00012465239503174088,0.00041701591367374405,0.00035541715474753446,-0.00035326973833140645,0.0038908042390845042,-0.0015604340936142863,0.0011653894963598122,0.0031748601103709943,0.00011741898185258295,0.0002176381613158175,-2.9861712756039794e-05,-0.0064953175387045675,0.00011080399167517793,-0.0041425053367049325,0.017159536939572125,0.0034811059866579706,-0.0094215931225782,0.000820986447194666,-0.00042321337250719683,0.0003998781612180413,-0.0016540032360290377,0.009969354039502972,0.0011673333129756241,-4.2379114798893856e-05,0.012264783463647871,0.0038619263034329193,0.01846238926166206,9.325139868573973e-05,0.008514192743185711,0.00016800455653340814,0.03830093982982611,0.0009659583511300862,0.0007659173265229611,0.00035463917997631436,-0.0016650839721471817,0.013335921265016365,-0.0007214678939469303,-0.0009424327620609213,0.008055560339883548,0.0006426617689609987,0.0030223184663514466,0.03983359072329596,-0.014320896139929064,1.7076107678010155e-05,0.008088226417679187,-0.07644565810145228,-0.15258046453525959,0.0007792037483484553,0.00037307793408848135,0.0018335514488499877,-0.0006937568007582169,-0.020000879658518718,-0.22024713670485696,1.7037111742701158e-05,-0.00017482299294705253,0.004877147141385839,0.007514413836186203,0.0002974364779597255,0.03888217644623004,-7.743481240843103e-05,-9.787435663177746e-05,0.0010259376594869574,0.009158380954957964,-0.12186554565095295,-0.009739441420972016,0.005090691310796761,0.0011225980239747211,0.0046084615267560705,0.006627556002969451,0.0035080571253463134,0.01934642202812944,-0.008060762656751708,0.00039123811757548225,0.019319408970114707,-0.002990304517645702,0.00041106034570733557,0.03649838041328565,0.0005741433858030556,0.008334743781513845,0.031009052820539625,0.00010999778971643864,0.004640233446472205,0.0027218444274105607,-4.134045161438527e-05,0.005972054185703369,-0.0001315937521561884,-0.0009456863008328736,0.00025565804053807677,-0.001177895910165025,-0.0005160565616211948,0.006181838986270812,1.7009754463830074e-05,0.0008284512732685961,0.0014829837001312989,-0.007427504785207664,0.004501780053080114,-0.0034501400814175923,0.0017302587461203688,-7.394678765071491e-05,0.003572177600663964,0.00125243430161319,-0.002775641033410041,0.0006616846328449894,-0.00021561254186221277,0.0012613391400046262,0.000561765475701644,-0.0015574712783883449,0.0009638804584227237,0.0284799008720195,-6.997003845280987e-05,-0.0003674966515950853,0.016529445539755067,-3.5613955519221783e-06,0.014427114680335196,-4.652085073126146e-05,0.00234580379408008,0.0010715673218440747,4.431613443310958e-05,0.009778565544882892,-0.017336571065310176,0.014176864727008472,0.0008216143513763087,4.523425544380403e-05,0.002494826447533783,0.21087690909896561,-0.04377152526130904,0.0010929281668909706,0.0001388977792958773,0.0009524900544747078,0.006510732690026141,0.0005591976584504925,-0.00010746219774162083,3.547244961079818e-05,0.00844985801808261,-0.00875772829424022,0.004074089378738444,8.841617207858317e-05,0.02616854707972447,0.002669544864795481,0.001191322976768665,-0.0003294881123135293,0.003434689577519648,4.363836541062226e-05,0.0007243037054885694,0.0009655639947508694,-0.00028496941527780817,0.03578280197747337,0.014175732447080744,0.007455427824932484,-0.004974931997857198,0.014295964217384084,0.0011242907243938782,0.039969057093070984,-0.013872676408638918,1.3335750517059694e-05,0.0007297840775440205,0.0013282068004035127
44,-0.00031381883563998494,0.0036061201417882313,0.02242915868314422,0.023380677531350313,-0.0007064672134478867,0.0006790006157541273,-1.8835965425907653e-05,0.01947207502236418,-0.00030813103017612864,-0.00936115241879329,0.0033213368017508058,-0.0017583753155336196,-7.298496772252527e-05,-0.0014375047582183692,-0.294816134308512,0.0004094658495061021,0.0004034188703223168,-0.03424354357902007,-0.002060268098595039,0.00029602873764264515,-0.0035071309945838014,-0.0152440658726662,-0.011218089609683374,0.00010158029059043061,0.0005739010214300608,-0.0029024861959449644,0.0005406143878775305,0.0003744794156798417,0.0006080322382958914,0.019991582133036867,0.0007392920146289533,-2.218143065885192e-05,-0.002810076924076324,-0.0009109681689505678,-0.0014068504805651375,0.0062765359670761585,0.0197897006754863,0.0013218140544254448,0.0006052315250859655,0.00037271417041671753,-0.0001728484916434623,-0.075846863418089,-0.0025782367701190252,0.0005858709996265895,0.13061176038723143,0.006180342095556141,0.07542137629321337,0.0010206478433879632,-0.002415235247173351,-0.008427683061514164,0.051243310526312764,-0.002169737882541807,-1.065931239771804e-05,0.006707499387684629,0.00495069965016974,0.00021874980115356955,-2.2237027317642544e-05,2.645826306012667e-05,-0.0016255794657413533,0.002038064828871554,6.685530979315228e-05,-0.00027247014799202665,0.0015919993702481722,0.0008563442191213298,0.01263673899892126,0.001921919970212235,-0.00459694618326508,-8.451169160088049e-05,0.0007686612781089482,-0.15748562860443088,0.0011661413196235038,0.05923623823631016,0.003065883138002646,0.0003427571981518044,0.0004432169350488285,-0.001114403372405405,-0.049959499373214526,0.005415514824900311,-0.0012962203231844816,-0.0001836385104848296,-0.0005267805344350129,0.0008624347688351618,0.0009844803234743127,0.009416034020690472,0.0001797114814752173,0.04418126038247573,0.00046147024883781695,0.002337884061885648,0.0008492798058127044,0.0005832957804787348,-0.012907707007187711,-0.004201747568752369,-0.029766117286983244,0.032018664340062244,0.0004700626589944877,0.0012202074329973637,-0.001361738079940718,0.0021052056683469704,-0.008971525552888278,0.001940001285339448,-0.040954656295606295,0.05092475515031975,0.0030581992323754324,-0.17630548237396132,2.8140264138158677e-06,-0.0001557505279204069,-0.006474500111262135,0.0003344090062082118,0.011835821147705606,-0.0009468985530290961,-0.0028086393408876583,0.0018652697381450886,-0.0006535751737308231,0.004263209228884984,0.00630869172640855,-0.0025214762131893858,0.003479218239347477,0.0014071160084645016,3.407450123486637e-05,-0.0003070896255358878,-0.0011481950950211258,0.006338182388649428,0.008971209653609282,7.84835351998706e-05,0.00012640772685917206,0.001199577342255476,-0.0006858227770487947,0.0005079803295071567,-3.973826401864472e-05,0.0176073071599886,0.004926906328690468,-0.0005076787521823174,-0.0003208043531624967,0.0002757248895336787,0.0007262014643736906,0.001240888120971456,-0.0005109384821343488,0.0040696832443995745,-0.001493682630033277,0.02130309222226926,-0.02740014805220191,0.0004785009204502366,-0.0024739696510506174,-0.00018178632002591,-0.0012617273946447871,0.0027412458460389774,0.0002775400537627984,0.0016080910918995976,0.003721467471082182,0.0015057217199990634,0.0014679345463568935,5.650636440620617e-05,-0.00019008202228930175,3.618131719753667e-05,0.001671969376840587,1.3086863934745239e-05,-0.01091788301329165,-0.011546159693822835,0.0023227417236608137,0.012697968615284255,-0.0008790144472637305,-0.004480400593034613,-0.0002374267496646381,-0.0011178775493670585,0.031198997075284965,-0.0003348621192592556,0.0003064503071616904,0.014488074985072827,0.0066474188575707666,0.019968604520719975,0.0001367361658637582,0.013412698989188005,-2.20037740267659e-05,0.0532009902070754,0.0002757241965889237,-0.00034717483434081384,0.00021431456781695866,0.0016939999376626104,0.015619709732761482,-0.0028066949111691755,0.0017930372115541604,-0.006168686650379231,9.95314859074288e-05,-0.0013058824271891378,0.04483701003838766,-0.019561769828202173,0.0004357918073175336,0.005066389530660945,-0.14638095645114252,-0.3111440424821676,0.00014735079440659354,-0.004037920577950193,0.002782292079508801,0.0014270557440335362,0.020864396989879627,-0.0044474213942851115,-0.0003852690498005939,0.001523500865120202,0.011893423648004116,0.005627553527276926,0.00033994702519111325,0.009603803252599474,0.0003586218921467874,-5.657094323959638e-05,0.0008464178250419041,0.011152757556962666,0.08785058671648344,0.022263978306613738,0.006758660823764115,-0.0006526537112466072,-0.003666885852750147,0.0016081974050748613,0.004176904098969392,0.032894237527899516,0.008856858220091177,0.0018952732516259573,-0.010285655574256293,-0.00042548455704421485,0.0003296915137113235,0.08384865175001191,1.4865143366037331e-05,0.011606714070193185,-0.03492726655049554,0.00011757100304441923,0.0007799894440207158,-0.0009293046374768419,5.158420160652371e-05,0.00545095708393983,0.0005331471450747342,0.0008905932257655051,0.00043211302287617006,-0.0016565425888742241,-0.00020618477243207565,0.0014692868705014554,-5.04047191223992e-05,-0.0013659354017976867,-0.0007774868339439141,0.02115219773519684,0.005987804560484383,-0.02044971324543137,-0.0003617149860992812,-0.00011144158161144422,-0.00041424133217192807,0.0003259582259076036,0.00022749098780429702,-0.0003924327835010551,-0.000726428806804845,0.0028852356628484436,-0.00025744814599681356,0.01279045881684604,0.0004931580373205755,-0.010307813782331136,-0.00037198578408787646,-0.00021652777384484345,0.0041394544156957425,0.0017786158751398337,0.01838225546700499,0.0005435102567219194,0.003565261796364459,0.0012573841145148007,0.0009299415060910806,-0.00243964361250972,-0.006356145924658552,0.0035426442090511004,-0.0010908615652507456,-0.0004437413910943763,-0.0015904556106371127,0.8069893664284082,-0.02633094892140119,-0.00035148907800340947,-0.00011054260584523557,9.410197214438374e-05,-0.006903031209115994,0.0015913916800688842,0.0015527131559570882,0.00032756912659690114,0.01019465485834199,-0.014298584508568406,-0.0032179801790720042,0.0006258346497962711,0.0416990144679054,0.0005931674146806357,-0.001112774223310031,0.0005545358128370595,0.004426911131982486,-5.106387332125847e-05,0.0003254525412617233,0.0011647498210447028,0.0006706751702030144,0.06251920626172612,-0.017780025413937493,0.009425699212713228,0.00044961929643283494,0.001508937816787469,0.0011932061279566319,0.00441723372609415,0.01606952716271333,-0.00022634379051912103,-0.00028352054104127406,0.00028484720202214507
45,-7.263526569871768e-05,-0.005949428947602606,-0.016583201203055745,-0.012794241990958913,0.0004320549701390501,0.0009583332758427918,0.0003073133182329834,0.0018424927660315674,0.0006131370642039058,-0.0019226571822812955,-0.011118949448911482,0.0002456325792967867,-9.980015653986846e-05,0.003241769635116857,-0.06749186501800042,-0.0005483641468043143,1.8856494875089946e-05,0.05888613851780661,0.0005181948018718359,4.337379567234678e-05,0.005860148502473553,0.008162866462073419,0.021318879539624334,-0.003903018010894106,9.928174183786512e-05,0.001264855913382018,0.0008898991508519347,0.00011411127785770225,-2.6036841394443816e-05,0.0008350364305804575,-0.0015845695341383088,-0.0027619434142064185,-0.00654342934790305,0.0006690452305229863,-0.002121847406086591,-0.0005995186799490565,-0.014065543754703383,0.0005732037535047424,-0.0017731682405511266,-0.00019282560653992526,-0.00023877852936288245,0.047838706889135274,0.007886753148482625,-0.00015537010484936823,-0.013459578063343483,-0.002427700464278559,-0.011241361730041012,-3.787919947253679e-05,-0.0024709644010793863,0.004721016482695184,-0.008198396828579074,0.0026227369460293916,0.0007143736868619388,0.000988480031829748,-0.009188037218439363,0.00011017761609530952,8.630767809176751e-05,0.00010481513532616867,0.0011329111706766793,-0.003505106765536805,0.00031731731609069616,0.0005069676688954493,-0.0014259915875865763,0.00022599011229061254,0.009230624620748801,-0.0002570306046848985,0.01040647664659484,-3.8972387367092686e-05,-0.0003193989158864326,-0.04633855404673126,-0.0009346993254617847,-0.3704238717518767,0.0009130383410608933,-0.00022442720935651593,0.0008780667132788002,-0.0027159212069101085,0.0022276671926759403,-0.004208938907758461,0.008802777974514332,0.0005489029933651822,0.00043765179587350073,-0.0004907918133699569,0.0004415482359734417,-0.0006477056764601754,-0.00036144901311500476,-0.001236146718950837,2.064180576308392e-05,0.002042523362730711,0.01493693203007235,-0.007536655509237244,0.03524498763858495,0.003876120344955147,0.0030361814648267975,-0.005578239161741697,-0.00011837545265324397,1.7240028336449592e-06,0.0008990481161705594,-0.0004031315651971466,-0.009272899542760367,0.0006029055185058447,0.006471865143506245,-0.02298681627752161,-0.002976387539545056,-0.14963839767942982,-0.0003275740669352097,5.709444108072592e-06,-0.00310292007703499,0.00018102459437860157,-0.003082743001509269,0.002541659604161255,-0.0005530239966371345,-0.011080324447856534,0.000815014689683024,0.006853167242475382,-0.014997860091921496,0.00844986869940039,0.0008834980200306661,-6.251282124680605e-05,-0.0003673667803027526,0.0007575573568513031,-0.0015303009831406141,0.0005352994751481092,-0.018023387790696774,-2.269560710155689e-06,-0.00043109335812615093,-0.0024540182373697667,0.0025540538665180185,-1.572520392549429e-05,0.0007956560959350503,0.0029702407522175915,-0.0003582411736783159,0.00017668864342401642,0.00013180382950589951,-0.00035885378462148553,-0.00022107919022050428,-0.005308439749267514,0.11199830596483895,-0.000996821042421465,-3.446372834168404e-05,-0.00018548571566476095,-0.3095665568514873,0.001537235569999549,-0.00023905062251874782,0.0001968170116833575,0.0011428538273445625,-5.0574477875100447e-05,-8.76626469956964e-05,0.0004881575444649738,-0.004141296552013567,-0.0004897584470612963,0.0001561691587298988,-7.946336780211103e-05,0.00023566836637143148,4.580249667580005e-05,-0.0035720694290043236,4.621545234366974e-06,0.029908693175457364,0.013442944296756704,-0.0014286118982334776,-0.04016184266143235,0.0015417496370442232,0.009348769544305677,-0.00025091241588970787,-0.0007078532607900151,-0.009623144797267643,0.002118743769838352,0.00041814257650489307,0.0074891397377503345,-0.0020854765922458953,-0.0023456208777858896,2.822265373437214e-05,-0.00393459191993749,0.0003078108578674848,0.009749331129696141,-0.0009867227290229104,0.0013828615585083914,0.00017066431371122877,-0.002874860719457265,-0.004548192510892089,0.0057886771196921545,-0.0036477067037581686,0.013507028255171121,-0.0013490805392833254,0.001933614051722145,-0.002674458363064342,-0.05518651613852476,-8.751618017213345e-05,-0.0022360962875396318,-0.03509595042441067,0.7697676025400346,-0.00046529083508972994,0.009478106785786361,0.0005184682708503554,-0.002755394157577107,-0.005818531321136106,-0.001566011082700004,0.00012941581129205878,-0.0008265729399911532,0.0029670675290480635,0.0012801451081975238,4.753343235960101e-05,-0.005064418010374629,-8.105413918454432e-05,0.000333065010640044,-1.9608691451437698e-05,0.0013022525857378075,0.1596731717195445,-0.006132751908221556,0.00015347603345622473,0.0006443118522286512,0.004327644690658435,0.0021602099076555832,0.00219575467130601,0.004557334773846728,-0.0032150960750196066,5.13561896823519e-05,0.002534327736516343,-0.0006701971946018596,3.786305790132681e-05,0.0033440390479698573,0.0006578973689776333,-0.0018882436679774231,0.03217456281645645,-0.0005755633728397017,0.0054932453601408944,0.002275302162743987,-3.539980198802366e-05,-0.0001507400292061223,5.746464503835342e-05,0.0006976834030386265,2.8741488062797305e-05,0.0007648905888974654,-0.001101233454480017,0.0001462391572545534,0.00011475421631665893,0.0019064666318978488,0.001672436776283386,-0.02449882034301887,0.0011099988482201847,-0.006403282938120532,-0.00048382249308954745,-0.00010427540177363175,0.0024740233482269066,2.557449838927864e-05,-0.005347816415607862,0.00027527346789121116,0.00017167051915153433,0.00041668980402799607,-9.83572084155412e-06,-0.044560283705382855,-9.141989602514874e-05,0.04069351423449874,6.023680251753491e-05,0.0009184206639680451,0.0038828855833393993,0.005104774497507475,-0.0027354428682190932,-0.00022873815790071397,-0.0011608090839299815,0.0001781329593334149,-0.0005619988915524583,0.004003198599983033,-0.0025064129656506735,-0.00323048047038709,0.0007860155818549305,8.581232545298329e-05,0.0016201353536745488,0.24487123573898156,0.034275675426126334,-0.00011378540062670342,-0.00016136863394812753,-0.0003976509919638941,0.01659200885854635,0.0003471606500604677,0.00014818482026225963,-0.0001121801453282937,-0.0020756631745436254,0.10817609205453359,-0.005647519925474487,-0.0003112278485684632,-0.003170124156025742,-0.0012300391524422277,0.0019170239964264838,-9.75666981405587e-06,-0.000938835419623673,1.0762125214158178e-06,-0.00011574379502749508,-0.0003718040289789436,-0.00041028016151098065,0.005788203028257063,0.01451496987010771,-0.01094197229639535,-0.0013373638866645199,-0.0016117186029986552,0.00020325180082296105,0.09519788691419402,0.006093208737599573,-0.00012662645276115595,0.00017010564769603042,0.002280230065993196
46,0.00023031171924116074,-0.003293237768444472,-0.02065680733595511,0.0017289344561774236,0.0005877436718456919,-0.00022957813260285342,8.945084784519469e-05,-0.0005102052843696161,-0.0001527157429413381,-0.0004837822984844059,-0.00559664107410994,-0.00014837097424192508,-1.959350624171352e-05,-0.00025554937446689574,-0.09086399082405146,0.00019739876744674645,0.00010050162630030612,0.022264895774931945,-0.0006302197084529435,3.0602719774966425e-05,0.00030966865183895687,-0.02964270875125934,0.03494760762169777,0.006732621453053533,-0.0004806821725920618,0.00043416831935812195,-0.00013477837993215724,0.00016475985796239427,0.00010576792942995628,-0.0010689100244097721,-0.0004024684535353651,0.0017030256226621687,0.003933262610077148,0.0002529948117968076,-0.017553706334224702,0.0015542014673177625,-0.034684974416873376,-0.00026964775672205874,-0.002285710591704172,0.0005362473662485412,-0.0001981941845985006,-0.005464807292845699,0.0015537989820798167,-4.474833552817713e-05,0.002115520218946336,-0.00027023293982014664,0.0033956878987425184,0.0008100866248960843,0.0049583289259465865,0.0008898091312918791,0.005186471215584699,0.0017116247231819108,0.0001398292271079073,7.006286348403023e-05,-0.07444269184162083,9.339456190168068e-05,1.6810221904655915e-05,9.176322918644469e-07,-0.00044019531204643274,-0.0043770593419675844,-7.225406455889372e-06,0.0005896988177884288,-0.00022451956963782742,1.624095037677884e-05,0.0013279076649739263,0.0008611148173563706,0.0014187193339932698,0.0001901743657542526,0.0001760913397795743,0.00732500565638311,0.0004368619583412026,0.05767896694461565,-0.00018600393110711428,0.00012118807021892653,0.00044082732453154614,-0.004910474034998914,0.010735054064480018,-0.07354175923420825,-0.0028284818731214197,0.0003745382398354989,0.0006699204574545688,0.0005985536383461137,0.0007798860562428589,-0.0007338137229163822,0.0004120446716692847,-0.0046667570722354265,-0.0003281026199276685,-0.00038812514113643025,0.0748409501712664,-0.015142105454184682,0.005720311477155175,0.0011978696819688278,-0.0016011761829559656,0.0005816565509845252,-7.669864567508159e-05,-0.00016340246966921887,0.0016655809743860103,0.0005525092338232469,0.001673947104131504,0.00021890414510243356,0.05553904480971336,0.004476334585556005,0.0007747265143311062,0.03973191196880996,0.00014369625813591327,-0.000323372329066437,0.0015162340889885413,-0.0004911818994801996,0.0005820084584847998,0.0006813226770795565,-0.0030072889872755013,0.0007419578224102969,-0.00014661819451022322,-0.0031038135102627804,-0.007165544853558085,0.0001980657660829192,-0.00014773827695708087,-0.00015563731381441816,8.138693612174536e-05,0.00014998294515853258,-0.0011584082045742357,-0.0003264056351652179,-0.0013911963631536841,1.1116484390548539e-05,-3.0399270027652546e-05,0.0013540340693802416,0.0002470187784747836,0.00014278162691790618,-0.0005485080809246173,-0.0015591588042636103,0.00021708105564894904,0.0013212107696152966,-0.00010286671845178598,0.00044901364055412694,0.002267956232537459,0.0017085467311533835,0.9512414938574812,0.0008550944919011316,0.0018869335648477874,-0.014768986679478693,0.07728600044116544,-0.00014559417957039217,0.0012527003727024785,4.953644196837667e-05,-2.9560460131700193e-05,0.0006244014353911195,-5.690721005058752e-05,0.004081775417936083,0.0005907041295770712,-0.00010716799060027707,0.00928454717967057,-0.00013171069055135064,0.00048031572908215775,-1.2436181705623964e-05,0.0007873570937223795,-6.803234154410435e-06,0.0028245933450945443,0.06367376132642,0.0003719164005190948,0.0013480232313045487,9.068127258935951e-05,0.0008898982599216679,0.0003622650779484368,-0.0009665843419227049,0.0008373641054911334,-0.000676282893484166,-7.238688608258341e-05,-0.002601475678648768,0.0010731107718475984,-0.0005868353414142033,-5.5997635425061865e-05,0.00256656143296273,0.0003357366396074844,-0.0025122969639478233,-0.001813610501066109,-0.0002013296820561172,1.0826413941230435e-05,0.0007150494234546179,0.0005089942497370146,-0.0004984474539394788,-0.011156995818894573,-0.0035921432426609134,-0.0006081809834454933,0.0005040915277347373,-0.0003172537372641629,0.005569963982852506,1.4615648973774834e-05,-0.0005656348043479257,0.006390529782546613,-0.08999252537639438,0.00231181087416213,0.0012217133367411895,-0.003578534770284785,0.0019849144834754497,-0.03135246827788093,0.011691397987766292,0.00025698391387349393,0.0003082098887930684,-0.00036796104921882084,-0.0011623131584982255,1.1515788811072153e-05,-0.004426428925968742,0.00024283566378468006,9.316804852204947e-05,6.592307692360579e-05,-0.0015157487983469776,-0.02099087215217412,-0.015609756234742138,-0.00047412921808214804,0.002565348839123462,-0.0006815090377492994,-0.050736832187985914,-0.00048037878994883687,-0.0010290502260718246,-0.0007865404132694001,-5.9229629896569635e-05,-0.0040940096386541825,0.0005830852424262983,-3.3035365214883344e-06,-0.007944458842315582,0.00028568758370280903,8.516197338256926e-05,0.0746615850040258,0.00018275662084215813,0.0028222462210121544,-0.00047951332493683275,0.000122035754032554,0.0008030978215978633,0.00020032457615500255,-0.00105790754057909,-0.00034740386312442223,0.0006093848499168081,-0.00037483731689129905,-0.0007023668804237064,-9.779265828707348e-05,-4.598370292394809e-05,-0.0007176719895267015,0.001723004995129715,-0.00030137915182664826,-0.000867600500038162,0.0021656022739313845,0.0001537418866112382,-0.0005999174279201667,-0.00013319267218098697,-0.014843146438419531,0.0017688924219128996,-0.0008893243788756,3.211908636023856e-05,0.0015612328043082308,-0.0030326418270557216,-0.006600593439805218,0.0029532816322781993,-0.000376808646581768,-0.0004594783945741296,-0.003862717633765122,0.000993102639993021,7.072713167991917e-05,0.00042165715171268135,-0.00043564046963481644,-0.0002684690071823627,0.00047874395006892306,-0.0008671337948494978,-0.08483436550815354,0.0014538689281320856,0.001315389317875873,0.00034427622239767506,0.001472163257844224,-0.04013266579991309,-0.004154852644280154,5.8456085899631725e-05,0.00038147825662891526,2.405083982749451e-05,0.0033191617753947312,4.1220724948533294e-05,0.00047578816061521914,9.094657487367791e-06,-0.0003267551819977569,0.13028910777549307,0.008633697579597952,0.00011800604018480376,0.0028712399594845563,-0.004114939006108105,0.0006256491073735066,0.00011473237854775758,0.0003936418417282814,-0.0002788640804565987,-1.6151632858886662e-05,-0.0002500546815191037,0.00023561534483083207,-0.0038066015251019872,0.039549678276731115,-0.004859663473929195,0.0016401204880466726,1.4525291964184533e-05,0.000113727396118991,-0.017487936346759686,0.0003074396442048358,0.00018396647980692068,-2.607862365434227e-05,-0.0004838844907909376
47,-0.00010965646767434667,-0.006954518690444634,-0.009003403583892445,-0.016044232303685565,-0.001992149493367179,-0.0016422524362908995,-0.0014579116209336943,-0.005574965911893938,-1.835848217044897e-05,-0.003674211524252735,0.002733725736333001,0.0043152937838062625,-2.4494860455612916e-05,-0.00033492181009311256,-0.24717558294605588,-0.00030658564877386954,-0.0003999101370153052,0.04575128907744577,-0.0009687809385058848,-5.812484338314772e-05,0.0024854233102811728,-0.003193310938222395,0.08230316572093765,0.00556625774371218,0.0001526383424374049,-0.0003993845619585379,5.057248285864763e-05,-0.00037110324132713646,-0.00041606526496953955,-0.007145048096020151,-0.0015270878281447887,-0.00020375516111323377,-0.0009043947132552771,-0.0002600087773247514,-0.0002599817216255712,0.008779401556850499,-0.13840701585946813,-0.000240167610272997,-0.0023372909180812123,0.0011820018039146478,-0.00040666424240619814,-0.07204776530408014,-0.0005991845791844816,-0.0008376746571327517,-0.04283937285465138,-0.0040547262994277775,-0.045701831016108765,-0.0007261661727806061,0.01862536704986151,-0.0036328983746877815,-0.028913729851793055,0.004010949368046945,0.001609755212999398,-0.0041157471399822405,-0.006319763975738992,-6.689251568906852e-05,9.164709279793626e-06,1.525293202841809e-05,-0.00017155200307370362,-0.008056168223105245,0.0010728789244899156,-0.0002846117003157099,-0.0018419963935364387,-3.728423092025151e-05,-0.009396828059475226,-0.0015523727329382767,0.004158780826542546,9.748134649336727e-05,-0.00014466464693724083,-0.027894258198340627,0.0008754071406438791,-0.41457779365500813,-0.0005901115281962544,0.0009958111626250444,0.0003504509560760638,0.001558795595084558,0.014121800808385467,-0.01938485659900028,0.008224804687623396,-0.00017311199584754558,0.0032066224610368533,-3.196381843238944e-05,-8.019191343068555e-05,-0.0059217366777598555,0.00036167415325405136,-0.020238467757805256,-0.00047911488604032715,-0.00011773894488470438,-0.002930716149525029,-0.0021378995614238436,-0.0020409206331159684,0.007822327317315608,0.01250483538190781,-0.014174129598173876,-0.00010906987773631402,-0.0009441798515036895,0.008090525146880741,0.0006578963004973673,0.009607254582291815,-0.0007853205237729474,0.24410586843645432,-0.026268871944093945,0.0033818766868849524,0.6323185285247885,0.00041691972527959156,-0.00017765405812112094,0.007615130941570581,0.00025462588480710396,-0.003992861159062579,0.001739277376322261,-0.0014788596556872674,-0.00036529250872713943,-0.0007229982166462433,-0.008907030971098358,0.0011549010204296457,-0.0020029237536737395,-0.0005351383328426379,0.0011274700521371455,-0.0002503889817945335,0.00016132145121334216,-0.0023163572951896026,-0.001373645797633028,-0.008889558263625459,-3.902988928038099e-05,-0.000355083216209761,0.004906510031686358,0.0010712588445905657,-6.763494723820412e-08,0.004858152624757743,-0.007289733227602397,-0.002425031792479325,0.0028460411818658953,0.0008913576531033021,0.000529745972791912,0.003739578422357956,-0.0039088819155154025,-0.11935769100313054,-0.004798514662226123,0.007181565281168874,-0.05463093955748771,0.2799820351484867,-0.0005968594176058405,0.0056568815907775015,0.00043505964506710055,-0.0006252589634994665,-0.004176791778950777,-0.0005995602504906513,0.009173110713316314,-0.009239683618894233,-0.001085304756409553,-0.00010126155087812117,-5.235262025074516e-07,-6.777425244905455e-05,-0.0001963247229515572,-0.0008910092088628028,-4.2592096765307404e-05,-0.002943994773267143,0.06459461407335494,-0.0017670419150512622,-0.007459411961009495,2.2273900015244794e-05,-2.235180461428079e-05,0.0008452180397542597,0.001516408171588218,-0.011358684981991813,0.0005847748354575347,-0.00010679748757811379,0.0005450554109511004,-0.002461486645278593,-0.013591819559773823,-0.00015234787554294776,-0.0076333921027173565,0.00018509812728418544,-0.011798202876505865,-0.007557448823274096,-0.0004900150114899203,0.00035086923814133436,0.00120653925301805,-0.011699792493088215,0.00024162899494977393,-0.0008935878172104256,0.004811062210622712,-0.0019429955223274483,-0.00028451775454142476,-0.024660568547879284,-0.007913705270842723,0.0001451400850440536,-0.006074414352376889,-0.007161869225722588,-0.031665457116854784,0.00038334659497015096,-0.002423080898200354,-0.0035727366947710115,0.007393200242962864,-0.11895716983433652,0.050650245727944104,0.00013253918586224496,-0.0012827744847656616,0.0009899759246641774,-0.002080145780473333,-0.00018354564553299708,-0.00972880263500645,-0.00042589124290324767,0.00013797437326321105,-0.00022986712676868444,-0.004229423108140874,-0.063198991980884,-0.015698039163111598,-0.0024835216774403202,0.007600539746411041,0.0024545995612679622,0.0121702076218952,-0.00042163220251833665,-0.0047518091994397825,-0.012670820322964321,-5.69918998114602e-05,0.018361265262764558,0.0016001630696623234,-2.3886012932908957e-05,0.001966394586958454,0.0005724895258221122,-0.006915371944289644,0.3040369722604987,0.0010818568530041898,0.00276656426886167,0.0009911803145490504,-8.660580731879665e-05,-0.001803229168271159,0.0004792594222481776,-0.00048313737913624455,0.00010670970147345918,0.004574881532481225,0.0011041261422652174,0.00012754959993920625,-0.0001260645490714623,-7.825260125050599e-05,0.000680524299551076,-0.0012514507990836043,-0.0012991842403023463,-0.004505943960574714,0.001800365788847554,-0.0001461652444396883,-0.0005422713567188649,0.00021851648359790676,-0.00047728835007995046,0.003019776116934961,0.0003321505622530387,-0.0008479665654156923,0.00255561248572611,0.002610161265551818,-0.00043146232306546855,0.0040832525268770835,-0.00012022479928608799,0.0022122202252447057,-0.007967169291164056,-0.0014643306710305699,-0.0069921942898553795,-0.0008186497101646785,-0.0017479655828816013,1.8373219328078616e-05,0.00021781548506191826,6.421803054820416e-05,0.01027432329194241,-0.005060172128837475,0.004957394109606342,-0.0008272832352695543,0.009821294642996005,0.13657738981984244,-0.028034926597662407,0.0005940353243358374,-0.00026496808839910144,1.6181350578460345e-05,0.006959827087849587,-0.00042926523294540794,-0.0006992849604652682,-1.752633858610568e-05,-0.006939280285966251,0.05974634731399381,0.030820787520058377,0.00013327795839751262,-0.024908816741934348,0.0035293841830848216,-0.0003713959904369235,0.0004013960197358974,-0.002315056951741762,4.564506010745374e-05,-0.0001247138149503219,0.00022988840731441335,-0.0005012890539151937,-0.00816692105943576,0.14539629693382733,0.014887899913649125,0.0029147758206687097,-0.0040078659124312115,-0.0009119903935886002,-0.03317887371635872,0.0013759743237981548,3.989311128017696e-06,-5.21028810243282e-06,0.001073271242336301
48,7.401392583010079e-05,0.0011750583299266048,0.018489152246572143,0.010371152493715117,-0.003304230203448822,0.0009004608735931445,0.0019000731441798178,0.00189278048487897,0.0003885905442024516,0.0008772088100041688,-0.024946609028903804,0.0011218624271090057,1.3492041035702979e-05,4.237756003288781e-05,0.0444212585422622,0.00012945506812061386,0.00011188692085403393,0.11632202527682951,0.003433537801558273,0.00018154679330909668,0.005977746227953957,-0.015586442553084692,0.10500412848513851,-0.0022958577524796325,0.00024242218177321362,0.003994566547161821,-2.435037967007947e-05,0.0006216820688258774,6.722241614232245e-05,0.0030212236598964153,0.0015465001856148249,0.0011733510534464447,0.0025454631387881593,-0.00029844695410279586,-0.0063912024423429265,-0.001098454407120534,-0.14845810371220122,0.0005092714731268466,-0.010286902301312857,-9.55535513878108e-05,-0.0001576536917089884,-0.004673760656406613,-0.0014596433431838121,0.0007439238794553476,0.021866856202701436,0.002883792331497598,0.0353042665174841,0.0019900136725181003,0.023316016632911635,-0.0008244428982006329,0.023095899477322393,0.004120073070130365,0.0026139981120664405,0.004421627720628341,-0.05947204825812657,-0.0001226844158402308,0.00011140838724706115,5.192202344825336e-05,0.0010461790636748273,0.003726122823227134,0.0012264024732308314,0.0014198614585128908,0.001187724083176642,-0.00010180833500979353,-0.00042554056724584954,0.0006560502887117676,0.012911904274153368,9.374565064803806e-05,0.0004939854283799697,0.010865730026676393,-0.00039931242504411164,0.19898749978954614,0.00021021488177087736,8.090305186866866e-05,-8.690029470367205e-05,-0.0009400218347629039,-0.0021908107308635416,-0.06171719252025737,-0.011140464233950011,0.00016401844161469115,0.0037714816790780916,0.00015934589747918794,-0.0006418772883331168,0.004817613409150396,-0.00017921861278288967,0.01703793458299186,0.00038037409826022217,0.007702210997568723,0.029523115852144382,-0.005733506899703863,0.01288846137458092,0.00802049623528262,-0.0038382213934360643,0.010012449948626743,0.0002901882218636438,0.0009535613413462719,0.006104689843028183,0.0011291239578107015,-0.003333123955639925,0.0006760224386051881,0.26357763345088675,0.014493677103901845,0.0006634096073710718,-0.2781397879838678,-0.00011507024493766921,0.0016200417371078613,0.005259809130207273,-0.000479283648622166,0.003961835071399182,0.005069780905026741,-0.01613386587515995,0.00013506142249275922,0.00026335187827758455,0.004748183436904356,-0.0013795032131121848,-0.00012371530729245726,0.0008000016299468359,-0.0017654514211008195,2.1433100641227512e-05,0.0009971916965385897,0.0019153235874556002,0.0011708550377983755,0.0025342618461392935,-8.816622026160484e-05,0.0004943511977345558,-0.0014513239524089078,0.0007427093026599337,-4.028176537659595e-05,-0.0025569638178890228,0.0020068695085856732,0.0022955242340219045,0.0015857638671236862,0.00331885480272163,-7.147274395404024e-05,0.005345349694498073,0.002243668827954913,-0.18201085920174148,0.004085111600264327,-0.00015064932398537248,0.02497476204448173,-0.11453387665092016,-0.00013102567439262497,0.0021150274370419233,0.00031299495784648955,0.0001364120657190305,0.003383356564587019,0.0008087406774259188,0.019563708433830537,0.004318704757288636,0.0006166172091454027,0.017288903395727064,0.00018602468700844787,-0.00017580805153232903,4.252449351115119e-05,0.0013306670174546586,9.19670197045123e-05,-0.002963722360188062,0.08442987797976684,0.001898503754118275,-0.030859594740247444,-0.00034390206206565707,0.00036313298354004694,0.0006966352064096198,0.0018654760115981578,0.007227277285529986,0.0003859649277712995,0.00018620987451436121,0.0017748880393756842,0.0042950939474122075,0.009957072758503566,3.650349047661008e-05,0.006877565521853344,0.000835186050302887,0.006197012735756872,-0.010150425649771934,0.00019825888261211196,0.000256329772998137,-0.00162063695869711,0.006581866266968589,-0.0006857099810562896,-0.0003701433625156597,-0.0033840801025889424,-0.002193995905273964,0.00037687828569053306,0.01678821354455251,-0.01311479421895748,-5.6891514279395865e-05,0.004684116882828125,0.0005816555740994194,-0.10424831746906096,-0.0005285407143989008,-0.00017914965210388606,-0.000707332067662398,-0.002344926364020245,-0.1354919626499587,-0.023088630057554488,-0.00013764904973287493,0.000630648354911183,0.0003880063282314383,0.0012020019855720444,0.0004157752825433448,0.00495700985357872,0.0003451229313035731,0.00030541777655692173,-0.00037099653337562585,0.003377627302472121,0.028194133513794507,0.006550421113176684,0.001865122809618715,0.0071504319200796414,0.0027388661433542113,-0.030328093533636958,0.0002678046626344876,0.0019521611045508788,-0.0025402882867266094,0.00020057977977165913,0.012578070466316288,-0.0004399044486903623,-8.080435067756887e-05,-0.004211308284093082,-0.00026358799950531393,0.00477546848745578,0.34201900534962637,-0.0003270141861433651,0.009959525331981498,0.003032728934955902,-0.0001119361050962341,0.0017376334609839074,0.0007970074550190749,0.0009584820209698908,-0.00037485006923998444,0.0028192464295725504,0.0008243111055942099,0.0004453431898925296,0.0002734390070435826,0.000829132617149648,0.0004957479824076435,-0.00391482713596822,0.0009867251846512183,0.003550359546022708,-0.0008376264748388637,2.798342947169755e-05,8.948195370203724e-05,0.0009258668144113296,0.00159383571096864,0.0036147008363576196,0.0014943166246011864,0.00022580220186113587,0.0014664850695537209,-0.003314304240921693,-3.899545947528768e-05,0.03477113798511828,0.00042343772714493176,0.0035414796610548855,0.0012693760204062418,0.0017219482049706187,0.006005342735786063,-0.0012318329472841682,0.0013332090705476564,3.792318699341948e-05,0.0004336662391994832,0.006271263193277496,-0.0008994022498725735,0.0031247126019286323,0.006324567978193933,0.00014423219019511372,0.006458726747366621,-0.05936044240453772,0.004131784776355554,0.0006337918892692011,-2.7049056666461906e-05,0.0002200996006783511,0.013084777235280355,0.00011247950408218048,0.0003526550465783873,4.7101443259823725e-06,0.00611860351869883,0.7123061228744153,0.02074934221448888,-0.0001548482649623567,0.015968152752639093,-0.0013227752161322076,0.0008283828636139067,-5.006994985394791e-05,0.0020794179870784447,3.715213981046891e-05,0.00020791300084759988,0.0008068449623778668,-0.00010375786664350295,0.0034932604224527423,0.1761590669577487,-0.016037649445377916,-0.0009883359509147288,0.0011693505850917307,0.0006815059036617144,0.016967911805286784,0.0028387923724839926,-7.029720222724578e-05,-0.0002151646613627225,0.0018164205092828386
49,0.00015863769525123464,-0.0035796009335263834,0.013222330741990904,0.0072790557453377355,-0.0008347973865479794,8.119326692326845e-05,0.0005087265595828984,0.0031825285602923945,0.0005145874403530495,0.0012134346518892988,0.02176597818574743,0.002702060145575915,-0.00011783387732717393,0.0005856890561200048,-0.006254804294884814,0.0001677648354183152,5.08851647665412e-05,0.19611138760926025,-0.0029956966422252135,0.00023937595705433856,0.011214134416614265,0.010382069689310665,0.12675895102759183,-0.0027306304602954246,0.00012278721305570423,0.004753042466528835,0.00011396369959688901,-0.00034071751784101045,-9.240514711039358e-05,0.0041567368020848094,0.0009192112452134915,-0.002527498428105353,0.00111592172832857,2.6410197460414054e-05,0.003956753273565167,0.008335884283463735,-0.179483745458099,-0.0003598008550464779,0.003762155701929247,-0.0003236869041414632,0.0004762811637447087,0.03994038914018361,0.00038560711765413226,-0.00019445466887202,0.017341746020520903,0.0014558570708369531,0.01936026787574257,-0.0009637694002694818,0.032933213241737425,0.0029572660088061434,0.01428808688489562,0.007847161761619557,0.0008314343364973428,0.0029056605794984714,0.052291281616794597,0.00013144413047630477,-7.413371092338666e-05,-7.321639646930777e-05,0.002034525111111739,-0.0020132303301444096,0.0011180183283411621,0.0001181141686458262,0.0006833522714090813,-0.0002498338547569692,0.001229295586531504,0.0008464860260116117,0.02075506577086408,-0.0001100641100274276,2.2736586758305226e-05,0.004247908407832067,-0.00020259235219014914,0.17327534218649987,0.0004746891774957802,-1.6979202500171445e-05,-0.00013810694957365043,-0.0019722321705784654,0.003365843523911791,0.07875823774511556,0.0018496085914728715,-4.700517235981319e-05,0.004509459438324098,-0.00029099192647866244,-0.0007461634473908789,0.0018051598584581997,0.00017147913095742328,0.012886873412465945,0.00022648034578072462,0.0010700666333978912,-0.022777897327661476,0.01053440478017576,0.018816505955964968,0.01330799578430875,-0.0058618893908569045,0.00800900817829233,-0.00012787932641104187,0.0003454281701277045,0.007676970791629897,0.0004992423362119615,-0.004264666758324917,-0.00027349198199984613,0.33671056676728295,0.013698004437705264,-0.0027702509697190804,-0.17704401354827232,-0.00018063808767426574,-0.0018327886109977703,0.007069519510579053,0.0001622753389593978,0.002262594216569199,0.0065123915837635715,0.013551379703626801,0.0004757517117069685,0.0006427475309514182,0.007312118984895748,0.004551877127250787,0.0008115113135082376,0.00130079671598873,-0.0012639533525813534,0.0001371157871188954,0.000539169940083918,0.0004571066174470181,0.0005457210401544294,0.007255357227163483,-0.00010462039697935969,8.217353333031616e-05,-0.0016464888066023515,0.002188088427520862,2.3131330342749702e-05,-0.0033277085190115407,0.0022947838446319563,0.0009325218754042937,0.003072143462602494,0.003227833372027939,0.0020513578579363506,0.007185217887356815,0.0021348127172914014,0.02933693925938924,0.002091853535980938,0.0006398687895653307,0.014220454420383805,-0.2308286109810711,-5.006453054727522e-06,-0.0008143765093727585,0.0005172265116947049,0.00010462944672660662,-0.0007347138591863398,0.00034815891119813745,-0.013598138630458605,0.005675762313555051,0.000429499997612803,-0.020105781244970786,-4.456985953031102e-05,-7.591401799572866e-05,-3.4127302346700417e-06,0.0011661859295500681,-9.462990672826642e-05,0.00022651991020638043,0.1134484972593811,0.0003598997919611127,0.024991599175621663,0.0004153599380201658,-0.0016991291303255652,0.0005736799473039524,0.005421853011867067,0.0027139435731891298,0.00012006968025300106,-0.00012417970352436515,0.0035180254788750812,-0.00010824979472617326,0.005096701848755715,7.278655532063326e-05,0.0024029576257906015,0.0016564134247061498,0.005148795350982803,-0.013129498567190655,0.0006921317524851112,-0.00010557241233935663,-0.0011467128165537023,0.006282282574858083,-0.0014117392069066008,-0.0026742414832172587,0.0037257849334464523,-0.0020305830189976393,0.0013562502744608185,0.014738611995654037,-0.025304058498142226,-6.257593997090541e-05,0.002889183569731047,-0.0011403125981717267,-0.01067032912757649,0.0002595810376601138,9.325135868841375e-05,-0.0028855488787159767,-0.004211604697780098,-0.15547317947910383,-0.00860487106903313,-0.00023956208611631224,0.00046105501168563226,0.001099105632523122,0.001491406990713682,-9.065724810153677e-05,0.009602192843019497,0.00012129718415209226,3.581569033139949e-05,0.000809859836949092,0.0018209177205070516,0.04378271390467159,0.0010809965758415245,0.0006501990089976878,0.008753662694362981,0.0037783982312390666,0.020182894307427094,0.0007427924638305277,0.0016116793334262488,-0.008141190714598706,0.0001218652856838806,0.0232200218446593,-4.631653277349483e-05,-3.988134629925172e-05,0.005074855825265732,-0.00011353582683369602,0.0024301353863411678,0.4090160970998269,0.0001996490641156326,-0.006811319156355288,0.004061537488817737,0.0002389910608552678,0.001401756103186594,0.0006922920613776961,0.0007120478504180194,-0.0007528665078950631,0.005580637216053751,0.000261267609831293,0.004010637993993451,0.00012463241007748841,0.0007253357386722116,-3.955219868583123e-06,-0.0028274316442362703,0.000441825819847723,5.344346391929558e-05,0.00013049529890032593,4.856002599607336e-05,0.0008883169091048054,0.0010913061346747655,-0.0028949857402564075,0.0028621077509805,-0.001607694692938766,0.0005747482436999589,0.0011895509545264708,0.0035020147905018275,-0.0016376722153501194,0.05559547442358768,0.000818333147408346,0.0026033852372959396,0.0070313187232379885,-0.00040429463787152885,0.0034191814336808866,-0.0011934473679965103,0.000538069451512635,0.0005823825344012136,0.0005063145404367404,0.009247668268157991,0.008513469174761796,0.0023979817288600144,0.0069146634752073706,0.0004441556217862351,0.008736291248153123,-0.03071969141480063,-0.004309142056326211,0.0007860245250789644,0.0002315378417673717,0.00016281750442951768,0.03000967567371891,0.00034814217532284355,-0.00015843505808694515,5.76864392238469e-05,0.0010128400624007708,-0.6464056372713254,0.027469282054744085,0.0004846288784680318,0.013420780894875108,6.903538813318733e-05,0.0024218975504433733,-0.000352844119381069,0.0008840196063928329,0.00020452563041659653,-0.00045900920498997055,0.0002882992370850353,0.00016879969413767515,0.005283371897472812,0.18185288418810763,0.0004318699788082563,-0.0004504818943638911,0.0023623696845082223,0.0003486450641499813,0.01126952580780985,0.0023403703230311323,0.0001499415286347625,-5.67212715537886e-05,0.0036669539850362155
50,-4.380988743579315e-05,-0.018032935255318728,-0.006054621095152599,0.04704547661891977,0.0036706783720465725,0.0010904187799005306,6.933462791959468e-05,0.008382340625617945,0.002401848420466048,0.004741008907150913,0.0005208471815155661,0.0002651075156780711,0.0002639567190383888,0.0024145301769752225,-0.14272973577112355,0.00048478504774704997,-0.00020042716055473572,0.7857573401693477,0.0007878067644097584,0.0004453413181921169,0.03794080668818147,-0.014059008876722831,-0.035330728247490256,0.0008268088959218593,0.0001421961763183703,0.0181302900736214,0.00023670647160068704,0.0006946474173849335,0.0010332363619121655,0.01731932617630731,0.0031529855217342275,-0.0033874274500392734,0.0038263874934788937,5.798645853167389e-05,-0.0012806102184322876,0.01886228805764191,0.06684706304883965,6.636812376518476e-05,-0.000416333480597636,0.0007092345102419368,0.00022807708463539475,0.0059360166394105745,-0.00046244008011174466,0.00044944454122433034,0.1019997483636011,0.018270249393102227,0.23036638580617552,0.0007091143753951284,0.011074486838588547,0.002186249550260046,0.1625685282276256,0.03477844032177762,0.0004170235465468172,0.01263577750935238,-0.005648897835586725,0.00018490294122299605,0.00016685812961053648,0.00018418656317954057,0.006825877195885634,-0.004224636170170416,-0.00026838578106965025,0.001738586151836216,0.0029756054148534113,-2.7873023330758856e-05,-0.010620371359231578,0.005196896473819776,0.08752226412666278,-1.3924618224236789e-05,0.0013036813591872922,0.011420651998861164,0.0003833989299352556,-0.08270987691342611,0.0024233081367028243,0.0016645996927769505,0.00054392609576593,0.00010516841172864,1.0848866346072072e-05,-0.0102400455825475,-0.0013426721258620114,0.0003110767469933183,0.0004414088874467771,0.0015050742024978001,0.00045726748430947525,0.015458369641076827,-0.0002067621362693254,0.06606662230362975,0.0013409356476647427,-0.0005849015049168502,0.010495976594635545,-0.00017507274040999554,0.03423340322764177,0.06151035497001643,0.009424621567116598,0.05968543866285777,-0.00010324772642948156,0.001411677326544243,-0.001293653547746795,0.011065164162868173,-0.00562808953081767,0.0010731113233924776,-0.08878388119186208,0.09021090155468582,0.009175025816012398,0.10312713896265975,0.00033119555499903225,0.0006409546757037438,0.019939738190210745,0.0012291464671099588,0.032622932278299654,0.02366649952803775,-0.005842315311931169,-0.005272938734951767,0.0007371012504782583,0.0004135772140849356,0.0014932122459360966,0.0007394547608912984,0.0040331399026934805,0.002369523490905809,0.00017583906842097777,-0.0002539661491163482,0.0032498348039820737,0.005944359987331942,0.015290287006689883,-2.917257787604481e-06,0.00042168135147218483,-0.0006007839492407482,0.008943571041148606,-0.0001830739898656267,0.00030491963594272975,0.015099293600391002,0.009486846295140057,4.876736764735604e-05,5.775374851370047e-05,-0.0007609441223517636,0.003712082412083954,0.0021935679240195002,-0.017496747855170212,0.02139974617829389,0.0003343303381510704,0.06547691054109016,-0.04125537851480998,0.0004968770689073379,-0.000960194734997834,0.0005671162196165728,-4.603728707822975e-05,0.00742197316163248,0.00027361717200291655,0.0018938266474649145,0.002089123445882409,0.0038022860486955617,0.0006533921600512538,0.0003466575930673103,0.0001937424722191982,5.749132420328467e-05,0.001921921745880567,-3.210338074738405e-05,-3.331466948375966e-05,-0.019256494398901237,0.006880108282400778,-0.007502517434281609,0.0005133745191476481,-0.001629473151045919,-0.0008340702156194222,0.003921019272058086,0.018014532855646512,0.0017193346590982234,0.00013832302652960933,0.013878715608820563,0.018606238159443032,0.0504781225817752,0.00017216962467511698,0.03914734318741885,0.005599362424858215,0.031714689821898505,-0.004101816173723849,0.0022795800896163072,-7.827072472301095e-05,0.00415482646284748,0.043547820845013865,0.0012165354285872555,0.0008545391547416792,0.01213576046709563,0.001862214854277143,0.0012017864586966482,0.09139211727090663,-0.10741378933596918,-5.452555140170873e-05,0.020803939344034572,-0.005713486222910666,-0.06729365435466246,0.0011114054212863593,0.0010985344695279078,0.0016336794170425314,0.0018712364213788676,0.052643391266721504,-0.07787809380307956,-0.00011734474298870801,0.001783734616740601,-0.0008606480684612144,0.003928575231290547,0.0009862449564365314,0.028709616204888405,0.0009736649727914814,0.00042543086412626455,0.0020396937166648373,0.013153820817574484,-0.008129758382932104,-0.0008913350753018828,0.007887793544874075,1.2707630825170623e-05,0.019816722850597202,0.004179552148316036,0.0018173239411203275,0.00869654738397335,-0.027778632758293093,0.0015337200730741016,0.0733923069617158,-0.0018118757596247564,7.714622422501372e-05,0.021965588455651965,0.0006119474448938221,0.03241811858291597,-0.2002472192035025,0.0021083937569681688,0.002969715750786499,0.017883644769248322,-3.063041923930779e-05,0.008146843102961893,0.0011593351176825868,0.0008551919382341587,0.00029259368868509946,0.004530122189590172,-0.0005815864751211736,0.008106273184838052,0.0002732872688312876,0.00501344705771847,0.0015692563171606567,0.01514287357867496,0.004014755277605135,0.004259167793529597,0.0012078677494597456,0.00010095110256887934,0.0030461751795939577,0.0032680872657098515,0.0010265782366347398,0.0005471808668621051,0.00034593306012715107,0.0013397791439392938,-0.0004857777813388666,-0.0028977937635941853,-0.0005606099848434742,0.21180917329531704,-4.105737944919748e-05,0.00030270219367881795,0.002786179751983718,0.006800237446459186,0.0440870084546695,0.0024191577131795353,0.005442375048107594,0.002127609949712117,0.00043259588175050684,0.032026524983588,-0.00652071731627283,0.021519422224916457,-0.0023160778742794355,0.00056217999311579,0.0034448286926946113,-0.1190350505480655,-0.020177632889173968,-0.00036405040657892015,0.00025359601051463845,0.0008871425339882066,0.12061365077513188,0.0004852776363736054,-2.3332627135903145e-05,0.0009764352698694544,0.03079807419024865,0.03498312788363296,-0.0066601669423921985,0.00028932000594860535,0.10665612099281484,0.0010131608412696225,0.00826887955671748,0.000737116529405276,0.012969708913019668,0.00012958451860493235,0.0007319343224582355,0.003269479859248201,0.000315140102064404,0.019546187376535438,-0.0884818990885958,-0.001771224298964343,0.002296547082156257,0.013204176715137565,0.002286861376750784,-0.031692246606317254,0.03111059359966949,0.0006852077376345543,0.00026085322256571945,0.012900402757551284
51,0.0004050250661832372,0.004581723678356971,0.011570659943799994,0.051766249024643815,-0.002620672605963492,0.0006478044684891521,0.0002922847611513679,0.009461636013034052,-6.075649639737668e-05,0.0025885788586091224,0.0015268261386116866,0.0009018784715392469,0.00010382143929726917,0.0007955219605031982,-0.0479362342897767,0.0015623411184071193,-2.119175367586157e-05,-0.12334534913428505,-0.0003471799630860514,-8.932489937475696e-05,-0.004634053606555999,-0.01627152396928372,0.024484719693994045,0.006081077618445285,0.0005901028139323333,-0.0015189288907562493,0.00041030227777172357,0.0007526391463902604,0.0011811354646531387,0.01760934964273944,0.0011538931040243339,0.00872901111129746,0.005423583953814176,0.00024538313414294074,-0.001040764880685146,0.019865211035913592,-0.030272717481385665,-0.0004594711306091033,-0.0009024113834407059,0.001057009835007591,0.0001901469238342181,0.04222894636335881,0.0021473958719449683,0.00014547411005500378,0.11331580221233198,0.02089874312024548,0.2637368205773265,0.0014682459308256526,0.001135874382933737,0.006997941916443229,0.17380799013564927,-0.004815165790432443,0.001246688858130153,0.011292442074963637,-0.0016496480435886918,0.0001733263278818481,-3.228817500290637e-06,0.000207384702376539,-0.0013612834522959809,0.0010055558835830695,0.001026566768812057,-0.0006372990682217188,0.002018845280378283,-4.0051745510519406e-05,0.005629356134757402,0.004869533502685747,-0.014739893295349242,0.0002511536608698308,0.0014497270904392083,0.02320383822170577,0.000589264099916954,-0.3484565731166832,0.0024248857793868674,0.00024532423773449317,0.001063094130506777,-0.00044192776800883876,-0.004389442630687301,-0.006148722914328018,0.008911768574102998,0.0005626695683740279,0.00025108669619478886,0.0028295616714148035,0.000615338017295795,0.0167743116399207,-2.460023559411762e-05,0.07037653623925474,0.0011890536844169491,0.005577275989397348,0.0056680807916702405,0.0011748862198454665,0.00036395818581177905,-0.012462280482227625,0.0014157941810863418,0.061113738490406286,0.00019261300989938893,0.0005748776888959352,0.0006951585253944599,0.00984672999417565,-0.006420186360061897,0.0007423734506208735,0.027787553889295755,0.09262691318557432,0.010333532728096412,-0.4790745358148977,0.0006129373629969789,0.0011684272067034474,0.005161183544665635,0.0015255353359202983,0.03294812301257008,-0.0032489718641190426,0.0008387005798211598,-0.005218956115158207,-0.00022420090094683529,0.0064745940391615145,0.0005032939729433111,0.0027969806119400088,0.0014579730606764033,-0.000946708076279384,0.0007709275770577794,0.0005046089025052243,0.00271155369444103,0.005599688943337863,0.024499675820687693,0.00011066933692606244,0.000473140487931005,0.004387366346572722,-0.0007168128177224553,5.251708446824834e-05,0.00048168881241614225,0.01650324681543657,0.009947071410524692,3.266424675556212e-05,0.0023613054800401684,0.00015068128685017876,0.006839185929962948,0.0027174977187039537,-0.014471739448275872,0.023317713444310606,-0.0020179436333692593,0.06373561281756503,0.6204668321249343,0.0003817947553261371,0.0021917594258000555,-0.0001293284398426687,3.0393577792490155e-05,0.006295280781471383,0.00016560539721645524,-0.0012407152893939462,-0.002288436235747059,0.004345642967052787,0.0005475077801308506,0.0005424842120654132,0.0002303184693534697,0.00027340863769187353,-0.0015441009868989945,4.7965362685283e-05,0.006752990423785708,0.016239626142333374,0.007923443893378661,0.006835476549764106,0.00078945880928173,0.00048011903388086934,0.0005043451055275765,-0.0010111297351701881,0.023718664753675914,0.00010991465092482534,0.00012219056169635208,-0.00016910070955513182,0.023130428687602386,0.055306869982360174,0.00013711114098904909,0.0424025260592733,-0.0007674882315385662,0.03487794311823227,-0.0038240922141399847,-0.00033798480163636227,-0.00010138251308079493,0.009171331941948966,0.045550821716750865,0.0010776513493308765,-0.0010781090075176573,-0.0031092085738886523,0.00013930704630218125,0.0011660500139156352,0.0981397359814309,0.016702138835812334,0.0001146509385386834,0.022209302028524357,0.00024015565333614097,0.07118377493845807,0.0007214437692303569,0.0021115759597999865,0.00723771577708068,0.0032932142402953453,-0.018915357216672285,-0.08274490671777998,0.0003486251549876156,0.0016508419936869432,-5.512662335612796e-05,0.001561273109709578,0.00043287795821711494,0.03692125485027022,0.001215462347129858,0.00039657797515269336,0.001961476465718813,0.013904375275110573,-0.04487117442925245,-0.009273759892379843,0.0108817591251706,0.0006076602792402563,-0.0032778703809263014,0.010145556570803519,-0.00044187788177328267,0.011472901967262143,0.007483875296086809,0.0009728847315299948,-0.014760726562020585,-0.0022228801552909667,0.0003496487409868007,0.01076720871987534,0.000629005016466767,0.03640091540380797,0.09321533333929462,-0.002063552974892564,0.006033770649538868,-0.0025335240428999615,0.000197382414404264,0.007998669515170833,0.001596007707008017,0.0004587560120425903,-0.0003276554219199616,-0.0012332893314957877,0.000454167461737761,0.006172212621665835,0.00019290741143635805,0.0006007988600552037,-0.00043027557905379974,0.02603320472792207,0.004406676989159603,0.004818435202216618,-0.000531897276141206,3.1120688057510856e-05,0.00137883878871912,-0.0006300260553610143,-0.0010329807565816664,0.001081808138226397,0.00037307581774056054,0.0013443082765091869,0.0002907202075485755,-0.0012282545379235562,0.0035868569264962263,-0.043538024917451575,0.0010502115769976468,0.0001808411225386261,-0.007411816922951609,0.004432652956745244,0.04569211709639838,-0.0004370141123463253,0.006293205020395161,0.0013311552058119305,0.00012116867604454028,-0.007280924878319647,-0.0029084380236502772,0.02077840680055503,0.002023472108332038,7.35999787765439e-05,-0.002041379606214365,-0.13175316046499902,0.04702983820439682,-0.0007588111913244991,0.00025664455981188445,0.0014516352099571412,-0.019199637621473854,0.0005012268230738584,-0.0006263738523301287,0.00012017386938117589,0.034874046790786484,-0.08863826584365293,0.007027727325844204,0.0007994755149859939,0.11757927135181688,-0.0016807851420813703,-0.001345152429480505,-5.560001546247944e-05,0.014095388391108663,0.00020246101744721828,0.000696257507345306,0.000937716825486618,0.00011567756556473546,0.02724494117205599,0.037877415227516364,0.0076286015345384435,0.002266283785172348,0.015364995880578209,0.002293392236641034,-0.014702722323289426,0.026732427884431822,0.00035007926907151387,0.00020849609301034494,-0.0020245779123249466
52,-9.472720617680861e-05,0.007103480327399296,-0.007183248459601637,0.0830331843217352,-0.0009573837555340199,0.0017432713816057516,0.0004491665279110317,0.01415737627120348,-0.0009956573643604763,0.004285629512563564,0.000676642972240616,-0.0007028570458633091,0.0002884486721743129,-0.0005898019223900368,-0.1802595784951862,0.0005278685202767582,0.00030146503059875693,-0.39672090217415784,0.0006560811211754058,0.0005433161065461246,-0.020094222960369,0.005836505432184044,0.007526812381551489,-0.004110348182247585,0.0001348857243379381,-0.00941147274140617,-5.621043305400683e-05,0.0013091597852833842,0.0017319078172878108,0.027298582405652038,0.0031930284318293298,0.0001154035236722974,0.011881796874032034,0.00028156122606878657,0.0007692911549678962,0.04050686632094023,-0.008332905651342353,0.0008522514076142014,4.04307916974829e-05,-0.0004799740224512485,0.0013101200592925987,-0.11450280609900251,-0.000702518792675683,0.0003286408569939756,0.18920779330320328,0.031554995902532475,0.41385930398636617,0.002094999707101655,-0.0086350539546774,-0.0008533925351387542,0.28441885379965287,-0.017244956857150995,-0.00018986618520803154,0.008943197325979571,-0.0023021383973870725,7.465443486431682e-05,-3.652878883463051e-05,0.0003704643052492404,-0.003508903377593727,-0.0025901912204164892,0.0005568378636776204,-0.001355403630140958,0.005097262895066014,-0.0001000263542222736,0.013823803002087645,0.008233190298240652,-0.042811235742863836,2.8724636520450434e-05,0.0019022094863978402,0.02776553605318382,0.0016822540278461726,0.038676562696918756,0.0032682913534994324,-2.5006114141269947e-05,0.0013120792459308129,0.0003593244507422502,-0.002828796333119431,-0.003189292382981126,0.0001278327804001677,-0.00011456499330638782,-0.0006740232318746404,0.001444837153113515,-0.0006511625756902319,0.02602860054506717,0.0007131603139938325,0.11124704462888804,0.001286075626460853,0.003244284448648247,-0.001667509527892388,-0.0007955936437977432,-0.013618139961237443,-0.026002480220167778,0.006285529383230591,0.09690684526585022,0.00010211339956310746,-0.0002478094569717971,0.0002871347835196546,0.016425766119686113,-0.015252439530796996,0.0019618511784451937,0.009424803627661923,0.17013425977562258,0.013142955288217248,0.284309075125976,0.00027585868562167437,0.0004821388699653168,0.002551184667229771,0.0008871515079991073,0.05587388088512095,-0.012759306691742578,0.0007361653242728035,-0.006772031140903934,0.0015203944399163009,-0.001859732333208866,-0.0007490384251857829,-0.0006152233538631621,0.003572001945272259,-0.00019298752709589508,0.00044903342995580506,0.0001646325359146595,0.006421325188394115,0.008967755442817827,0.031734803481078475,0.00020675732704718633,0.001100963549802797,0.005661984286950698,-0.004659568951471778,-0.00012217940173990082,0.001327921719058947,0.023158989612268057,0.01773854202814775,2.4694668143915646e-06,-0.0008170976737093992,0.0002485300656999666,0.008460328460706356,0.0010282819162838056,-0.0035127806162671416,0.0366016881502658,-0.002065368908215984,0.065347375161678,-0.3949011921740523,0.0009609078259489659,-0.0007817361190603404,-0.00033968613051946255,0.00025872955615285215,0.0173446604912975,0.000552115516621321,0.0026180613749946765,0.0061359612664439265,0.0067405869099904075,-0.0011957997993600985,0.00046310563577734234,0.000455615364228135,-0.00012150816701071807,0.002016160019119693,7.805956870060414e-05,0.0012877515272241343,-0.005255359240417731,0.012675884232729903,-0.0066550342653108555,0.0011403517021810212,0.0016179189275715238,-5.739176085353464e-05,-0.0023275024438908637,0.03564149866797144,0.0005353047401578715,7.780099724261406e-05,-0.005015787663395401,0.02808485741181003,0.09012205267396162,1.4773618438098518e-05,0.06578614384897045,-0.003122930427368793,0.05000263663728102,0.0022552617740955634,-0.0011545568082820571,0.0003016729573325674,0.0015250237506305407,0.07721396664281033,0.0009154046865186621,-5.112808090643184e-05,-0.0004451063496322305,-0.00011899252774338898,-0.0002218370681519432,0.15431851801543878,0.061984720880067234,0.00029343682605147137,0.0332340678125799,0.015597768231049493,0.026508046817065145,0.0012240076720585677,-0.0003758911906869152,-0.0020251931631626446,0.00018654284260388038,-0.008298521580470383,-0.14419592069375475,-0.00018242637117050695,0.0024035724383724704,-0.0017746481088222032,0.005819797107153727,0.0007980244403056717,0.0512818937656245,0.0013772038640987823,0.00040682044895976044,0.002736126779758725,0.020699865541630575,0.008973482780487515,-0.001987582554490993,0.014812504763842714,-0.0009329835466863395,-0.009539268271254757,-0.0001225814106718317,0.0028342802675339193,0.01697027721130501,0.010906364254224588,0.0015468514979695956,-0.03281848630487412,-0.002713676615640037,3.464251005382002e-05,0.04728537843728395,0.0017616326626082768,0.05498981426066809,0.025847840642557553,0.002044041120933357,-0.00016280206285348812,-0.008658228594374883,-9.675713976371259e-05,0.011363195678948662,0.0009113612565092889,-0.0007537658636802298,6.413357952755796e-05,-0.0029503629647090485,-0.0005268592033036631,0.008080861557200421,6.114969562502626e-05,-0.0019820944313977754,0.00034300065586002427,0.025124288474110388,0.00694135224742256,0.007335642633003336,0.0012951493370268706,0.00024407754523755962,0.0007412372845569228,-0.0014227215204142005,0.00036008273331181195,-0.0011962243879927222,0.0002639129068290858,0.002126483753990574,0.0010455980604588467,0.002081407577854244,-0.001206625455062501,-0.10072270706802361,-0.0005768900954287422,0.0007039330368637962,0.006524272360688806,-0.006547295576887461,0.08008895247995929,-0.0003063682417079089,0.010104061103572978,0.002650133285407162,0.0010245368625895306,-0.01640077929535379,-0.008761286771477361,0.033983535759436544,-1.7985518283553727e-05,0.0006734802657716577,0.0001839342751972818,-0.19083067560913952,-0.02310563595738132,0.00010802610390883228,0.00049778402808079,0.002533683305188787,-0.05984679533796612,0.0006651667297240994,0.0001715912542289283,0.00010196907134398317,0.05266128742778291,0.01728563279962455,-0.0006942018983356216,0.0007629192258994041,0.18895723276843335,0.0014258355345121987,-0.00445281166867366,-8.619779394887419e-05,0.022394456857060645,4.563690218937415e-06,0.001254117394060901,-0.000664958226498342,-0.000811746438441216,0.04218030042138071,0.013508553272739521,0.0014342003376204455,0.0026221031177884116,0.025109986266146488,0.004155394308038917,0.03969955224215961,0.05652387824648076,0.0003705393496949115,0.00030582809854477755,-0.006564451067722828
53,-6.419976891401865e-05,-0.007897622270593575,-0.006032110143902495,0.0022863520569937623,0.001232156242745204,0.001433006093596076,0.0011710408522498418,0.006888078729474186,3.30464409679463e-05,-0.00036317800070597914,0.006084160638675161,0.0028341842886981635,0.00018313504914380455,0.00022044290987788956,-0.01829231509454512,-0.0006314477852828225,4.379368069622365e-05,-0.07660789886692826,-0.00023841969953389101,-0.00015619000636411372,-0.002847983590910562,-0.010646482420363996,-0.0017475467839756858,0.0010670067498286806,0.00026978626992206836,-0.0009072976520766935,-0.0007438935885061447,-0.00015606594187560913,-0.0002748076002649421,-0.0054230511803493265,0.0002856916669877231,0.00032950387444823266,0.0025270151397402494,-0.00022960353633426833,0.0006736327832142105,0.009490912213952226,0.0015813275606546369,-0.0001712125819291022,-0.005420381849872267,0.00046109696329889934,-1.0118409669182435e-05,0.9430160835171909,-0.0021990575819931437,0.0011047604746654781,-0.02331113548660002,0.001366540341318172,0.03457528812085557,0.0006311675148054799,-0.006643422027382947,0.010245491057177416,0.021206779354990192,-0.005833974802741404,0.0018084020177286022,0.002079918167191527,-0.009735781294859561,0.0002148462982839894,-4.20479350140366e-05,4.595254659812455e-05,-0.0012366794881906401,-0.0027377948046338127,0.00012934117614595226,0.001239881125759316,0.0008116144406540291,0.00016601886355722614,0.005380936327480065,0.0010813404965522298,-0.012338509226731187,2.050033622135643e-06,-0.00029056307015747394,-0.0067955631329671765,-8.927499145773457e-05,-0.1756617525669457,0.0001783890649310914,-0.0006300035703235081,0.0013171924833999724,0.0001611219909054308,-0.005548837547380015,-0.016577264485952058,-0.0016377544966334422,-0.0007895668388727623,-0.00027318703123795123,0.0002783430388778982,0.00017762268617650516,-0.0008534199691185042,-3.638067636568853e-06,0.0009848238765127729,5.9813620365747194e-05,0.004355615864051938,0.00671521348420147,0.0006857778169206351,0.0014656500091488882,-0.0061117926913107174,-0.02044777457026815,0.010081106086673614,0.00031437951454368353,-0.0012188567169045183,-0.0005054370160690133,0.0024344549542156483,0.0031961246930505803,-0.0004949114119339205,0.009557432107551255,-0.003115705393410758,0.0016640626633640805,0.038048682451521716,0.0003825527357049327,0.0001816398058652421,-0.004734804447624056,-0.0009476413326321728,0.004555362379093076,-0.0015874172131495722,-0.0012641445855042267,-0.005208517400416993,-0.00040432906141364217,-0.004948471842677382,0.0030202620371319352,-0.0009214004436385586,0.0014549650715279438,-0.00028540310207719527,9.557899265442895e-05,-0.00020144738475627198,-0.0005290534216466961,-5.5887746633452996e-05,-0.0011238748082589899,9.206845894408114e-06,-0.0003118532857986642,0.0005322222304256392,0.00047389656737043125,-0.00032924922161332274,-0.0023912603068625016,0.0012566934930728982,0.0009364263150701451,0.00059345238377947,0.0006352815568218253,-0.000433787397492559,0.0006104452642347884,0.002209881327540673,-0.0005942396075237309,0.004933907457156155,0.0003214217096816938,-0.01357271412722047,-0.13970987367794682,0.0003789973234959677,-0.0013329920712868057,-0.0002129852747482708,-0.0007573680078415781,-0.001997533620292311,-0.00023473596209222942,-9.525218402340008e-05,0.009051120205171109,0.0004414189687819038,0.004841471449763259,0.0005984151347077718,-2.7847566371209134e-05,-2.9633432304987048e-05,0.0010729068921742494,-8.613031028046035e-07,-0.007613651634117256,0.02922540853144779,0.0009106114484752879,0.0019212852536678246,-0.0006262444452769331,0.0004079965851720749,-1.942924490349289e-05,0.0073864018971913185,-0.010209865701772562,-0.0002679133307924924,0.0005041848457712575,0.002011296672758574,0.0017902013410828967,0.005767937550394748,0.00010990363626799029,0.004376628022773537,0.0014072850531288042,0.001958877422673363,-0.0070819799620624735,-0.0007786448339542863,0.0005155963454318859,-0.0016782190454299735,0.004531100552390425,-0.0006882497203432266,-4.611849178316182e-05,-0.005779469428184817,-0.00024115294863595203,-0.0011809651530131009,0.006459184696041138,-0.04808644682430111,0.0001972377378787844,0.0021668774829865685,-0.008480870396212457,-0.19750358212796867,0.0007603098492282362,-0.0006702409306664847,-0.0039233837127742605,-0.0014426749634436787,-0.0033452437861357176,-0.0019479323924131934,-0.0002171808373272403,1.8293738610800488e-05,-0.0001922059040047868,-0.0011451334021082978,0.00015545757492143372,0.0002140148760876974,-2.556805270059726e-05,-0.0007151238254122288,0.00047702799636540293,0.0019424535923256326,0.00018847907140880343,-0.01598227007927131,0.0013997109789641176,0.00030513404555660665,-0.003028904625737224,0.007095346144041561,-0.0003086543659440448,-0.0019296919447268183,-0.002320556456308371,7.946127869276187e-05,-0.008873358006943076,-0.0005569443497979258,-0.00014632742098034338,-0.006338389612076018,-0.0005746134816619515,0.005318062447567388,-0.026639395759633824,0.001537456682669712,0.009075008339779743,-0.0017325151815782754,-0.000281027169764631,0.0010741520866481826,-8.071948849704017e-05,0.0002833601118625278,5.626407368712009e-06,0.003867538418917311,-0.0009417822569950724,-0.005674319935848601,0.0006980857768880172,0.00016614381939663745,-5.9312733597359946e-05,0.0012344940987026364,0.0002971198276604676,-0.0010924884317781956,5.596816811225631e-05,-0.00013144428567129452,-0.0007424795579408156,0.00019044268604797578,0.001050171676812545,-0.0010439457309794195,-0.0005077814338045967,0.0008560693812036016,0.00038162454627837074,0.009699138821742635,-0.0004958952542059329,-0.009184614048118654,0.011079785866092769,0.002396765805961559,0.019633739563278987,0.009868773807619642,0.0037786838908517905,0.00015333029920101447,0.0004723018840825533,-0.0006942492957028763,-0.0003181621812825815,-0.004177735615983653,-0.000601276999831697,0.003757005816160976,0.00024263245492201657,5.239617533743361e-05,0.0018578891717843855,0.011526874368907593,-0.03167544755043268,9.855047736948344e-05,-1.4511675663375547e-05,0.0002116230316407164,-0.0047785663607932335,5.138828241240919e-05,0.0003132677109163955,9.458171905910332e-05,0.0035476674219136195,0.02906057590944918,-0.002484971895446816,0.00035553708029927456,0.01193176659493491,-0.005841963335749906,-0.0012804149212860205,-5.084661690431811e-06,0.001665402811585309,-3.6780602192621245e-05,0.00019634301130691707,0.0003706235409006596,0.0006402689979908283,-0.002337689673835526,0.02396086794799137,0.012386792875982707,-0.0002794411892423467,-0.002007775523555977,0.00021095761782143757,0.01045130504695021,0.0045170373589427815,-4.004182986514469e-05,0.00018920210870638251,-0.0019535786004643706
54,0.00018042730537459184,0.0005310541768614625,0.0037980226264658877,-0.0020616562887256842,0.01977498893591638,-0.00020493678097056184,0.0009790432144484024,-0.0009663465651799296,-0.0002702154955679971,-0.000725035021874855,0.0004547427829850112,0.018066329937788644,0.00016363022228103527,-0.00030882338978231033,-0.019362817987152364,0.00014488732367871036,2.4781192132061758e-05,-0.05284846470888638,-0.0005990980433795562,0.00010943206003688054,-0.008800892596037124,0.003758750187184086,-0.014267102699478555,2.98769602410931e-06,-8.475437615468318e-05,-0.0013191600450999062,-8.411847055431014e-05,-1.982730923981435e-05,-0.0003196298144572951,-0.0014067553796418449,-0.0003989673301150118,0.001909809374379283,0.0015602577821221784,-2.8706077076436467e-05,-0.0025383064751315306,0.01330224004779755,0.029655170554922283,0.0008356700562571675,-0.0046595526013725585,-0.0005515571362234699,-4.914018605825423e-05,-0.03138803104035295,-0.00013648016881668743,7.737655413320339e-05,-0.0063809515682288695,-0.0003905069566328594,-0.0046734894929441675,-3.4799262145997906e-05,0.026960885267027827,-0.000427602077624278,-0.0061745293266954465,-0.0016126581629310188,0.006127658546263634,-0.0004797756995651211,0.0004111488194280741,-8.009052961769855e-06,-2.886351717412694e-06,-3.727762526034258e-05,-0.001075864567194694,-0.0025508041596690413,0.001520280781439137,-4.3612112727406974e-05,-0.00038022142462985323,0.00013237341120101887,0.001198659785752227,-0.00019807120662829062,-0.007019335583022199,0.00010529969551587891,0.0003764124689005759,-0.0009332011348060776,-1.0131806770843303e-05,-0.011091346440387728,0.00026652616367141377,0.0009652752746851363,0.000160085959142293,4.314899841536841e-05,0.0019204258869015157,-0.005634340135333482,0.00023363273683129748,0.0003575609523501586,0.0003258491175992151,-0.00031035014608962134,-0.00035871881540657825,0.0007431058771435115,-6.216266564545197e-05,0.005148405068908565,-9.161994991444336e-05,0.06815312868635566,0.011936249876044289,0.0014721524047353984,-0.008146332142101505,-0.005041857252318274,0.0004983371095395645,-0.0006430615958410374,0.00011972817847327299,0.0009468722826323881,0.004128745603829903,-0.00029232482804315493,0.0003033585004034514,-8.687590297612729e-05,0.7495054942969228,-0.002376467517339418,0.00038020323287625535,-0.034817361837082596,8.606290312546984e-06,-0.00011658787610375402,-0.004708273631843836,6.323368285197353e-05,-0.0014324843483610149,-0.001155873479845615,-0.000681183562302427,-0.0001455676977171682,-0.00025719062402810265,-0.0012567805645804751,0.00010135391423965532,-4.252770376937122e-05,0.0006839256361920274,0.0007915599304465443,2.960643171895502e-05,-0.0006764391598731248,-0.0006909439400728046,-0.0005280240052237072,-0.0004834587054319661,-0.00054407514892359,9.071248373663013e-05,0.0007638659021007326,-0.001268765424704432,2.616305833242735e-05,0.00029678901817155236,-0.0009882260124148574,-0.0003330851487785306,0.0010554786741140488,0.012780210806089954,-0.002611128125986721,0.0064970173072989735,-0.0011168958436388455,-0.0018817579896327624,-0.0016914685630785922,0.003718504480497819,-0.008745482009999372,0.017028637249954487,-4.0465704804809946e-05,-0.0007570241075339232,0.0007939098977507984,-0.0002013133101572714,-0.000952594316447583,0.0009355510660192074,0.001384008060026803,-0.0009768406735963355,2.299765967528171e-05,-0.0011781135271034513,-0.00013632263907073467,-0.00011335732606887851,-9.465767976290151e-06,-0.000648926252995138,4.910524935012774e-06,0.0010919297432046074,0.06871248352984204,6.0583470689110856e-05,-0.004493528256162968,-2.57103890961266e-06,0.001538394614039363,0.0006197266553333258,0.045247196145182134,-0.00011396625549365581,-0.00028744218266673325,7.920114940136573e-05,-0.0009354206324494463,0.0016994079179323716,-0.0009464368147796029,-1.5762905397989738e-05,-0.001501078533849144,-0.0007683575217921482,0.0006449846107197538,-0.07119351290363482,-0.00023554137503893732,4.272488817394432e-05,-0.00034003585837951377,-0.001078799168614095,5.656933500168863e-05,-0.002780732773422452,-0.0015826434348950413,0.0029803047154223217,-0.0007984329859440935,0.0012395095105689966,0.006712380964166631,0.00021699769832747833,0.00038308233802440076,0.0030171484346728575,0.016223021793488827,-0.00014470899330035637,-0.0005525804133886497,-0.001112597684221124,-0.00048015187986787285,-0.04743002062742461,-0.00017691855869095968,-8.458166030313467e-05,-1.6871696267457625e-05,-0.0005877934868423924,-0.0003886071082927194,0.0004560813843881276,0.00926722132677035,-9.634423494723609e-05,0.00023975388857932697,4.1392651071784796e-05,-0.00020015189053121645,0.0028739678460777207,-0.0036546527547629964,0.0001830984938363069,-0.005914797923561275,-0.0022206948720061193,0.0014406071424429958,-0.0003401703384855082,-0.0010186451313844314,0.0001346100134768935,-7.186885966040083e-05,-0.016429505110949382,0.006826219024382669,0.0001281944647315101,-0.0003286803347891977,-0.00011998371685826399,-0.001545670745550818,-0.6339986884888044,-0.0005009764757630394,-0.0018213345411645851,-0.0022511995828511837,2.8985766656411892e-05,0.0006109915259405127,-0.0007841490125649277,0.011116533141124194,-0.00020831423738621176,0.033835791225511745,-0.0006776038129320218,0.0003845243739495068,9.311255866246157e-05,-0.00012353373032092428,-0.0003659483666500822,-0.005445800263234376,-0.0003818425463784755,-0.0007904696979003849,2.2704865647764534e-05,4.271053803772988e-06,-0.00043960106163219216,-0.0001254297581478274,-0.00015276422565763115,-0.0024265486465393006,0.0001295888485903177,9.242031749112168e-05,-0.0013537450521871053,8.112372837449185e-05,-0.0010704974053347641,-0.008841268367029764,0.0019217930760682435,0.01674002866898757,0.00467963954375372,-0.0017297055074392722,-0.0012073431280703144,0.006680641851866154,-0.00018864098725250578,1.2621338837920382e-05,-0.000645940384172536,-0.004754681799902951,-0.002398418821737719,0.00045383316527699506,-0.0038939867026799467,4.894776828679275e-06,0.014747561890428898,0.0031226870326175465,-0.013413810211436854,0.000949995266192238,-4.266657536048724e-06,0.00040643311609203647,-0.010160347871910723,-0.00014578473681903467,1.1027033809104213e-05,-6.689605590956115e-05,-0.0014324382658286857,0.0033474961440716766,0.01877857497883628,-0.00010644782196542017,-0.00272259640456198,-0.0002357592894104473,-0.00012782450765502667,0.0010758607907582706,-0.0003004459127005257,0.00022078201510766215,4.8982872149025674e-05,-0.0004320251197661065,6.558458977921617e-05,-0.0012473902775684866,0.06677390340523058,0.0010259520934560772,-0.00012840314582716374,0.0007956217160655719,-0.00019262532033057877,0.006277847328139612,-0.0027222296438638195,-3.4550887632706865e-05,-5.8099714408414954e-05,-0.0015775386267998434
55,0.0005242117289711005,-0.0001657686149471177,-0.001470678756879014,-0.0008361581086369224,0.15876047515021144,-4.3819670892286666e-05,-0.00037208015926792903,7.947789490029764e-05,1.9541997792152377e-05,-0.00015865280691251815,-0.0006467854520568334,0.12400027446870211,-1.246612973382355e-05,-3.9680723237900395e-05,0.0063736158588970915,0.0002582054315458937,3.860453401161035e-05,-0.0021488834067041607,0.000529242295232546,-2.814788330417141e-05,0.0011159486777584104,0.002255114393340224,0.017253151723806242,0.002379412027883221,1.4166664103615334e-05,-0.00021254774090505302,1.1401933162694111e-06,-1.2404091344814239e-05,4.8686136647629885e-05,0.0001496791752836563,8.528895153794847e-05,0.001960771083603416,-0.000680904647146291,0.0001996824272342177,0.0007590238214138824,-0.0025436774542136695,-0.014502305954008081,-9.688546185617245e-05,0.0008438764772397203,0.00017956549728480233,0.00011835930509773241,-0.007371368733432311,-0.00020847247047336807,-0.0002113880590169535,0.0005598107924434381,-0.00030185292070794394,-0.002889468490390054,-0.000484607390311002,-0.0044047533973048374,0.0012824819212796388,-0.0015010378928414503,0.0007114621239272672,0.08608319094673877,0.0007345681279664297,0.0006665531335259163,0.00021666052781219199,-6.345394746552768e-07,-0.00011671347902279426,-9.530789024760804e-05,-0.00039382928347101234,0.02318482122088738,-1.767498722796281e-06,1.6355378748756765e-05,0.0001883649749100545,-0.0006510562297769099,5.773992724040036e-05,0.0006721967678867723,-6.559719112224902e-05,-2.0815751341536062e-05,-0.00022902742803308784,0.00013069205582383857,0.004900725092270245,-5.681095974857664e-05,0.0016293209824104044,-9.355259707618906e-05,-0.00022928492293618728,-0.00014062587420303994,-4.704132754979051e-05,-0.0009438062314439644,-4.436106098472392e-05,-0.00019757973423763703,-6.804353153101522e-05,-1.937627545686542e-05,-0.00023292962691229355,0.0009474039529167356,-0.0016776775347896178,-4.447163168889989e-05,0.6372406744217466,-0.007752792922326842,-0.00024540866408706563,-0.0006242876666225274,-0.0005736485784764876,-0.000673845273719777,-0.0008088459598062682,-2.012269664432645e-05,0.0026598034452560305,0.004754166793774033,0.0003645747584565869,-0.00014934976585825877,8.942597450470107e-05,-0.10407030378427452,-0.002780340920997687,-0.00015192438339693129,0.007904591407233957,7.55481743727809e-05,0.0002460444809211301,-1.7479922801191296e-05,0.00037766087132216127,-0.0007637848448884335,0.0008320463987208492,0.000589384767115831,0.00015431806242574212,0.00029888923794889766,0.000360741542796951,-2.021217588529106e-05,-0.0002471646561335663,0.00033821489818566526,0.001934108078914686,6.517839746062078e-05,1.798196776194353e-05,0.00013763368163302592,-1.9062106393442696e-05,-0.001435573921649157,6.417754137972458e-05,-2.6568987104219578e-05,0.0002230883493081412,-0.0006882832972431769,-1.3177419818635001e-05,0.0002170583658114393,-0.00019811057054181826,-0.0004519642556346661,0.04523080129759849,0.12818614870057532,-0.007077557282912897,8.95471068842169e-05,0.0006117498036142593,0.00252746831648884,0.00031978685274099833,0.00286232308897778,-8.440973632067861e-05,0.0005207886625770708,3.709492392773607e-05,-9.969226859185104e-05,-0.00010873007923329101,3.0819624660999485e-05,2.543780327756524e-05,-0.00015394886205332282,0.00050272679694234,-0.000294942062053237,-1.5152718348732542e-05,-0.0014732942038210243,2.9964970074557412e-05,2.1500675277686017e-05,-6.5580947479355585e-06,0.00030291569497649384,2.1648726612886484e-05,-0.0006471231419719371,-0.015129014564578398,-8.099184297549744e-05,0.0017506524008730736,-0.0006049860772184522,-9.184278002920666e-05,-1.2158539970107704e-05,0.2904307700423786,0.00010604091197080612,-0.0004845674283311986,-3.6757424072053624e-05,0.0005991941636095317,-0.00015868283968480112,0.0004534282956620162,-4.4092789049203496e-06,0.001023967942901459,-2.3383660559207786e-05,-0.00029077092323765916,-0.5623510618009978,-0.00011553003305008879,-5.5508618879946433e-05,-0.0002001235724817731,-0.0010177169169767394,-0.00042332169652527815,-4.7352879348173775e-05,0.0007598672283404796,0.0028131450293843556,0.00021775637874065076,-0.0007889725166574898,0.0007871222436451886,-4.5142579317088843e-05,-0.00014268746799213534,-0.0005831270265497512,0.0010206780741507486,1.6975025302038912e-05,-0.00046802921341867164,0.0004616303290114008,-0.00019298960562799672,0.008103365732750452,-0.004026779522381674,0.00018881409390590702,-0.00022379079140588546,-4.3247593487030084e-05,-2.622353627247361e-05,0.00036585181551537956,-0.003194420930001097,0.00012371171974649904,-0.00011313652015672998,-0.00030099746166020193,-0.00021998109705338373,0.0017947918243925816,-0.000998907222155794,-0.0006265290715209981,-9.564441914982626e-05,3.0205597696327056e-05,-1.562700484064334e-05,0.00040225666294547405,-0.0004547895466972089,-5.964105558302346e-05,-4.537696143807528e-05,-0.0006019000239783062,0.013314078023350807,-2.0832303871745617e-05,0.0003875185858304292,-0.0005816300269565785,-2.8028361384147688e-05,0.05703594074328153,-0.00014742984242175055,-0.0009933048517267956,-1.2657550075846266e-05,7.014112750254077e-07,-0.00024410662550979978,0.0018885531793768398,0.12304938511780872,-6.485973214781222e-05,0.2511393360412461,0.0006445906488720451,0.0003077020319585625,-7.484392502258273e-06,5.09226972708048e-05,0.00010383823617037216,0.0016389229113901406,2.3724691715736046e-05,0.0010568576423072365,0.00018349415288407972,3.362280985069223e-06,1.2080809621881506e-05,-0.00024927698818289433,-0.0003008467161280566,0.0008965820996292314,0.0001697129428355087,-0.0002673298076573197,0.00034548895385786625,-8.853898102315809e-05,0.00020493167961335018,0.0008114798229466695,-0.0004987049238686387,0.17826443635023997,-0.0016253478637274499,-0.0005140661025220164,-4.347399404091429e-06,0.011583103803967102,-2.0778053384964794e-06,-7.861552660049626e-06,-2.2906258807832425e-06,0.0004718087631300945,-0.0027564558636301584,0.0007687350660498986,0.0007945501890934436,-8.124572864081888e-06,0.012719181093422365,-1.10909642288895e-05,-0.012270440190173374,0.00648946989894845,-9.703432894909463e-05,0.0037994240388485446,0.0010570805829768059,3.1830489524709016e-06,-4.5932309190816444e-05,0.0001292691255132261,0.00019668804196248772,-0.0021937045101016253,0.00012392858226303524,-2.3422335215884937e-05,-0.0019278653448776203,3.812949256488149e-05,0.00036310117574034535,0.0028082302607428714,1.4429282406918861e-05,-0.00011673654880621856,7.127847225780722e-05,0.00017116449067165664,-0.0002526644641213053,0.0017882302970448488,-0.01542476652442299,-0.0002103551386137643,0.0008825008520761141,0.0003000265651937357,1.8806857129238796e-05,-0.0018687985263777587,-0.0009582154863143517,-7.383617931285263e-06,9.034767052694403e-05,7.361862940732992e-05
56,-0.0005667604883119718,0.004636759383505343,0.0010452220221870215,0.0062864241310337104,0.0031020528953174253,0.0015094636943625006,-0.003028526107837687,0.01578721795172871,-9.292713329146773e-05,0.0077097330230697925,0.003163117207724192,0.002907503181229454,-1.8840512104531526e-06,-0.0016663834976231168,-0.06519369475167024,-0.00015920966523927382,-0.00045330191011875784,-0.01672699162204315,0.00031205371544738847,-0.00020828751248436195,0.0027924983757156435,0.0005887648857338668,0.12465513598016519,0.0017460923499129227,-0.00012131771502867789,0.0007643016608227943,-0.00037014062315204876,-0.00091929141215049,0.002099608532316097,0.03442987265556949,0.001509971324837895,-0.00019250093059126894,-0.00272507068708433,-0.0013619605471317624,0.0014707165554725087,-0.003856480677858213,-0.011390100991253906,-0.00011530779644485173,0.0019911394211064104,0.0004726988982686359,-0.0002481556389153821,0.02018933224059568,-0.005529931548545005,-0.0007309621828002497,0.4725764597039077,-0.006468996814808359,-0.24983489142520374,-0.0012387537177034683,0.007541319047308159,-0.0004349098664862957,-0.17733149879922241,-0.0012427121516506985,-0.0005565881941361657,0.012194570151999568,0.00334527878874407,-0.0002179284149086847,5.54247148336906e-05,0.0001739686055228153,0.00019808680181908258,0.0034491893822164305,-0.00041150812932928913,0.0005581507072110051,0.0009133947628847599,0.0006378827799085884,0.001435165751354604,-0.0028199885145532722,-0.0005939197859803923,-7.965199882151402e-05,0.0014429565119340015,0.0077429428057182725,-0.0009382938313644718,0.0009551128366875467,0.0023320030305612654,-6.0847143651013985e-05,0.0004291401021286386,-0.0012264916002756518,-0.03628438652928656,0.007709622200030311,0.009509231870287928,-2.6380064821282133e-05,-0.0008220408569416288,-0.0009206522592697265,-0.0001692614418358756,0.014993794619205554,-0.0001819281718768279,0.07062876259909626,0.0001474927821413577,-0.017744759506084506,-0.009465319956782368,0.0014368134155487884,-0.005153349298689245,-0.0006394413439996453,-0.0034742576526423175,0.0009296637624334088,-2.3358364715460322e-05,-0.000275185487683956,-0.0002905667930815614,-0.005820143187937312,-0.016731210692084154,0.0027605698442418032,-0.10628136385599421,0.15498393896507304,-0.004908680437590056,-0.01460126699355651,0.00019937547646144008,0.00025035466108019183,0.00819837982997539,0.001688788397836343,-0.02186780720777022,-0.00023060953464411972,-0.0005999546171570093,-0.014727657175181774,-1.1741353379515762e-05,0.020147952833586252,0.004018313766618284,-0.005185604444503794,0.0022024064700826304,6.313213014143629e-07,-0.0008137488375036649,0.00042857923537594666,0.010570869144141634,0.0065694465673436075,-0.00016595986244508218,-0.00010434030568914898,0.0002128200035690555,-0.006462930934648227,0.00034531553390922587,-6.704475940790813e-05,-0.000157410571559451,0.028974594876383705,-0.007417915262176022,0.0009775538876735778,-0.0019898499772248307,0.0004359697921359051,-0.0004645409742213577,0.0037038509107514407,-0.004113020304010147,-0.023912630526016748,0.0026071860065577375,0.17466978492896906,0.03514316006461185,-0.0013968617441235589,0.0001636330079332807,-0.00021527967441684488,0.0006991950224057627,-0.01384939634236267,-0.0013376949823342605,-0.002143175120444922,0.0034309402839697253,-0.0026821572478811914,0.0014974279363590436,-0.00019425770414297286,0.00029150103396182885,-0.0003267890587037986,-0.004764743537759065,4.109565484799324e-05,-0.005912271775175759,0.003232062478599402,-0.0033605255037542333,-0.002364620015542933,-0.00033237908284904517,-0.0002939286621996767,-0.00038719928705119506,0.006957127879007521,0.04108745548795502,-0.0005651669790858608,-0.0004741347795413223,0.001811261954584989,-0.022588834242056058,-0.03093081816654436,0.00017151867006513777,-0.037505350718318974,-0.000309723863564401,0.0658397141903021,0.007354777072028862,0.00035516987922815774,-0.00040551639098364127,-0.0015347671044754901,-0.026856582372755972,-0.005063934049262527,-0.0002247702745076241,0.0066597208743934076,4.2684108570899965e-05,-0.00126783479149771,-0.0100495081562042,-0.007918608498784535,-5.5092254858900985e-05,-0.007555109547382935,-0.010446467460042772,0.07176976892340038,-0.001127558541091693,-0.004104896060047009,0.0016025744924335616,-0.0019952671277151963,-0.022149716691825947,0.039126753874646335,-4.968803372293849e-05,-0.0015354059258927742,0.001851270452597747,0.007916782201336924,-0.0005588462858801824,0.036254505192663836,-0.000500697193593942,4.043254918906767e-05,-0.0007567938860376408,0.0176322445587596,-0.01372140879886646,0.017037083842725523,0.0030277056641214105,-0.0019283816040730878,-0.00234804702025195,0.015695378877574793,0.002764814478913768,0.028550818227185876,-0.0017250840954894271,-4.567347377356496e-05,0.021209883493854036,0.0007855587300423673,8.798924386013533e-05,0.0827132365903668,-0.0007538970570469037,-0.030736946001017597,-0.08700911147295957,-0.00013498071208829787,-0.01818470690148145,0.0012299295790703792,0.0002258094399801196,0.006947543888263846,-2.5534725677835873e-05,-0.004654041070305433,0.00012171324748172941,0.004950209055985765,-7.897900327632264e-05,0.005023720477510606,-0.0002061201042128655,-0.00013547732746379843,-0.00015349503664812824,0.0391077424457329,0.003185439150484772,0.00420102024493244,0.00017872594890771913,0.00012384856977869143,0.004073944489649153,0.0002116705626033027,-0.0027538050566095,-0.0009101278243385889,0.0001315436815483736,0.0009514915617880766,-0.0012985211646526144,-0.0018216187016968678,-0.0014156461211277012,0.007139245849206036,-2.56003499285696e-05,-0.0035223704935976943,0.007605426681113128,-0.01067379304611342,-0.01753003877341552,-0.0027810058798898307,-0.005617605427891793,-0.0006257621447459463,-0.0006272178404175491,-0.0007039086061644928,0.0009318269468050868,-0.012608477376796497,0.0031922278846263394,-0.0011374235552183355,-0.004575213344194498,-0.09923547137919918,-0.6811950288781147,2.8903795299372844e-05,-0.0002919045813284119,-0.0008898914985830408,0.006176588228946091,0.0008368925995850221,-7.227268397423116e-05,-9.24758797178609e-05,-0.03029349796492562,0.0033959031696313433,0.00709204806966874,-0.0012440709336920194,-0.044792820373061225,0.009322392269431524,0.00033162167550496863,0.0005964980604381016,-0.010386641477658835,-2.8948578193143023e-05,0.0001332865620951489,0.0019856797722348375,0.000690089723259929,0.061836660994970816,0.24738714572310977,0.002137741420467779,-0.0012754463886152437,-0.010781527340320826,-0.0021135497854796615,0.010014140253569268,-0.024796048815141275,-0.00042007458246359894,6.0952506548234316e-05,-0.00040292200476387685
57,-0.00045951612256186683,-0.006920405732702459,-0.0020910839588699076,0.007463700625113277,0.0012102507776203947,0.002672110098576222,0.001633541266563121,0.018805709400483765,5.541912539846344e-05,0.007890227338163247,0.0008528595269136074,0.0010727891843483953,-0.00027865813980665344,0.001935614964585164,-0.08507684982960063,-0.0005208393454551735,0.0004814433004026071,-0.013291090334506053,0.0026965709806063692,-6.518198482421272e-05,-0.00029377805737008586,-0.004047040815020206,-0.13623312795342057,0.0002121135687939632,3.7659415624072268e-06,0.0018582801685471245,0.0003851478011646439,-0.00022524017444003341,0.0023714801592965157,0.03956146691778997,0.0029264252210499577,0.00039031662333627315,-0.0004977691112320604,0.0010712664295936467,-0.0006583304637080636,0.016172868643284724,0.016573083417732233,-0.00024209612420755236,-0.004976588876773778,-0.0005630773072964929,-0.0002443751785074183,0.01572611306431755,0.004257851228490888,-0.00014708464942569856,0.5016605974174909,-0.008233181878802471,-0.2977581128454413,-0.00012571774401732173,-0.017639141389487623,-0.00077074665864167,-0.21094360482880065,-0.002343550621805168,-0.0005477164416159835,0.01380229510775553,-0.010787180728708743,-0.0002853534020978532,1.0365593255692862e-05,0.00016920340094212286,-9.771395597570846e-05,-0.004662401853321849,-0.00022825527090888833,-9.909573774506713e-05,0.0018580855834561421,0.0005948169337594054,0.0031008280712613006,-0.0035828235594378365,-0.0020505711401952644,-9.017059335139014e-06,0.0015608594756919107,0.005910266728407107,-0.0011993290983708502,-0.10696441421949801,0.002515242231909404,-0.00037850184502852507,0.0011109196114425048,0.0015386954426254906,-0.03950995246153252,-0.01793418967092257,-0.005383141118432428,0.0005887920203947361,0.0015405278022588668,-0.0007897537713580292,-0.00032921425576844764,0.018963905093504593,0.0006464865895243338,0.08283290901743828,0.0005286167876124917,0.00820698428869926,0.03058687995066107,-0.0014692712133291957,0.022789735592556308,-0.0021568098795292697,0.001172823345671068,0.001036847874384933,0.0001683499382765948,0.0013239167548676407,0.00016176627445086637,-0.005838404691122463,-0.020268238590574705,0.002667966342151562,0.14036007522097377,0.17200066524752997,-0.003734106614125257,-0.0001005353420613711,-8.289165769772514e-05,-0.0005173629801986865,-0.0006872065038615316,0.0005318649384696639,-0.025477714526158147,-0.0007152938927648781,-0.0008322977251052372,0.011727181364536286,0.0004708632302469918,-0.01743233261236373,-0.0020542864220116502,0.005476094902086645,0.0022616488392305,0.00029110745547354005,-0.0004396411887102949,-0.00018979324142278308,0.0067471792742471535,0.0077986461237816475,0.03779477697393446,3.94632476946133e-06,0.0008380269441435936,-0.0032476842614680666,0.000795502744889462,2.7746883711743473e-05,-0.00138546555653302,0.03220076810340015,-0.008474998626209653,-0.0007658078958263236,0.0017336819243264218,-0.00011363550123218852,-0.0031594361831643147,0.006107835915617853,-0.0015491528669192103,-0.027297040288178566,0.0002654889554931991,0.18766601418489956,-0.06832410955441115,-0.00013206900073409747,-0.00275050361881071,0.0002836622580677765,9.535621974827036e-05,-0.0013817766338756268,0.0019763088555707804,0.004709005848192152,0.010681291371472314,-0.003238192988111245,0.0010780460441166951,0.0008490319080831843,-0.0001285977074596714,0.00035443350670241595,0.0006901244581571306,3.208557957749749e-05,0.006621617364861845,0.009986454540727087,-0.004308594012839282,-0.0014672405328874458,-0.0009751753495913658,0.0010184960980093548,0.0005691418515811564,0.0008472910281599371,0.052928068008140206,0.0011199056839805064,0.0004168517486104214,0.008762795960376785,-0.01828275798969188,-0.03601343907488065,2.8985216615229695e-05,-0.044745972100192474,5.279974073745173e-05,0.07690569732318336,-0.007421885126178793,-0.00048458636883791254,-0.0005247942439443387,0.004877787157724729,-0.0325071820562354,0.003994903650840044,0.00019132660974049975,0.006577781315513836,0.003543078858730257,-0.00018597627758319777,-0.011661797546040537,0.0022216958232103836,0.0005243946592551059,-0.011176124525997599,-0.008853679331454818,-0.06045685866507931,0.00011303083370101372,0.005539922072241618,-0.00100821588533102,-0.0012505236350552425,0.03182220706074872,0.04340899910921783,-1.9732709462704412e-05,-0.0004741720463227553,0.0016801253622419892,0.009631503608204929,-0.0006454101465724841,0.050703232953263164,-0.00048530891672159777,0.0005542313980577652,-0.0016525681461955057,0.020532385811829205,0.0025317423041755025,-0.012622771682687257,0.002189678055574195,0.0018893986043137497,0.0010789288903992507,-0.012543304113424747,0.00717697057857009,0.036597463647310674,0.0007575440510428216,-0.00015159485889218178,0.0049146538923598125,0.002033809009499758,0.00010039284430866068,0.1214922343125897,0.0004694861490407707,-0.036949941960843266,0.11898971239556892,2.580221720381061e-06,0.01859789181766208,0.0023166116275526423,9.116210375531932e-05,0.008200230348632195,0.0005900406101619173,0.0038321989968169504,-1.5338513603723348e-05,0.001118740278195668,0.000743505636706502,0.00541989103672004,-0.00031988146183361274,0.0019293115078649376,0.0007608718631640708,0.0862020517467898,0.0037680350211049376,0.00391466589367483,-0.0008363120393780022,4.700480442323268e-05,0.0029233548154924405,0.0004901239727524867,0.0017544775704330107,0.0003073023441012542,0.0012558968800386336,0.0024926825060039436,0.0014232211362220691,0.003733487805291544,0.0005265021757615163,-0.008851762453889028,0.003033499727947698,0.002006153681486128,0.025993092127993757,0.012759167403525104,-0.02020487792719663,0.004123203438502221,-0.0030419797319840005,0.00018608771832644665,-1.1112214743994042e-06,0.003388212535231052,0.0013012305585343772,-0.014474995638603647,-0.00443366078910264,0.000843548605828158,0.0060726701877170195,-0.11807715321434367,0.49252122381684155,-4.945959850393767e-05,-0.0003264910360569265,-0.0012864041331194895,0.002353861078154591,0.0007112012857794466,0.0006273567655448258,-0.0002319525566461581,-0.036094645689308126,0.00853652425037737,-0.010582474375339605,-0.0012845533513897289,-0.052604287065478324,-0.0064453710920385305,-0.00012692336320017754,-0.0004157891220295082,-0.012527690435187398,-8.10871029328225e-06,-0.00014268946657771406,0.0020331474320590087,0.0005845912253911543,0.07302916189427995,-0.36908530483322133,-0.0029630363038260117,-0.0017290754214909212,-0.009290819747151582,-0.002323611234749782,-0.004452253007040244,-0.02817310546641051,-0.0003935504769702184,-0.00019619904674400253,0.0007187461447843043
58,-0.00032805052365381327,-0.003711448669197495,-0.005306607349577247,-2.5941357561960754e-05,-0.0017050139554894567,0.00038473697406748997,0.0009245537553807873,0.003886551680762764,0.0002689312889664376,0.002543861843856819,-0.0011629718535245276,0.0027302766431329534,-3.714700413694205e-05,0.0017694333508175633,-0.012806928927601588,-0.00011200483847822323,0.0005523177264003896,0.00905844457880308,0.001166509489257339,0.00016450765706559067,-0.0007980671083308039,-0.008830035969280656,0.25959543116377,-0.0014256327495081912,0.00013650647067476457,7.01030415451026e-05,0.0002887374451763236,0.00012105767253936181,0.0007372429140031153,0.008934810212108221,0.0014137777270129895,-0.0005421739637358411,-0.0006663364089985052,0.0010992345648469766,-0.0010779021514384472,0.0016147856388380368,-0.027542981248582163,0.0003844542422349786,-0.0032512433674300803,-0.0003922637432673716,7.174315190815178e-05,-0.023483099699892263,0.004470195010621053,3.211024482009466e-05,0.08738900867165542,-0.001554241237563465,-0.06369599818037272,6.874931156699692e-05,0.017871635170176533,-0.0014487650593015197,-0.04398065285245899,0.0034023712942418496,0.0012872922574825862,0.00269597805738308,-0.006224392861521313,-6.632902545973714e-05,-4.5815430977647065e-06,5.528009749471304e-05,-0.00027360323166448315,-0.004069628289976632,-0.00037381020674573905,0.00010444836418470929,0.000616453092913569,3.993575958191316e-05,-0.0006425319232703577,-0.0007082875687961578,0.0005330330389210585,-1.4526578067513077e-05,0.0002773531638142451,0.0021911785440030234,-8.051581285217421e-05,-0.04461149809943288,0.0001217699147478908,0.0004129217961593274,0.0003336895010104786,-0.0029811539272479766,-0.007334262754418224,-0.007360902855531315,-0.0064554875328564545,0.0002375364734867227,-0.0028710855596644487,0.0006134743464542352,-0.0003295863947924572,0.004421565881532675,-0.0005359997497043807,0.016269711809387064,0.00014282743424595332,-0.003659511389398157,-0.013944170448000143,0.0005008256048460347,0.004999558847085627,-2.9650475060732928e-05,0.003225426109071356,-0.0023177993219275096,0.00017529149427218758,-0.0006339709423479932,0.0014231262571040315,-0.0011945290871273467,-0.0033209846046112906,0.00044064615456657584,-0.257942983881503,0.0223960836939035,-0.0013737947930529582,0.016387194819105548,-0.00010998392420720482,0.00011826808153093341,-0.00017192967217775,0.0003336764569258485,-0.004466585873606479,0.00042121211830157526,0.0021876436787194586,0.014026278355396962,0.0002214149623253215,-0.012628877428004462,-0.001393220374070089,0.004863405081389943,0.0008826454906842678,-9.632882727810552e-05,7.410593302336829e-05,-0.00015182027509821764,-9.520459693063425e-05,0.0015175674746559084,0.01676972535041062,-0.00017365901304086748,0.00047823776785065487,0.00034391844031919205,0.00036156535462348466,7.095854443893651e-05,-0.00020814741136586032,0.007676566789069552,-0.001561517009186432,0.0023427338749293686,-0.0031993489900364706,-0.000825078531739896,-0.0017924913630207894,0.0019266266954282144,-0.00429668053752565,-0.004762743453854908,0.004981028739415692,0.05542045455092817,-0.04344447979888741,-0.00037485018456130323,0.009459274717234864,-0.0004903463073056134,5.664565382917713e-05,0.0030622435051152475,0.0008834872894775128,-0.00208097743145649,0.003193923081898093,-0.0006692877707719312,0.002467268211427069,0.0004961103432274041,-0.0001285752396263443,0.00018386623029457245,0.00146116856705498,1.1741140903232883e-07,0.005393656186968873,-0.019658161009682727,-0.0004920508046960424,0.0029672175627398897,0.0006100074982327186,0.0013274152570935485,-0.00046366149588164513,0.004903956893347557,0.011373441758557644,0.00041676268251767106,0.0001028317994576141,0.00441476411959231,-0.0034060246772924,-0.007140518242810832,-0.00011818756443110479,-0.009807126383205836,0.0008306583824559534,0.01620683407040295,0.0014921999775694,-3.365668835884222e-05,-0.0002264633633754114,0.004369679933645285,-0.006581291509516937,0.003245620637904204,-0.0009585175484420616,0.00867915558512523,-0.0014829701758216959,0.002151039183096342,-0.003096282445876163,-0.00010505306323753058,9.896439287497083e-05,-0.002173408454199115,-0.00431923084510057,-0.054841190881528334,3.580615141449833e-05,0.0038229459714728196,-0.005481055665061338,0.0004892746658316863,-0.05796028681793104,0.007049898347308712,0.00030331965713987054,0.00042594311260299184,0.00042947812228416593,0.002925322570102753,-9.066486671939142e-05,0.004809304498344713,0.0004708273608608908,0.0003955807255265672,3.529981482946944e-05,0.004181402121030683,0.004401763345568514,-0.01342071291448018,2.435664245122927e-05,-0.002705658841860424,0.0017455876166232052,-0.010312560074794757,0.002014942260560755,0.007993006750330257,-0.0009206939460197922,-5.887362174769519e-05,-0.010781941334451397,-7.025396924267152e-05,-6.640961451259003e-05,0.026388432593025656,0.0008160653001454141,-0.007767356900913961,-0.24732376035487763,7.669280590066017e-05,0.012776058128181875,0.001233926271154002,-1.195949192363873e-05,0.0018257365291680398,-0.0004926677811557534,-0.006472495076313166,-7.060016382727248e-05,0.010041853509656709,-0.0011476037912862397,0.003041088927416154,-4.426083400808044e-06,0.0014345115577168318,0.0009076067566378626,0.03246520959789577,0.0008209732571485775,0.0010661345440062253,0.0005899667740570345,-1.0421095579925296e-05,0.0006175158685825091,-0.0008614305551069133,-0.00011944801102745095,-0.0019295255835238287,0.0003193455505985345,0.0013319975409840452,-0.002729179709881257,-0.0012287468719910516,0.000996787803190874,-0.004393908902896129,0.0002454087972641329,-0.000688745128838035,0.007589006121497823,0.011628667925219056,-0.005160576316146,-0.0065785926986743366,0.0007336907140608937,0.0003994790347373947,-0.00010650525994460491,0.004074170764633315,-0.005359528782157062,-0.004211542037668086,0.009183583585181725,0.0010477125554070826,-0.009390232841906543,-0.023810282122898138,0.5062697214922861,0.00023427900452806098,-7.198673389946975e-05,-6.913972980549554e-05,0.007701294159493655,-4.2772802500111885e-05,0.0006312412224124169,3.4739502846692014e-05,-0.007718162628728406,-0.020227566498792194,0.017602901103509244,-0.00019225751775150783,-0.012254020525091693,-0.005800897666531558,-8.085680078983985e-05,0.0015739885664184721,-0.0026397229719966947,-0.0001007858153086538,0.00011963353465760471,0.0006077181631129469,0.00012039435597851339,0.016342196314729416,0.714423771524787,-0.0002056426733067912,-0.000989166310313084,-0.0039055265389264385,-0.00037039641051804517,-0.010181246521890095,-0.005839489040505726,-0.00015583578784099557,-7.959049129445568e-05,4.26206230862646e-06
59,-0.00040016484980064186,-0.0009015792504400363,0.0006853080140566091,0.001763657960244712,0.28588240033907697,-9.753244692552177e-05,0.0004691716584061256,-0.0012832640639196327,0.0001944097172441317,-0.00012950794424269885,-0.001019497843604708,0.2520518452447757,1.4377030553259021e-05,0.00026071810523946304,0.0009732212941729879,0.0003702931868315301,0.00012399837259889288,-0.020238273122549652,0.0002676846126318383,-1.3596217666320132e-05,0.00033947101454613257,-0.0011576509343135255,0.18269104405242578,0.004027544347370363,-2.8376521363025764e-05,0.00046587105592049705,1.555486708618159e-06,-1.5291644092835233e-05,-1.909485982034241e-05,0.0004148441985012824,0.000430475948567946,0.004719709257483324,-0.0005229462316890254,0.00023672130640620473,-0.0006476452542934566,-0.0009088668349563011,-0.011730716440515165,0.00014583468483701464,7.940655858957105e-05,0.000414345305962004,-2.717870687602396e-05,-0.005391904551571472,0.0002859343889028516,-0.00010733455415246583,-0.010595293322575722,0.00021243890263557275,0.005899966663544073,-0.0002503004663366804,-0.004185032643574137,0.0017033649193189198,0.0026859975674116063,0.0017995934753424784,0.00922302449476304,0.0003583033525235528,-0.004153120250037896,0.0001857328462780694,-3.134664196841161e-05,8.03340322357547e-06,0.00021970255386152718,-0.000317383235577548,-0.018407026565829876,-0.0002697812116197143,-1.5871472856875493e-05,3.8904218520376794e-05,-0.0013661696514105787,0.0002679814630035396,0.003470512040965217,4.889925888977857e-05,0.00014903631291923996,-0.0015133546151698922,0.00036465297465880096,-0.0003161864874576051,-2.997577307186283e-05,0.0026875945933902768,0.00014996493853877864,-0.0005299489299305064,0.0015111954824483138,0.0029135107499704167,-0.001161023961282157,3.9025261239486464e-05,0.0003044294819147109,-8.549199916223476e-05,-3.0794077710753634e-05,-0.00048324782564736646,0.0024449663362246916,-0.0007710085605666314,0.00021565601922834965,-0.6069722674600369,0.03431003386386468,-0.0007546625472903638,0.012833867762944255,0.0017680212235878963,-0.0013360445005314745,0.0005322832758731105,-2.459012994270092e-05,0.00500716841783312,0.007161334391812595,0.0004332206714141758,0.000881807136756646,0.0001620658944384301,-0.018880132378091254,-0.0024516665202475516,0.000110142180828522,-0.004073043816853222,-9.493338433710051e-06,-0.00012014239830411121,0.003667498318729852,0.0005159153245268278,0.0003262472490443199,0.001280764868817487,-2.7591870044888986e-05,0.003195729426630791,7.619691186621161e-05,-0.0017986157009803189,-0.0004505480112419469,-0.00011352335003254237,-0.00018568723084356304,0.0037543029984126635,0.00023033585507039526,0.00011797604212497093,0.00011063562296097923,-4.2570266924917974e-05,0.0009539087660756264,1.1541794802584428e-05,2.980130893969271e-05,0.0016580456358489606,0.0002842974706494056,-6.684979009749587e-05,-0.0005918312790461327,-0.00010030068828919365,-7.03551032981033e-05,0.06690969509747235,0.03193773659706777,-0.010763921125301626,0.003303749041283972,0.002270264308668015,-0.00711513591495197,0.00027644704477949086,0.007959774107997827,-0.012878078218949207,0.00040728654846447845,0.00024550899699820944,-0.0002756130406120869,2.6657990092642447e-06,8.870075268508238e-05,0.0011760870735382275,-3.727105524313414e-05,0.002496345298893544,0.0002399746337311832,0.0001458512281405054,0.000874001948364058,0.00014338985269449992,1.615040815129351e-05,5.822533854693351e-05,0.000784246169339883,-7.146615797369886e-06,0.00031028737346741825,0.02371532956609718,0.0005646928556319159,-0.0009207518426992203,0.0003097652242667233,-0.0009070653356474045,0.00020877401461912715,0.4559719902052739,-0.0007616094750105004,8.057562702280287e-05,4.5982580572022716e-05,0.00018719746328079486,0.0008850691118720911,0.0007755539970531224,-4.0852945886234865e-05,-0.002221017915977383,0.00013866864629135203,-0.0011535643979351815,-0.11442255738118244,-5.301748011653039e-05,0.0001976617171631139,3.652999138129546e-05,0.0009894660822131762,-0.0004076769004814994,-0.0007871435406858474,0.0027626876953134698,0.009184119782948285,-9.29633244249866e-05,0.0013274567256590791,0.0005726048055515465,-4.8169245907021124e-06,0.0016015772485850812,0.0001880409577256978,-0.0037241806935815747,0.00014145893593272077,0.00024125029453981564,-0.0008780272366135378,-0.00011687968965213045,-0.00044637062819240583,-0.006281105538423131,0.00010890035751461259,4.573718643204675e-05,0.0005622509570299417,-0.00013537576811329397,-0.00021719311588216245,-0.002452684558043823,0.0007371882846356538,-2.2357400223112006e-05,-0.00021388732318119953,-0.00017034706523389636,0.00018891100137521238,-0.003430511197872979,0.0003734187776238923,0.002089928493644707,0.00073350866266218,-0.0002573830925163764,-5.7825615104209086e-05,-0.0010607340062105237,-0.0015425558375723736,0.00012921462647582402,0.013148767537979703,0.021369561517757287,-2.0811208959609084e-06,-0.0016228853693668992,5.897709895389715e-05,0.0007229369619688288,-0.012469973430182434,-0.00027817811563114053,0.00029450611729196476,-0.00015292859467611085,-2.751000104337818e-06,-0.0001604894188404573,0.0018269979399983861,-0.08681369246258115,4.4029526174130804e-05,0.44980928015849675,0.025052355297927244,0.002741963029550494,0.000178331079975337,0.0003848490559069792,0.00010839777317011165,0.0009517087131088106,0.00030341505232537973,0.0029266812553915946,0.0009058866203550842,-5.73916190777055e-06,-0.0001978133782264942,-1.8203151128207362e-05,-0.001069450508418418,0.004184021294275891,0.0002787196231940955,-0.00011488407921054003,0.009347853077916891,-0.0024573510900755373,-0.0003043248347254224,0.008589680313579984,0.00020872881258652534,-0.015501491884469157,-0.001607844989167639,0.00035304270571199625,0.00020820095406507214,0.007723910675543549,0.00026924652605062483,0.00016796441265710255,-6.098409528695198e-05,0.0007731875981390876,-0.0039058282128890884,0.0026756785232129807,0.00010259761311659271,0.0002133298565268921,0.0244786064978628,0.0031683021135556766,0.012830202862038622,0.0062063644567471946,0.0001428781887558929,0.0036161927316351213,0.007834941956022603,3.0570677365785804e-05,6.864003634990293e-05,0.00021130960739104872,0.00148482755867934,0.0036248525905166248,0.007630211969463602,3.102969944697616e-05,0.0011586728774696017,-0.0007134942721492804,0.0003528486086387002,0.012361845294203986,0.00022766766578760558,0.00014458174103799872,0.0002994483596840316,0.00020566018154454403,-2.562655088353752e-05,0.0012942848107826282,-0.09583261276516349,-0.0007279356916090243,0.0008643282944268359,0.002632565140229297,-7.009599005661574e-06,-0.002629282203660682,0.0016975593521569455,0.00011721203553399946,0.00012628169031116826,0.0003585452211649154
60,0.0002738832219536207,-6.07785862668242e-05,-0.000692122293205609,-0.0024758274516318533,-0.06520579704429955,-0.00026659789442340376,0.002155912635981534,-0.002783670111039832,0.0008390577158049299,-0.00044799324342317814,-0.0014417237189996088,-0.059390778004909335,4.384206650374922e-05,0.0008745259574751141,0.0031419482447443345,0.0006165139467348563,-4.933734554207411e-05,-0.02336181463068344,-0.00014943516771604576,-4.932607103195347e-05,-0.0020834274887420977,0.002332128531524841,0.8954539387646547,0.0012653782305019692,-7.241314124762852e-05,0.0008947793748938782,-1.0886169238347176e-05,-0.00016463311369346173,-0.00033549081366429493,-0.0018031446296580544,-0.0001717546653043911,0.00030789212700100405,-0.0006463942807348119,0.0001593153780028965,0.0007976143143884756,-0.0020790393979055783,-0.003641506402117356,-0.000515043077646965,-0.00014098069902918064,0.00020829501207938767,0.0003392396998652008,0.005939411797368781,0.0015519635996598816,-7.642674716428714e-05,-0.0009528945941252032,-0.0001663645583659147,-0.0008363683931926977,0.00042934121984557205,-0.011454770690089273,0.002114577387801105,0.006662487054081113,0.0005090524518117706,-0.002607120913806165,-0.0016270428646258418,-0.002129011509058228,0.00010126586632132686,-4.0401649715138266e-05,0.0001753210476324275,0.0005751559690756142,6.687115639500418e-05,0.002747721368946364,-0.0009755123048744224,-8.064431546005147e-05,-1.8116817245714035e-05,-0.004176645662558681,0.00018943441743393664,0.0024778231023043695,-1.6935184991499373e-05,2.470169926135522e-05,-0.001489746946266926,0.0006326433126401416,-0.00017938253906240112,-0.00024514215666821123,0.0015176073713976854,0.0003182402745943204,-0.0026770360115318664,0.004128132354734878,0.001471501554294971,-0.0011254554324814994,4.1358014551520815e-05,0.0010708532296111965,0.0004333421424955238,0.00022196646205861412,-0.0020101965397922982,-0.00227037133557579,-0.0018515307763243213,8.123725244756769e-05,0.11544476076114907,-0.04693695789968234,-5.3999125928318875e-05,0.01986335657296888,0.0027717617393895424,0.0016198799639112887,-0.003863165079170245,-5.75386440439217e-05,-0.0010740113128220007,0.004288572145137216,0.0008421203662781554,0.0021223341241515467,-0.00044829632859082343,-0.01455246109749117,-0.006094446743513951,0.00018062913268897815,0.004182678465019678,-2.1167503442196672e-05,-0.0003361468906299932,0.01907301976816636,-0.0006219595545834313,-0.00035098819289846456,-8.924435406955367e-05,0.001927595664605014,-0.0030324025762943057,6.218527057962053e-05,-0.0008572525682768173,0.00028570569617524313,-0.0008254840787328293,8.780972028620167e-05,0.0026818956441002984,-2.5621072290246683e-05,0.0001011662856638465,-0.0005779867118032517,-0.0004491417074384183,-0.0024752720931399217,-0.00010626210235327276,-8.692761954741564e-05,0.002492672052739252,-0.00039853867947149115,8.279088487875459e-05,-0.0014261494253687418,-0.0023940313624385423,0.00011304082753526082,-0.013988100253805064,-0.01019165394835579,0.0021540528175846042,0.0035501522377855473,-0.00021332864785808363,-0.009918568263862802,0.0008797479487522575,-0.00032937794216918864,-0.039171385347554995,0.005077245707739833,0.0002594571417182702,-0.0009798635863559563,-0.0001136365472496568,0.00025242112123270016,-0.0009624941037099204,-0.0004241019566433041,0.0005128004327836196,-0.0008036006374253432,1.7337285323274203e-05,-0.0032310232330866194,0.00015403660149251527,-2.5685829898588336e-05,0.0002556200924960102,0.00015428054459813711,-2.317766714266423e-05,0.0002954627274587354,0.005103978984315714,4.3821308677056015e-06,2.7408147834717157e-05,0.0007250155365777881,-0.0006281396598276513,-0.0003073779015349392,-0.10065180028117879,-0.004523959209977382,-0.00040450813277281665,8.125350199506692e-05,0.0012172700044065683,0.0014171510758201559,-0.0006589545491826306,-0.0001782471384862913,0.0016401883687465202,-0.0003019745142007965,-0.0036937232766429545,0.032731377215883484,0.000266142160460481,0.00021687803092703285,-7.789546951403499e-05,-0.0016482639384453358,0.0007402191624486349,-0.0028853955938366593,0.010823827762297091,-0.002636133291949328,0.00040698447290894247,0.0019703107427727004,-0.007638252005819003,-3.602150607327076e-06,0.00044361219698498683,0.0013427155028882393,-0.012941394964784367,-0.00015749867518389735,0.0005280373658191153,-0.00368303833861372,0.0003706708004828779,-0.012425610451511734,0.0004569640837146782,9.611869431372898e-05,5.3139634102367464e-05,-0.00010197331782699215,-0.0010520705121718037,0.0002804375091238001,-0.008495779563950964,7.169156794898399e-05,0.0001515980623391349,-0.00044904041645569496,-0.0014153938674563529,-0.00106845041433409,-0.009448034394798514,-0.0009451956483517788,0.002878707210734261,-0.0005148959947377849,0.00014256302305433672,-5.6872028370278695e-05,-0.004389240746927939,-0.006208928959383561,0.00013993759070800218,0.04945240140190932,-0.004161577453397696,2.2303750085085616e-05,-0.007777084591903717,0.00033366209177825533,0.0005836234445080251,-0.08437471431476351,-0.00013202708779455792,-0.00018070734976685524,-0.00018364507498139443,1.416952851048675e-06,-0.0005937688967675351,3.4773951348272255e-05,0.014620880460387278,-0.00011916709678929543,-0.10123285472529348,-0.005892110952445882,0.003860932482530147,0.0004766362320965398,0.00022641654334291245,0.0007658458063487961,-0.0029292507345899856,0.0005539464578059013,0.002505873398198447,-0.0002036685081198593,-3.803772192082205e-05,-0.0006574649245711714,-0.00010414388762123303,-0.003550943873595225,0.0029335614574390457,-0.0001837399831867907,-0.00013467794903870975,-0.0011116551800869874,-0.006695244018602789,-0.0003466346306557344,-0.017327995517798254,0.0002475539641449663,-0.0018903432972938554,0.0033637131913288633,0.0015209234358739554,-0.00161796116124803,-0.0020770404164644077,-0.00021511628165185202,0.00011658177465217329,-0.00011501930783985783,-0.00045769209328128807,-0.003939492605452115,0.002588149985859785,-0.0018334411149642607,0.00050967111457374,0.0007482021014728248,0.0026723432074396702,0.022093741915146733,-0.0010974787950993204,-4.3643109537877035e-05,-0.0005149921633169241,0.02404122367610219,-6.355183435828062e-05,-1.567392223486043e-05,-3.6124686108369997e-05,0.00040899652888837755,0.005819519134653162,0.010760624828697829,-1.1030526391220957e-05,-0.00229423744400817,-0.0007407851567951818,0.0002519978953343403,-0.002443382550100716,0.0005061372862121662,-4.676701937697059e-05,0.00026677318896159083,-0.000125279467793454,0.0005738307113825006,-0.0016951854787195415,-0.37001746287852116,0.0008834881835380545,0.0003117069745602122,0.002302704827608368,-0.00025149263317700873,0.0026690407847862613,0.0046196149837735715,0.00020923968766053958,0.0001313495988053727,0.0004965624313911152
61,-0.00018909309573262188,-0.012496681662604809,0.0005932758582792175,0.006112100083144424,-0.007883302181760483,-0.00023198010288263265,-6.385595172009317e-05,0.0020382150070519835,0.001318502269762829,-0.004906284175741061,-0.001460525281893825,-0.006249925337366503,0.00011211499559877526,0.0032416264400196154,0.02186249348493984,-0.00034638672995640496,0.00013556540119176105,-0.2856555950648422,0.0012424008791922028,-0.00033282318184734566,0.045852839465561804,-0.012205520571359834,-0.00543498312509225,-0.0013859495469210892,4.467535642635814e-05,0.029625765534263625,0.00020170788824860203,6.274539018790576e-05,-0.0001709372413514921,-0.0018532764855031247,-0.002103331173175016,-0.003784821039398277,0.006915602455676864,0.000528489596041468,-0.0009423467491029422,0.004883923090114758,0.0010650439709972807,-0.00081219299379945,-0.0007640662168590835,0.0005060525844374805,0.0002221347563038721,-0.012394547877254749,0.0010506957760833264,-0.00013425482110245458,0.08658993656017988,-0.0003957120529385263,0.003645735100530203,-2.0086348116086193e-05,-0.002748618725506099,0.0019343416541509242,0.004856131288380673,0.03987995204232575,4.4409359435411584e-05,-0.006864710879702682,-0.0030669962193495895,-0.0002666928397600122,-0.0005066340849909853,-3.373425613189857e-05,0.008699261105823038,0.0002442675493089571,0.0012026156168552346,0.0017835788984777179,-0.0007594122475195596,8.096846345915934e-05,0.007211614519642105,-5.819440178647748e-05,0.09149574116390541,-0.00023675980546319572,-0.00031598977535409384,-0.007832324759411494,6.436438659881624e-05,0.014000965994138585,-0.0004484123256067551,-0.000902096295616523,0.00017994211483645696,-0.005652621868543189,0.004301132605556212,0.004487939374896985,-0.0005737800269440506,0.00024260558920529557,0.0005621007763127645,-0.0006728806401928643,0.001276423570272132,-0.008281670695486385,-0.00013862161903402848,-0.015273470556953703,0.00028117765330726296,0.015400650548495133,0.17421482018692616,0.0014715400162463197,0.13910639887051676,0.06472896293122615,0.0032777465643065856,0.0024749267696693496,4.1836277674428546e-05,-0.0016509985801375082,0.0023613966723540717,-0.0006586007965942824,-0.0014873022623530519,-0.0002602830140586281,-0.019010271088057515,0.02984027039607512,-0.001470180117739635,0.0006393007596857334,-0.000108915260695161,0.0008832342220303612,-0.014614524280757015,9.590851354601519e-05,0.0001368713968319061,0.03698851154829756,-0.0012269480620747918,0.003090052143586493,0.0013310421764916227,0.0019306803349470603,0.00039293389133787833,0.0037460911556937747,-0.0001383866806125096,-0.0011745032676283742,6.816336376659973e-05,0.00023429736612227926,-0.0035606361518104607,0.0020848141228674154,0.002749029513002289,6.065868444007482e-05,0.0004558902963839413,-0.001634140326151853,0.017320639517551518,0.0001872452614246206,-0.00023563330489892453,-0.0013488030315277413,-0.0002858457543829553,-0.0009446638239682878,-0.0001903163514400067,0.00024024280635965775,0.0015827624838950505,0.0013876828905740688,-0.02169679301558013,0.0006684302074642413,-0.0022936830927870132,-0.2601401343609171,0.01825692572888119,0.00011629907686135088,0.0003954473845300822,-0.00021321267465768706,0.0011643270773354772,0.0018444021305038562,0.00042361419197066853,0.0028862592855154485,0.0019632331728308356,0.0003312436230892005,0.01935654442599031,-7.2395522817227445e-06,0.0005017555002671941,0.00014550812910004172,-0.00170152092766335,1.4864098168151666e-05,0.006930246114139905,0.073112138446684,-0.0008540623822634771,-0.01021766999221764,7.759176195921199e-05,-0.000189078949337593,0.0004256943797848251,-0.008870035704875028,0.011897160254043426,0.0033348668349809877,-0.00026005349444746637,-0.005618294263302714,-0.00013946747620364932,3.803512668794102e-05,-3.209960243997015e-05,0.002542121678909586,0.006742757876666561,-0.0174604950670871,0.0029738446114110084,0.0007447025573959799,0.00050740198495918,-0.0006542676785863937,0.002110059078902893,0.005036960287742198,-0.0009956325319863749,0.005924670988186226,-0.0019203765736461962,0.0029395620456280744,0.0051567626450252715,-0.029990766153094393,-0.0003536692700594306,-0.0007040094946941192,0.013971010321506497,-0.004736504259823349,0.000510934220188752,0.007761833511432102,-0.003070494503127033,0.0006042829124602855,3.2046877689421993e-06,-0.004303669660337961,0.0001471338336368473,0.0009054732339610826,-0.0006537581792788044,-0.0020143779952059675,8.515767415997674e-06,0.00563526929504387,-7.580183288518889e-05,0.00014089551070914537,-0.0005886789970609491,-0.0031403786000361303,0.0043699458746157644,0.0018203002536801086,9.113180705953139e-05,7.844603324609234e-05,0.024137674563540927,-0.003136249369225814,0.0015270226568985434,-0.00969683879247084,-0.010522311773729892,0.00024554181471589105,-0.0510918576045033,-0.0005943529090439697,9.859511623275252e-05,0.012645560255754537,0.00017089097738958917,0.0008928621354466508,-0.005161773006233872,-8.90819987586014e-05,0.008689384865955949,0.013430277229243661,-8.590521836596349e-05,-0.0008137263037553016,-0.0006030770239004637,0.001249447908806562,-0.00010755836100755708,-0.018561210148002827,-0.0005487873870918972,-0.0015447046298472451,0.0003806631234016854,0.008790118958451975,0.0021554148257646455,0.015314585442049458,0.0005577848748304556,-0.005992759885319588,-0.0006547622680416598,0.00015448174248399978,0.0011632887828253865,0.005817161297455781,-0.0008408879453948026,-4.6056043170861465e-05,0.0008376118354567637,0.00034815614156835217,-0.0007745965983985495,-0.020359510769565853,-0.002641588620236046,0.832952386369203,7.734488471207402e-05,0.0005806098045497833,-0.0013314843838625667,0.009123197363383777,0.004566627863617545,0.0017964161966013304,0.00038186616484792244,8.167532209984313e-05,-0.0005142599874798175,0.012513786616816038,-0.001521839922759569,0.0012579322952940204,0.0009502678805296548,0.0004490886252873172,-0.0020975909993310353,-0.0017690044595279758,0.00858341103031077,-0.00022077941010981345,5.124498622786715e-05,0.00017486908760437254,0.2167313504217455,0.0006302823214005811,-0.00041222240681358484,0.0005765826241774206,0.0005329193328533176,-0.012048617318974055,-0.0018748604947697702,-9.403360586391837e-05,0.0002008179795946934,-0.00021302137341551453,0.008549035472521829,-0.000440608675603795,-0.00021315501587056374,0.00028993045036122345,-7.790832405214082e-05,0.0008757483199224292,0.0003239615354692846,0.0058851155286857686,0.004871250307630137,-0.0028121579013496286,-0.0007897943190970612,0.000774865709236747,-0.00015447852393959082,-0.12365280871052027,0.00037360684600750566,3.9066567849806166e-05,0.00018276465413107155,0.018864769413500976
62,0.0007287411274223614,-0.004546971182250975,0.002082972690668067,-0.024339673042242008,-0.0037255619047398547,0.002766156092870481,0.00040561754223428226,0.0014388321813966765,0.0002118881402829835,0.012250469361367214,-0.0021125770169652947,-0.0034354776145475996,-0.0002993591906821219,0.0016957117152418336,-0.12716552422656688,0.00032144094009062263,-0.0001667263625969584,-0.1149892968108698,-0.0029538585630798225,0.0002199911810642774,0.008678255790150191,-0.004915513629704573,0.0220520788331086,-0.0008228433633290511,0.0003218301165651416,0.00977802796465635,-6.175485976267492e-05,-0.00025928589687929104,0.0006723993951990859,0.020413804471663806,0.0055560620720022935,0.0007525611770633628,-0.008095368222474295,0.0005096791774134649,-0.003391862303640414,-0.005530045998213651,0.0016603086489535325,-7.198124660768397e-06,-0.0021334258070799896,0.000848436079809633,-2.3878406155175536e-05,-0.008281123039501685,0.0011224748975984756,0.001201871033545641,-0.36270231554294535,0.0008853618063291348,-0.014465615865424317,0.0011468737329887006,0.004997060497720698,0.006022624780075701,-0.034483356188620945,0.009390839513505306,-0.0006198766734960316,0.02310635432446295,-0.0072098141326931015,0.00014376537446459444,-0.00012253592699666346,0.00011671416131516361,0.0027434472368708727,-0.0010681506625220688,-0.00019824347186781117,0.0005273058358241313,0.0026617484879566857,-0.0008253798196772085,0.0014463701805992775,-0.0010141275515202814,0.018580842707876584,0.0002608782024214741,0.0015152638227975282,0.0049474501461080015,-0.0012532307555485874,0.0179866039697369,0.002683076562335466,-0.0004992700441050298,0.00039090789717227854,-0.0018498204485799079,-0.01633114095350912,0.0021104222797490267,-0.002897420629701647,0.000250079262638938,0.00042059346518294027,0.001056542861663885,0.00041721251885861853,0.03289188313071726,0.0002491319216964723,0.05111441386742638,0.000284767998224536,0.010801011697405383,0.18294689651018714,0.0002557714334478109,0.11826253960193517,0.014605110067164157,0.006011654077430811,-0.012401268517991934,-0.00021719699933053088,0.001925963744693662,0.0013529342541034207,0.0003315298491889263,0.005821701219783516,0.0019586085784542447,-0.018237777703380323,-0.13350495843161736,0.00211655353274676,0.013579501616295342,0.0008834122657907523,-0.0009813517868699937,0.00798641856519774,-0.0008092153606388699,0.0025645046790280825,0.007823391717891913,-0.0029359379454539864,-0.00041257233408265905,0.000336899771431194,-0.0011680298611182818,0.00022966896504786078,0.0001599098156894168,0.0008968703270313804,0.0008639439249205176,-0.00020004013051652756,-0.00012327202612257666,0.0044503503470792495,-0.00018008259886283977,-0.00785993288249955,8.278535320687362e-05,0.0008016140031859558,-0.0008813396376351479,0.004456135699738102,-3.223816527564015e-05,-0.0005530193800614581,0.0158197419238497,0.00044879613651088897,-0.0008461710803844731,-0.0012008442571547846,0.0004548393613215398,0.0026185680362783795,0.0031968459023073176,-0.017247495186415482,-0.0019259068390651939,0.0021224158841779872,0.834569999543233,0.007897731850300613,0.0010543699663459866,0.0002065683713881009,-0.0002287333339502165,0.000583753279332546,-0.0021049391154980626,-0.0002239758044562236,0.005667022877531529,0.00037496383213536156,-0.0010794187174999062,0.01329594047802059,0.0011007318215223872,-5.406697073980044e-05,2.9560738824380454e-05,-0.0008364393173662561,-0.000151104845014958,0.005374838736410214,0.09824032714779496,0.0037348368630531425,-0.006428404041101256,0.00027103293167034595,-0.0002657520146237119,0.00018484502923538093,-0.006107447282695286,-0.022553203834133825,0.0016927447854787887,0.0004832233645028104,0.02128930875050991,-0.000897064400098414,0.004588779478136636,3.230946934639281e-05,-0.0024063757999371604,0.0024369538976246703,0.06031290152833138,0.0018095194243892103,0.00022244225133824622,0.0007418778045419829,-0.0024564667816605237,-0.007167524840859576,0.0025341563255126803,-0.0008362419727209087,0.007997434192846702,0.0066698022782639655,0.0016583601381231377,0.007309749908475882,-0.011298553289561681,0.00012050367019313807,0.011994586913005725,-0.041598191172936214,-0.012520460911405703,0.0011666163170926894,0.006128742906735904,-0.001678906321107159,-0.00019661184823551586,0.0023874937998686584,-0.00022859794604136036,0.0002996786042222634,0.0011755700165470924,0.004928583380445963,0.013819368498487136,-0.000276287223949654,0.038073571714716176,0.0003972377132307667,4.786624695080283e-05,0.0007789341072271822,0.011951645459392181,0.006564520982726734,0.0018917963789523142,0.0012006292925230092,0.0011644861533043162,0.006545992382602778,-0.005657692655313042,0.0014438337950689925,0.03941204188360208,-0.005157148533767829,0.0007082612677054155,0.06182712131069953,0.000663525111590412,-5.387350095348818e-05,0.0234780685197205,-0.00010194394515714196,-0.0070271559986724704,-0.011358568400143002,0.0009164934211621026,0.009269018194367847,0.005245302901000806,0.00021321092717237373,0.0015588100449321642,0.0003013286774023367,0.0013691022717519001,0.000184371371764778,-0.008472427939429941,-0.0014084902531496402,0.005561172352603887,2.2673423520148603e-05,0.002417473820727052,0.0015619885138536383,-0.014221235237833238,0.002346291756259583,0.0036593039402296346,0.0011087489306359456,0.00013505868796414005,0.007483658397373663,0.0009208495952930821,-0.001749305181948946,0.002016091803596574,-0.0011047535377003387,0.0012350274978148237,-0.00044925787679234164,-0.00501223228576214,-0.002779481421780118,0.1834288279570817,-0.00028570267434657433,-0.00035997393997655447,0.03841471658305559,0.00757043227632721,-0.006803474164780305,0.0017712510238941596,0.0017797560998494126,0.0017027701142925955,0.00022263027803382331,0.00800274940483857,-0.004518225963178555,0.002523300079490306,0.0009701108483726778,0.0003289612411799662,-0.00016298091016267446,-0.020981149168623467,-0.015649573422571884,-0.00025430035116672135,0.00048720629366853053,0.00014989982759544413,0.050278610791850295,0.00030754333221703895,-0.0008060882256588761,-2.355420980699411e-05,-0.005642666714823285,-0.01399084824537531,0.001577889630718636,0.0016286097491857,-0.007656633304810241,-0.0002449016404703283,0.002118728086964651,-0.0009847763315051366,0.0011466115140165672,0.00018723619544871106,2.1978364726048596e-05,0.004583988958923079,6.132372849876333e-05,0.009053427583642526,-0.028457771959920705,-0.005154413775052097,-0.0005586339640272584,0.000577971748292239,0.00014940167918248062,-0.02537681212514165,-0.013615060957707065,-0.00016067510899136594,-0.00015461775285900963,0.004318589936278696
63,-0.00015602380167876697,-0.0016949910076881486,0.008916295008811264,0.0034908479286450897,-0.013921465119492063,-0.0006442009981882171,-0.0006617505432157909,-0.0016349124818084981,0.0001346957065298496,-0.007479480370415077,-0.008264067156342737,-0.00627734096837812,4.335310335458996e-05,-0.001289539346719576,0.020470076509682317,-4.463747261054807e-05,-4.047625459033255e-05,0.0619443113939809,0.002001761709086416,2.5130049401359683e-05,-0.009233317300247337,-0.037278421357782365,0.010663899488396765,-0.0009740336816200373,9.139265488723389e-05,-0.0068404212124200305,-0.00010540362663387717,0.00023286407527452896,-0.000282076167876023,-0.007051141235444747,-0.0006374671715749722,9.460188977506931e-05,-0.0008474590133860267,0.00022537556073654367,-0.009175814631103105,-0.0017476460028712053,0.004011657339226125,-0.0008508408074784904,-0.00260629925919496,8.266221964288499e-05,0.00030318203359657993,-0.016476845335792648,-0.000393322086740534,0.0015185278368574568,0.04814018868307659,0.0002848721381531567,-0.002971200647533645,0.0010409550056913446,0.014035696005710772,0.005638384009504706,0.009627848171152989,-0.00973648331509275,0.006396176810877024,-0.003996465083452309,-0.014691715040192403,0.00034717237638027306,-0.00014417956324176348,4.229003189576777e-05,-0.0031559932973580273,-0.0015400377812784492,0.0009266264321030327,-2.264681830460167e-05,-0.0010438030243365905,0.0004792229491429463,-0.004560829933241792,-0.0003676787647126571,-0.023043575896574697,-0.00014355199903745336,-8.569910054594175e-05,-0.004178745896438513,0.0006236938310661673,0.0030795604858194327,-0.0006311436123696251,0.000500661394253173,0.0005307916789726464,-0.00018917685357195714,0.0052545550373098975,0.006300219744407336,-0.007208436120795711,3.6734836444664905e-05,-0.0005026180115623496,7.789842319454271e-05,-0.00043396558977226,-0.008229520261384375,0.00043064136427952717,-0.014268216368856734,0.00029437928382023554,0.029328360537594043,0.8440628446851054,0.002379523603129768,0.12582995803600225,-0.016570323562286087,-0.001019700315194742,-0.005522243334329973,-5.8082924408497954e-05,0.0011170140876188965,0.0011737136600054581,-0.0008287095293270036,0.0005871985273599133,0.00020137223183638967,-0.08292544033212618,0.02411019516950747,-0.0004964086792476376,0.006751141624053221,-0.00040665673978881184,4.3100978644133306e-05,0.008869914949957425,-0.0005150889902168763,-0.0011200972414791175,-0.00800837272576271,-0.00859223542719905,-2.732866247919831e-06,-0.00018364366248606236,-0.005008274210789374,-0.0031892750583898477,0.00020106314509640413,0.000746131354431437,0.0009171855035393199,4.1377777452497556e-05,0.000224508922688681,-0.002365822210854132,0.00014886816188592597,0.0005856710119541593,7.747312975400913e-05,0.00025034554773173835,0.00185275103879254,-0.004287528747605137,-0.00031505531079978463,-0.004580042591917953,-0.0019216450957995597,-0.0007067443071761149,-0.00369264129401029,0.002944501163428086,0.0011670820277883244,0.0020498634971112023,9.617053771907545e-05,-0.08262726923018725,0.0006831035138829458,-0.0014261755301022397,-0.1553398350258401,-0.005357855502454414,-0.00046215936373086896,0.003714199299821499,7.957755970947972e-05,0.000142273202012934,0.003169530334884987,-2.7061948284288567e-05,0.015878437916322697,0.005261628079137804,-0.0001106137011809555,0.06011992750254052,-0.0002883117771458031,3.2893977661328344e-05,-0.00010257248793755954,0.0004892660550203393,-5.001282547454781e-06,0.0015391351159555833,0.37665721065953733,-0.0006708297951057121,-0.0216752543396308,0.0006360606982982883,0.004317858600504095,0.00011672149443573798,-0.01670126657815551,0.0018490132464218153,0.0023748046087889376,-0.00018668489994443072,0.0007750653509313913,0.0008489486729481178,-0.0029211899825818625,-1.0039895330546996e-05,-0.001052343776026532,0.00011345211353144629,-0.014771191893736029,0.0005861441984399991,0.0003370595805218146,0.001559729294271821,-0.00030218395523490347,0.0011658252782046955,-0.001624760743418816,-0.00036004244377630876,-0.0060258727275731595,-0.0016660260171279906,0.0017269342059108464,-0.002914102799978395,0.007735381319114941,0.0001865606440927376,-0.0023472989607681467,0.007486621919234857,0.0022687245748492296,-0.00010684575720521774,0.002076122184964775,-0.00046760964393017363,-0.0004493234863320267,0.0055587115594199375,0.00096648891864453,8.342572774987694e-05,0.0005473256451199199,0.0019142609575855639,-0.0014483358335438219,0.00027203149955716674,-0.013996866320692969,-9.522845257057362e-06,-6.486254107930436e-05,-0.0003337946353747581,-0.002989751697601485,-0.0038057676983907643,-0.0022098442562172756,-0.0003957570609366643,0.00321280935604025,-0.0005088088148878806,-0.01293570288001765,-0.0006254321260329768,-0.009847377507978903,-0.003738072666718913,7.783597629701833e-06,0.019188106838773308,3.541923462245327e-05,7.708340007541066e-05,-0.02433730203090897,0.0004250708947073451,0.0013353875142208854,-0.04263250079342619,0.00011577113114911997,0.033895160822035905,-0.002708789223946624,-0.00019411620079564355,-0.0010019630109936108,0.000400033024145254,0.0072064965250847116,0.0005284732210297685,-0.02438384085675952,0.0001317468408150507,-0.003927406329586706,0.00048294722801773215,-0.0011088020700272985,0.0006026462707147015,0.001024833994056576,0.0007661277060390167,-0.003191210715412926,0.0004536030283125998,-6.252872582431326e-05,-0.0008518135581414935,-0.0012530383094953574,-0.006378428101369515,0.0026907832985858782,0.00036331829192359116,-0.0001557624746232805,-0.001443945879188934,0.0031602294663354543,-0.005735872467313049,-0.24684550725707116,-0.0005324007501246927,0.0006287269199775781,-0.005197569193024805,-0.003131859291028121,0.00017659426641595264,0.0008473248174483855,0.0009615487847117661,-0.0008016365742241696,0.0009177035130259975,-0.002727358748562945,-0.011695006312216347,0.00011858278187868842,0.004165245028992332,0.0006857197802963073,0.0006968560007692679,0.00620007961668876,-0.014317255510849669,-0.0001438125697927515,8.400661898556363e-05,0.0003810391039988141,-0.05385054380628498,0.00047000157956254623,0.0019429484981636582,-0.0001472248589363661,0.0007287068575888653,-0.04981561489059412,0.005588889102776792,-3.4187058486948984e-05,0.003465645247427751,-0.005128095850873093,-0.002339737466527236,-0.0002980553426890695,-4.012322490523439e-05,-0.00010431526773294858,0.00037667277305068964,-0.0009530443633164552,0.0004155043608715424,-0.004286302963073584,-0.008149314097300513,-0.01183380821931837,0.0008807182258213249,-0.0008904228864651752,-3.3505273199309392e-06,0.039744967059883424,0.003416460846468128,0.0005615852751632831,-0.00013743505949532174,-0.004496631269300078
64,0.00012820235874652,0.0018128534785929774,-0.006515179088242923,0.07577687598146404,0.0008258179573723129,0.003303524075049441,0.0008061753100016313,0.014940154512626529,5.37629035109316e-05,0.008211985429751198,0.0005526723893243615,-0.0014757140437674232,0.00040076818440134415,0.0022182913697526324,-0.00954582216602847,0.00011237708547515504,0.000627491084030856,0.014152014868991834,0.0022121264056416037,-0.00023182419083742772,0.00040169263665253835,-0.0022454197969505787,0.008362040860031112,0.005129702636597715,-6.199030853758572e-05,0.002192803074347208,0.00014353205531707908,-0.0004111339248499754,2.053035713693238e-05,-0.005220235063695326,0.0017405759915865536,-0.0005915117145488397,0.010143398689849092,0.00039523857746680876,0.0003620222388934606,0.10193330163976667,0.0016822422232755023,0.00037342652261167084,-0.0031701260865472404,0.00042432780783167157,0.001136337021904576,-0.021967552350615285,0.00040538926298764526,-0.0011531139332713889,-0.46562931125464824,0.0014809889060081697,-0.25041794496407116,0.00042437019812555186,0.0025924165413667784,0.006076728705197383,-0.011389555475821211,0.0013313090342667072,-0.0005494698120072757,-0.001147816615163386,-0.0032734931992695927,3.6916435529832804e-05,-2.7204572650872325e-05,0.0003338151341600462,0.0003309902590029533,-0.001178164731241639,0.0010369221799611432,0.00020821436926248232,0.004405078272621202,3.533272133119311e-05,0.0010914431854616921,-0.0005100508362314497,0.0013361944996644428,-0.00017519153931286178,0.000721648850496189,-0.00971641016456189,0.0012135382401857052,-0.05147993555780946,0.0005233458891561651,0.0005327801672278211,0.001646072149048116,-0.00035924389489914305,-0.014549043703583033,-0.017502060024615677,-0.0004949578828325968,0.00016133158610398475,-0.0004965556814657068,-0.0009054640154488814,0.0006252025332730243,0.009093727885123708,0.0003110177646264207,-0.011365164747207081,1.469098788985275e-05,0.0029653388573047668,-0.03606575992111011,0.0010339255229414469,0.06420001029853314,-0.0038737277673429158,0.001497833708240734,0.02630876326516353,5.434014446086059e-05,0.0004975685050199034,-0.00013279714029339488,-0.0015478101398071773,-0.010190631109355253,0.0006730922705193683,-0.018550184000777934,0.6329935333507194,-0.002174736214169758,-0.040810036245811324,-0.00010464170625951565,0.0004402320175396564,-0.0004734668070326565,-0.0022773841993964797,0.011594491799155091,-0.0005638627898619035,0.0016409167766500404,-0.0048408632347256625,0.0011860032472234892,-0.006302653593550323,0.00018807669546471763,0.0029120109978024444,-0.00011655308341157477,-0.0005658555498458688,0.0003252182471238634,-1.0127208816296685e-06,0.006669537205308582,0.006733442697885249,0.10960277919781919,-6.869384612612376e-05,0.0012504442483458435,-0.0009489960989396496,0.0013710123947691163,0.0004965902835684123,3.334908517292016e-05,-0.007522074884119661,-0.0016990136017511768,-0.00026361072645588075,-1.614376928914501e-05,0.00013880955741599763,0.002964863120863063,-0.0012606212109608594,0.0016959297251390895,-0.008408004762006102,-0.0011860476525873084,-0.10919039576818021,-0.03115934459365754,0.000267239672645357,0.0012991526744683248,0.0001756320921346029,-4.643247187771909e-07,0.010940834971750538,0.0022507091258007397,-0.005425662876003984,0.011450474378498946,-0.0013558511712876541,-0.01025398720992438,0.0007446886822306659,-4.1541234044090776e-05,0.0001904043529404203,-0.0006703526403934157,-7.934257173462271e-05,0.005712094276672484,0.043521719238549694,0.0008749130079046325,0.0032778335813433627,-1.472339151312269e-05,-0.0015903841494985963,-0.00019118456316644355,0.0014553518294155403,0.07252241289012756,0.0011831674231631143,-0.0008994964575635611,0.004266286175641624,-0.009112697037236984,-0.011845683741184186,0.00010275374476913929,-0.012960139578989732,0.001102350384516502,0.02689587842510493,0.00033913299468246727,0.0005536770252972705,-0.00037001601068914724,0.0005748621953028078,0.018484029677271193,0.0023866730133655714,-0.0024419664027943364,0.019020772132435894,0.00022122287435990227,0.00044778008570553723,0.009032428310137421,-0.0031736386361664324,0.00013598341723022888,0.0020410492554198212,0.0017580175114623347,-0.015643359359136296,0.00021960065582867275,0.0018269053975463337,-0.0012675833242538053,0.0018049447392992635,0.000990548052216403,-0.024031855725155576,5.604526565871097e-05,-0.0006396778702275965,0.004088657612348782,0.002730220944987737,-0.0006407015924157713,0.1899572302958922,-0.0006544941869323532,-0.0004256234529200673,-0.0008993584466117167,-0.0021370208746312293,-0.0347615072073559,-3.0012972522770916e-05,0.0062269611599610215,-0.0011271145863122503,0.002609798704074218,1.4847288788876617e-05,0.007492278037642678,-0.0005424832896917938,0.001921524169300996,-3.517250381181977e-05,-0.09551696219736905,-0.0007554197345523144,-0.00029043927971632213,0.36869062238829053,0.0009242349782401268,-0.004710325365033089,-0.005078156124203969,0.0009030401916425243,-0.0012661486986683941,-0.001974871585062247,0.00013650953604107377,-0.000274211219320211,-8.023938029941001e-05,-0.0018082289362291123,8.431408213320296e-05,-0.00429796481294472,6.52420671673939e-05,-0.006595976367383689,0.00014831223776273322,0.0018994064142152328,0.0008868131180250748,0.21571724146583918,0.0034070322328681553,0.0013165181373457273,0.0002988744880394606,-1.619947307305539e-05,0.0012644097950709893,0.00012973698346252385,-0.0001938030916492665,-0.0005508866173472903,0.0016304945009609586,0.0019557872837298925,-0.0002999397966127782,0.001537382225774861,-0.001966957576242271,-0.028066428900400668,0.0020349815129541136,0.0006952375291119058,0.031290227238873675,0.004168328651672166,0.04712652853492528,0.00036525558808541683,-5.844198235316453e-05,0.0001279219017909219,0.0005737927542504761,0.0004192352981781493,0.0030979234387515184,0.0004324504932655263,0.0004039539679330708,0.0008956246461147006,-0.0011952145374354215,-0.023263300684595548,-0.04029993029935302,-8.159115563417465e-05,0.0005880300606657415,-0.0002727080279081577,0.003495206429844289,0.0011735769445115108,8.613308837675325e-05,-3.7867439109631924e-06,-0.008849962621297568,0.007357014161592648,0.004772357115069391,0.00028440446215994295,0.12176187231396354,0.0013661581017814436,-8.211045579808112e-05,0.0006680122226111381,-0.0010240838246615457,-6.811450592148298e-05,0.0004920773112899755,0.00252747178778576,-0.0004132245963499098,0.04568356022228707,0.0028098049938619293,0.003936255056825166,0.0018461094397769322,0.008725878269649533,0.00040348526984174013,0.0037251270989239497,0.04473514743338582,-2.0177207978519518e-05,-2.257174560479382e-05,0.00010026063183275504
65,-8.680078291425221e-05,-0.008140289989183834,-0.0012257967147717569,-0.002874070629412819,0.0031660766538425394,5.540058171209748e-05,0.0018918848100898458,0.0026147989101738076,0.00015110256382925083,0.0007436537531883471,0.0017691719988735793,-0.0010379868420193079,6.689735387850268e-05,0.00105080398992021,-0.013598516328896994,0.001002262609902575,0.00046857123099398705,-0.09743833581925751,-0.002211966576006651,0.0005468437353443809,0.0013580162291966617,0.0049645407392711685,-0.07482238617547164,0.0016700339457697243,1.0621187395917081e-05,0.0051321831321609985,0.00020374997400403588,0.000100377940714335,0.0002598666796933234,0.002537785276504041,0.001586688765797463,0.006286018209996146,-0.004610353265466608,0.00044189050986676715,-0.004545831943220931,0.006897581367482685,-0.005110083372520894,0.0005645459701735776,-0.0009392756599868783,0.0002712577598294173,0.00018850077136065444,-0.011927347103395769,0.0010325380069114134,-0.00013227482722717867,-0.010106115446667879,-0.0012107970116991005,-0.0032358393682163315,-0.0009168373744204181,0.023214490626280917,0.006753818458461587,0.007763138388579761,-0.003064688513725035,0.0018960056590160582,0.019092925580029646,-0.004914475637144406,0.0002697124179418583,-0.00048724971655765385,0.0004880004544958869,-0.00040946556604396726,0.0001293739344088267,0.00110361819089644,8.990209498981366e-05,8.947486234663613e-05,0.0006286499474923394,-0.010176859183816965,0.0012788706951682872,0.0029052069518216827,-0.00011614795707916433,-0.00018168226934433472,-0.002374291643987848,0.0005342916010276214,-0.005821094588116733,-0.0005713979535545109,-0.0009485400323288264,0.001233261015172113,-0.0001953267620447667,-0.004951057791299506,-0.004166094217468509,-0.0028595870497676226,0.0008024002030017803,0.0027913461387801927,0.0009258095691201738,0.0005978802899217215,-0.0017535325861515925,0.0004316937397927681,-0.02299756176692233,0.0002883334164326991,0.00502657609969933,-0.17021673381939906,0.0020076032909464407,0.2667566658114091,0.009337799480870662,-0.0016829045488284036,0.003496909789406219,2.171092395252894e-05,0.008387979730198347,0.0015300666774980664,0.004154301446314014,0.00435414405923602,-5.594358129976698e-05,-0.03273671621370208,-0.01626850158531428,0.007832241541405285,-0.022992526315669386,0.00022494612473736124,0.00014053639439282707,0.08817167646165568,-0.0011370016857314702,0.004112699565112557,0.0007672813845899901,0.0025862051162965968,0.009255449738823663,0.000762448443532569,-0.0010937436943427121,0.0009418724213223284,0.001962021144647199,-0.0003132486902803547,0.009637760156040814,2.118687606494007e-05,-4.4268199900812026e-05,0.0006859932101047246,0.001430300103582551,0.006535051082847563,0.0002778688361152725,0.0009795101067003678,0.0030417044620708023,0.0023501302110285837,0.0005162858556513046,-0.0008179748530358771,-0.00159149534001269,0.00017448792196756758,-0.0010881289723065843,0.0007819752767386559,-0.0010261094440453642,0.0023057547476675656,0.00255143642682543,0.007265939816351198,0.0026034138674360663,0.0087831102278918,-0.10756658024507719,-0.004615679550703081,0.0011495806063960678,0.0008802803493327463,0.000427976649644914,0.0011474414677424955,0.0008944545162063626,0.0003571610332231644,-0.003601334590265728,0.003713914385857118,0.00011861079841040252,-0.012272846051289896,0.0010951612988672637,0.00020130003173145846,-2.0321689678108417e-05,0.002691684057643202,-0.0003947683245618285,0.008255334560304575,0.19591488009337024,0.000958699684141063,0.006575772746368195,0.0007829003755596872,-0.0011771229709638144,0.0018286870038218576,-0.01448076085636054,0.01450000135658779,0.0021419535722463283,0.00022019905380171213,0.011154722595560208,0.0026290944704715504,-0.003464098000155194,0.00016155412229248772,0.002362388651532739,0.0010875496804261245,-0.004471465581115355,7.945812049267933e-05,-0.00039375060453133255,0.0006136278113368745,0.0031918943712094337,0.0027803692449270894,0.0017108615726496499,-0.004016726579826109,0.021001293438801617,0.005352219296549382,0.001966063837630552,-0.0017046069378097196,-0.019423405836663826,0.0001280139035189365,0.0043750330678827215,-0.004473848079111949,-0.014432532684673583,0.00014233144450831654,0.007458770254306584,-0.00019647052262773473,0.0006763589985253286,0.006564148695032811,-0.012140326350154163,0.00023797455967063076,-0.00015268083564541884,-0.0004597796475302269,0.002097427590319189,-7.685645854481858e-05,0.0035734679891365057,0.0003134114095581094,0.0003514614969630167,-0.000996390794891801,-0.002013411819344176,0.0031342993173566103,-0.005157114223530375,-0.0002368716043085735,-9.262714625227892e-05,0.0041211979575642484,-0.0032329389304565697,-4.744716479987334e-05,-0.0036676371572929405,-0.022108309224268485,0.000890450442543768,0.8943728375313368,0.0012543621921193683,0.0005189071052304332,0.10529494572656017,0.00047339966496221637,0.0005855611036963519,-0.03254675817229168,0.001653150084777475,-7.74506746556372e-05,0.004825732130380382,6.453888070966389e-05,-0.0006097873014408056,0.0027991690437090756,-0.000766475653820306,0.0004472171830429847,0.009637385834627766,0.0004417005469145286,0.03558173400857679,0.00015375838078607925,0.0021034356232010683,0.0025487853127744756,0.0043825205171014354,-0.000288484399758681,0.0007019726795914337,0.0008748876270740415,-0.00034128022053769055,0.003648461631313725,0.00027234676760442406,-0.003608141909121211,0.011109670618351717,-0.0020469920031420145,6.878772263565873e-05,-0.0011650140099094771,0.0038115770816342038,-0.0026891422900835286,-0.04725633719033083,-7.189520344185038e-05,5.7633770872405265e-05,0.026150433844938665,0.0006607550294225486,-0.0027569842882063556,0.001156438517648171,0.00015120921015516348,0.0009416803593069526,0.0002893498138494896,0.018088733046868095,0.001140404367648239,0.007753910563496816,0.0021375211324837413,0.0008068903841558989,0.007579937094281404,-0.01281280812871315,0.008521499684515587,0.0008149449143299384,0.00014543375370020808,0.0003449023714061902,0.026068507115494324,0.0011319725522178858,0.0002921196234159668,0.00011740852366602097,-0.0015883570070279337,0.009700434911188823,0.010121329458786785,0.0006744189349017458,-0.008100418813522116,0.0005158881214906014,0.0021990448250699553,0.0008401845859484385,0.0006268460690617921,-0.00015330828604919372,-0.00012494086373122031,0.002097484639830157,0.0012713052019887958,0.020382126300582077,0.014515620956674243,0.0007674888512139814,0.002039567605288329,0.01068703748748698,-8.377639434749138e-05,0.002586135837252633,-0.0017467680257077,0.00024407253673349068,-0.0001768429884308584,0.0002401119198972809
66,-5.008659645505286e-05,-0.0020220079595895924,0.0008614629393686062,-0.010645277021943176,-0.007053140664591502,-0.0015396448959952604,0.00043765939648917826,-0.0009247083060662971,0.0016252182973797895,-0.005946235995128281,0.007793306950717138,0.007488625631040783,1.2130805859041777e-07,0.0007723293339245517,0.0006603474549802734,-0.0004935456247499668,-0.00024730573101807134,0.025070165664574394,0.0025727263502756535,-0.0002182882062556537,0.012197125947135115,0.015753104900800893,-0.032493697029110355,-2.4864684290203803e-05,0.00025414854401190415,0.007236960336912875,0.00027488399460041425,-0.00029119021946451794,0.0001058638127399928,-0.008614918584285442,0.0030065100198982935,-0.0025844622563524246,0.0031939436730393234,0.0006600350354138218,-0.011469037958548037,-0.017609771221579053,0.0070424686487762815,-0.0007684964868778428,0.0022237733740474086,0.00011374793688786143,-0.00029203982767057803,-0.016476013825666443,0.0043923024508680675,-0.00022179071670292618,0.07021045270719484,-0.0002633045867165789,0.0196453669014343,0.0012747931762504684,0.014012459174236849,-0.006521142308451942,0.021509762514071544,-0.00046069674572669526,-0.0025523377009034212,-0.011753320600160454,0.01070336069864716,-0.0004199529912152504,-0.001091408370526726,0.0001462607716347258,0.00020377214063230237,0.0016156719455485337,0.0004380407297707759,0.0008434261432523882,-0.0021370945373354933,-0.0005596080949769395,0.00418930630890664,1.833360556086365e-05,-0.005316037848263902,-4.799528596059776e-05,-0.0009733259110879426,0.004558748366697306,0.0006372743729463713,0.007404402806523377,-0.001028262222775273,4.063833649542022e-06,0.0003620311549605991,-0.0013842074942476412,0.0027434682811438666,0.004302982665182288,0.002348536671967807,-0.0004918907720670858,-0.001987110347477838,-0.0006701586956682974,-0.0004313997036786224,-0.005033794559078366,-0.000621717996580885,-0.019656456801165918,0.0010553258176258622,-0.0004309177698348949,-0.3463341705913201,0.0031031762053164848,0.6910555269149119,-0.008915946862033118,0.0005708750309982771,-0.008795039075080923,-9.101562121301165e-05,-0.0038550806375130487,0.0033040622093458917,-0.0035322355199665623,-0.00018840801990189365,-0.0007699337781781476,-0.0683139705520569,-0.041804333541123284,-0.002618378861197123,0.016212471113963133,-6.922409332921035e-05,0.0001816673848845428,-0.023304348011362646,0.0007116995071000218,-0.0017680672835307218,0.0030706767340663577,0.005318530347346707,-0.005104032090633757,-7.506359967269843e-05,0.0021439002817501655,0.002017470172349694,-0.00016176329144076376,-0.00010912610880079948,-0.003418644061928858,0.00011479437556476731,0.00042395983360124035,-0.005028764647959354,-0.0006618593334026346,-0.016157278618975705,6.379618692739595e-05,-0.0001924639692083797,-0.0033985921771701043,0.003309084303686814,0.00025965896179959576,0.0008142061890886463,-0.0046747464347847816,0.00034658453082975476,-0.002895320725506946,-9.714624814062024e-05,-0.002511580979834221,0.0004620767410431522,0.001180419850756752,-0.004804956450934989,0.0012337063298891418,-0.005460978927278859,0.004869321099597555,0.014221043247990565,0.0008062256276175279,0.0050230812001072255,0.000306043089296753,0.0013077744308388302,-0.004071634036983803,-0.0007597922117910376,-0.0113311025374353,0.0052607594696420495,7.442686291074822e-05,-0.03223810028733668,0.0009205806789642653,-0.00016742159183425354,-0.00014850544621029105,-0.0018379718032473444,0.0001892751854060505,0.011047011787848261,0.4687790866480456,0.0002462651683653046,0.015018656294588885,0.0006474466753237261,0.002737163266570188,-9.537921371353207e-05,0.012058833086134585,-0.01480906957999352,0.00171089206218952,-4.697029800726244e-05,0.004239146090667934,-0.0006065716071440334,-0.002006433612239387,-8.497722117245358e-05,-0.0018374207881204346,0.0027427374941540227,-0.011496161120022478,0.0005232817721945401,-0.0002577229244515421,0.0011227879246881918,-0.001964623078554783,-0.0016766916905073472,0.0029302524244540027,-0.011310827625739137,0.0021366440718089204,-0.003061439111354489,0.003304072887929065,-0.01683603400778154,0.007694660400106251,-0.00015180196830334464,-0.0027073208879101855,0.0034436686474967593,-0.01790648275432196,-0.00032714746333733754,0.01727859022723763,-0.0016271719690771885,0.00042717345280175994,0.012834608329361627,0.005666938738504144,0.0005403203047747413,-0.0008627773605214562,-0.0015901295349766812,-0.0003708250417856138,0.0006785354500479716,-0.02942426844828048,7.809638755681709e-05,-6.004162889354091e-05,6.991543559753421e-05,-0.003946454632381286,0.003421828506228868,-0.002870605524143216,-0.0002272455791531878,-0.0018287329846397773,0.0050470581783860595,-0.006175351996441699,-0.002610762447533319,-0.002372592756837541,-0.005933703390161797,-0.0001982178780482809,-0.37039405414758847,0.001154261413592946,0.00014246189090380643,-0.08506483816780006,0.00035912198538627595,0.0011904227936538412,-0.03905367389099737,0.0011054630597205177,-0.011632270142434533,0.00031055306868112045,4.909224488003957e-05,-0.001294494448843114,-0.0015253506210442791,-0.0008463608712719175,-0.0008603653660450286,-0.009938177066784577,0.0018342751039226478,-0.004673150137090825,-0.0001212277472819618,0.0008267908657692063,0.0018143719752077333,-0.03424566315147843,-0.002108206288691867,-0.00519885452880277,0.00024577952881537973,0.000274557142206712,0.002582613955497591,0.0004559028832823766,-0.009955275428773568,-0.0009551892882283965,0.0005274530767537408,-0.0013789905028800482,0.00022350240823581114,0.00475455248414768,-0.007001451772339802,-0.09901464799858944,-0.0015907078245818013,-0.0004149099024200642,0.010979128593677546,0.004863039463501839,-0.01010722247743139,5.55047123580836e-05,-0.0007283474198212382,0.0012508355068795354,-0.0007505791489605281,0.001084169052384854,0.012124156069055583,-0.0033739425493720335,0.004674574381086944,-0.00025104373781221286,-0.0040135078324272985,0.008904997429825373,-0.006553594186201086,-0.0008244224024204691,-5.396179784339287e-05,0.0012020765105340842,-0.005108254635242825,-0.0009080928837671811,-0.0013567919872888667,-0.00012830240271339416,0.0010370910387475297,0.017084116648015256,0.0019467633970058171,-0.0007640144745916486,-0.0013313231384495783,-0.002448766109030772,0.0031211298618573167,0.001263425275106548,-0.0007919120539417571,-6.830867930868839e-05,-6.693116028387526e-05,-0.001833546138488516,-0.00035707078009501216,-0.026765113797760483,-0.023704977287612953,0.004451786426827076,-0.00046600937820091907,-0.002276755567113398,0.0002267182685031687,0.014950720979243753,-7.738797520092343e-05,-0.00018666421045644309,0.00017932250022834268,-0.0016106133345240186
67,9.341428739744658e-05,0.00010518406971182087,-0.0055231951253563736,-0.027023223274027397,-0.004110983662152451,0.004381233027620994,0.0005270628528611203,0.017152566008653343,1.2900021903023383e-05,0.02946916009600424,-0.0005601655397512329,-0.0014673988780123312,3.0469708591525715e-05,0.0009637685106320031,0.004788481222750681,-0.00021837068533326828,6.905824248368969e-07,0.02193056647701229,0.0014274279645435195,0.0004499524050890196,-0.0014374530548305602,-0.0030891196769672405,0.009502151046575407,-0.002670509042242237,-0.0004266243095919463,0.0031520108251604606,0.00047566297561960676,-4.754568382748722e-05,0.004423837080508881,0.03942518112100082,0.003427547874832291,0.0010460568058721573,0.0001657194543572514,-0.00011730050892169198,0.000705674631450659,0.03128740715399577,0.000717552960472814,0.0003777181342041925,-0.006636478424008144,0.00014249822537738512,-4.446243172630661e-05,-0.010758364380620113,-0.00040556312695821765,0.000780774550038259,-0.017736176856824788,-0.0014751008878068678,0.20911064440041258,-0.00021176753856602505,0.0014322751808657154,-0.0026600218430127844,-0.14188772003613365,0.003850441043618334,0.002114682815034517,0.006228108836809534,6.0566157927641195e-05,-0.0011466098389320604,-0.00016295707323936816,-0.0001753218272497992,-0.00018220003479147296,-0.0020659897445912193,0.0011041427066469968,-0.0005154149009484318,0.003798503703968386,0.00040652390328789554,0.0016968507962953822,0.001043794361733857,-0.001328578877641976,-0.00023462816144203535,0.003210633731974148,-0.01879816553531749,-0.0005093328657354819,-0.02354786491584247,0.004703646398115685,0.0004927434693302144,0.001998275787937859,0.0003116336546020485,-0.016863725254697332,-0.02425996621399365,0.0010528023031618535,-0.00024143967755901581,-0.0005351654812582045,-0.0012017179578990328,0.0007800473766359935,0.015101352909309909,-0.0005098471793847776,0.0441399757065247,0.0004940203274993536,-0.0026561372438851536,0.013333234356094839,0.000738926387309647,0.02632166777289595,-0.0034614122094607856,-0.002268921348932135,0.016275282006424186,-7.227232995741953e-05,0.0009316066444466187,0.0010268036271461637,-0.003260360740065886,0.016280606830124746,0.00449010871675135,-0.0036134710864632845,-0.4889228107969963,-0.0035383806324771638,-0.012638743571784836,-0.0003474771509964455,0.00021568363853173762,-0.022588893991803326,-0.0013695270755613603,-0.012582420097580477,-0.0010487899691630294,0.001492998601854487,-0.002373841040024382,0.002200011149883137,-0.013970057900847809,0.0008837309261373605,0.0042048240416572725,0.0025156536973414308,-0.0007448391796751754,0.00019847257470051493,-0.00010556768018224556,0.02893133862837375,0.009658895118387571,0.028669802006578957,-4.3246507052494e-05,-0.0005526177309565026,0.001490964395445289,0.001679302562343574,-0.00033732082260186434,0.0002829210622198111,0.03326579863109344,0.002344714244401423,-0.00033638126920892963,0.0023821988164011683,0.00030344246228947635,-0.0029157830685705467,0.0026340235297800515,0.003900944051892623,-0.00020766239239478068,-0.0024889714517864385,-0.11731719588960804,-0.011371703286572658,0.0010523363052880154,-0.000602187882335692,0.00011981899907119544,0.0008691128209317256,0.0059844422316507944,0.0020713557510937813,-0.005490980400093007,0.011514338416110853,0.0016016208986616752,-0.002136375466056528,0.0009036036731990878,-2.8827242895911433e-06,-6.907957091189989e-05,-0.0022164244042637217,-0.00014053885702057438,0.002183846148799018,-0.005781300832372865,-0.00270025676776285,0.002976486172100782,0.0007191333935546486,-0.0024627867657093447,-2.98983605173174e-05,0.00335904640224546,0.06404632214873354,0.0013645067139876265,0.0027490016458012164,0.01809731464765261,0.0019468587874885105,0.008572956927412612,1.1868005081705837e-05,0.0019858580273926733,0.0012311771192963917,0.04901179068534245,0.0008693621225643738,0.0004614502888897064,0.0008544219251521456,0.0025745070228205963,-0.013829183984575066,0.0033579615774610725,-0.0019265911484964006,0.029828931720551805,0.0011852951255454372,0.0018192072136716468,0.05391426319304843,-0.006875215857114414,-0.00047331924139237857,-0.004662409150057763,-0.0062917717627012665,-0.009755368040199892,0.00015300334054965193,0.001319017866728096,-0.001429078537855816,-0.00117284891237054,4.709043584830803e-05,0.031109374217296884,5.559022478219351e-05,0.0013363091260923637,0.012645714867248803,0.013338640828665368,-0.00010365165284050015,0.10459521702949284,0.00036520233625727465,0.0004855961563935787,0.0004432121775247596,0.014007885716421215,0.01608466394653531,0.003159715076854958,-0.00013803816198629422,-0.0006312582256161596,-7.71651171297668e-05,-0.0026011905072733637,0.009142631883043128,0.020932461763805303,0.0011137966806356765,0.0018295526505004382,-0.1185846123705039,0.00020807685403300422,0.00043704452944949394,0.7352888392737684,0.00017819738513819814,-0.010100640412271588,0.0031740746956666404,-0.0013548365323084507,0.0009137136171586775,0.001139544241632759,-6.753784232455391e-05,0.005973922678015688,-0.000861294864356879,0.0012447835927776973,-0.0003792490324083346,-0.005853075796027476,-1.807669501533403e-05,-0.014498365002689653,0.00028237071610276194,0.0015577071765771578,0.00010215514785403624,0.14222673014992612,0.004273845903843201,0.015276618543111629,-0.0008225906418447681,-0.00010256557600642457,0.005057125718972325,0.0008013597503325494,7.0880281916548e-05,-0.00031012495971021207,0.0015902342839556455,0.004809375740180271,0.0005597933532282659,0.0007476869059792851,-0.0031613675673594632,-0.03530854421115208,0.004862970499006583,0.00294771766286246,0.06512268116164001,0.007274338859542668,-0.017840211798121425,0.0003063781780864338,0.0025731466254179506,0.00043799364691553657,-0.0003529174110066041,0.0001974760828610851,0.0020543281388457745,-0.009981775227443816,-0.0002784570408537977,0.001220233315139874,0.0003184343333764378,-0.08589853521790611,-0.033815776438412125,-0.0002175562539105775,0.0013884509688220337,-0.00032241950997549077,-0.003998405077165008,0.00044875125352505365,-0.0002240251671559643,-4.9360183769579444e-05,-0.005770577512810667,0.0018292984855224352,-0.0015084611526967344,0.0012246685190554843,-0.1552985826736773,0.001701688764947252,7.262013882289008e-05,-0.0009185187120276184,-0.0006455910378747264,-0.00045057036916440875,0.0008718147813371835,0.005116540635434008,0.00030275441756440723,0.15646526155580937,-0.00031154115259731004,0.0018787037064495159,-0.0015708400231140996,-0.008035327961478461,9.250843430564943e-05,0.008173533023743924,-0.06573042952282851,-4.3391051195879504e-05,1.7140828445213162e-05,8.786282116268775e-06
68,3.5244754355840614e-05,0.0007682150846953463,0.002556025694058139,0.0016533344560531022,0.043854502243571555,-0.0005181881710172561,0.0009356064525358893,0.0019092948111586534,0.000274801501836251,-0.0083320843677561,-0.0022468461145242783,-0.019346299085198814,3.789331896241529e-05,0.002086740533118068,-0.010007247215507447,0.00023491188471403465,5.059681419589991e-05,-0.002243965344135701,-0.0028481173093008343,5.260623499780178e-05,0.01553614492073847,-0.009751455521786877,0.021316463829923835,-0.0010219470040296586,4.602155511783737e-05,0.013707469404148687,0.00013766250893441326,-5.148978510098861e-05,-0.00031154407523307885,-0.0072231259686419864,0.0027768453605074976,5.103955508387135e-05,0.00048090834108450997,0.0008197487689429251,0.005070549704765121,0.00803630915567733,-0.0013306889102025245,-0.0007990461420952426,-0.004662836287411245,7.700634566185592e-06,0.00016696684747377567,0.009181995238258819,0.004806798527152918,0.0011408638873738278,0.0009270733907828892,-0.0027082487187237445,-0.0031895888727594994,0.0016245278445913528,-0.02831173887381898,0.006672795509846518,0.0036263091839561362,0.009712369519754105,0.0019551101783077383,0.0015895761046014604,-0.015064331893659562,7.007406778440905e-05,-0.001022783274305719,0.00035800946173024465,0.0006741887775146745,-0.0020405250653101215,-0.0003911240911959964,-3.249953752184613e-05,-0.0006013995959937368,0.0005543320570231296,0.0009710487219702808,0.0001298180862600443,0.012566997431921864,0.0001825246898339534,-0.0004418633959839398,-0.0007927357188280918,0.0012060280563642456,-0.0020968465158698233,-0.00014926415076405995,-0.0006559316494234069,0.001832516393920098,-0.0017825390470277355,0.0005051097372768547,-0.003595296841926425,-0.004431333310437736,-0.000161378632122534,0.00015130374054981807,-7.187341273429582e-05,-0.0006293633733377008,-0.0026650630541302754,-2.711528795991015e-05,-0.0016011169800122915,0.001549020578078022,-0.005220816517997048,0.20704631310391078,-0.0011291040006674348,0.6094534156733572,0.005240165790949458,-0.0005822377334615339,-0.008845285523685142,-0.00010112487953021034,-0.0019233444820952617,-0.0018673880237942914,0.0011312222068122694,-0.0001467627856635281,-0.0006880735191142156,0.10856478340726068,0.0038100673031348977,0.0030300542981305956,-0.006550445967413465,-1.043440845371901e-05,0.0006804449230285275,0.004787990720479335,-0.00015800982262119623,0.0006310387104799422,0.004363528845386719,-0.003726522815012339,-0.0037792393218898323,-0.00021259686754156084,-0.0019863537453889317,-0.0006116294756383714,0.0005992123899028755,-2.6618254444355188e-05,0.00013059826544433491,-0.00012973357949155797,-8.743376377506461e-05,-0.005314260213485303,0.0005577466590565637,-0.0014256669994068937,-0.00025452247179424264,0.00037798223751866187,0.002265578119120667,0.005393428206062979,0.00019683012735798933,0.0020600568718261987,-0.0009759832382097359,-0.0002169705866055078,0.005929300635076684,-0.004192045501047874,0.0025394478210346207,-0.004381809614038475,0.002756620064206879,0.010754106973222252,-0.0004570024517359562,-0.0008466142200756405,-0.028269722998017534,-0.0039339109663915905,0.0005845685986508159,-0.005080797271285005,0.0005288263872633552,0.0012215764661010148,0.0028338101126719013,0.0003354325725017103,0.019368276544697086,-0.013111339603531719,0.00014922111131706494,0.07824551537360509,0.0010953718442007813,3.0057654894100104e-05,0.00018205905623930186,-0.00018157296665364782,-1.1698913351895108e-05,0.01587016878118982,-0.7291255495234313,-0.00039917208190781673,-0.006204843273605984,0.001328302992308473,0.0061384553567284325,-0.000510513753133631,-0.016855369852048035,-0.0015066303959913854,0.003891846733646655,-2.205886839165577e-05,0.017306010425373136,-0.0009860943319490092,-0.004592895607174326,6.719633587868885e-06,-9.101748975623653e-05,0.004254022917489727,-0.00400768098518145,-0.00372590355794492,0.0011082779227905145,0.0010714871065812838,-0.0008080355429059586,0.0022510105866368505,0.002911673930094837,-0.008870858759681039,0.014517637409489586,-0.0003828671027564909,0.006288555910332375,-0.008936434893344806,-0.009395037786767256,0.00011996954234641706,0.00023260434033756496,4.104959649293559e-05,-0.026813659159222646,-0.000689206623340914,0.016809649578231674,0.004458533380214404,0.0008829960209710364,-0.016751707604044215,-0.0011229704916549043,0.0003369263288621686,0.0005559013293128181,0.0006881410461307684,0.0005978454426321194,-0.0003073424399128548,0.01790371191296138,-7.870815134757315e-05,0.00017301355581930775,-0.0005197380985750087,0.00019398884070576116,0.0019191067076400569,-0.0034507182839415102,0.0004556086507160374,0.0015108989273786158,0.009385920713216873,-0.01311646599578462,-0.0012000787457335969,-0.0015591414170832145,-0.005312258705941228,0.00036606942541005295,0.015827945409148395,-0.0033161632838976103,0.0003031217216577075,-0.040267288786037254,0.0009535086236258736,-5.978171841508872e-05,0.049284028681527224,0.0017675495266097944,0.02683565128591281,0.0055329457294582,4.683914080087286e-06,0.0006029576460312052,0.00013201203478215408,0.004261578894261417,-0.00016941753049921316,0.004964272021904326,-0.005958530175379358,0.009154609518076907,0.0004775174142826171,0.003760837327461918,0.0031313340386178905,0.018598821154416814,-0.0007058896887590605,-0.0018157874634746442,-0.0009238791659149999,9.450814188369493e-05,0.004459600589746704,-0.0010525982704936987,-0.004619719926587553,-0.006448634269733717,-0.0007441940132961672,-0.0005431099612273261,1.3699381300829553e-05,0.0005241552439060014,0.0013169359588891677,-0.10631382629888421,0.00040592267895380493,-0.0003776384850567491,0.03877977054113789,0.007752246373325198,0.0016513027305774522,-0.0022374588138586926,-4.667332135157936e-05,0.0015796154782272524,-1.0446563111663094e-05,0.009476327397096224,-0.007848747943598284,0.003011992156102918,-0.007244480325773816,0.0004928013022853251,-0.0016135041864043605,-0.0019813400552058996,-0.027255220189036797,0.0003308636310012837,-2.5166650824867105e-05,-0.0016234885795538788,0.05418288094728046,0.0003614390653095118,0.0005410377235028315,-9.220726489158498e-05,7.53686859543785e-05,-0.01751593050999664,-0.01577032493121764,0.0003765885621898942,-0.0024667563884874,0.002445882192029825,0.004410887984214733,-0.0017530533937831607,0.00010412484785458267,-1.6816353768354003e-05,-0.00013732207531827684,0.00036852670640984814,0.0011987067332649521,-0.016328130903944776,0.04464313551420263,-0.00602119232359112,0.00043856554121337894,0.004716905073895195,0.0005632730040720012,0.012904714479121868,0.00196409832224214,0.0002943221378767977,0.0005711538211074765,0.0019448926071937475
69,0.0008224759531980602,-0.0009734816202537078,0.0008113694057486562,0.03288365619644762,0.008184489864032932,0.0008598865010382151,0.000470928554350325,0.008162164091145882,2.5769307755059423e-05,0.013001904995207703,0.0004194874963668327,-0.0033234447934955558,0.00014557229071024413,0.0005396463053603598,-0.0036140949239860456,-0.0005984408034184624,0.00046668146047190717,0.000757283033600134,0.000762001297623079,0.0007814826345844544,0.001691477786823714,-0.002183089464886684,-0.0004427393972597487,0.00013068926433301709,0.0006275542025611369,0.000542823268318296,-0.0008199446293390387,-0.0010025495719080402,0.003997609501007471,0.06923908713547564,-0.0028916410340052018,-0.003409074590380423,0.0009452001419372746,-0.0002792596156329123,-0.0006583240719658595,-0.018071983520050405,0.0005660504736381619,-0.00027563773961723596,0.0017149114162745976,-0.0003304916877851225,-0.0015524850143467438,-0.0037828206097216543,0.0013577987098418011,0.0013290209695472305,-0.14537202493829166,0.01725449254109506,0.3621931569208329,6.076170568541119e-05,-0.0017517495471521295,-0.005971990583717213,-0.729154305596249,0.004305003496299271,0.0016715855062853727,0.0023789020046817745,-0.0030379066384835112,-0.00015539430910794182,-3.313882549289132e-05,4.919622802861752e-05,0.0001373715457112755,0.0008840526621865827,-0.0002690109058959783,0.0007415366324593801,0.001519245346233736,0.00026536928513538004,-0.002108216626646349,0.0026029781826997977,-0.0005652682662767878,3.473114184677638e-05,0.005600909892246837,-0.0033802579801010682,-0.001485837397708148,0.0027394380737473523,0.005630422021337537,-0.0006218661287751032,-0.0006380165635301895,-0.00014677895384835465,0.0013844480279070447,0.004663910324275725,-0.0011992996520500815,0.0004016428636360401,-0.00016189918516279467,-0.0018285692125083377,-2.615155786475469e-05,0.006044149243290128,3.5269559737668424e-05,0.27277737030063093,0.000653400106126749,0.0022766220436338013,-0.016275647651152525,-0.001123168856839843,0.019218043287560015,0.00369893553002799,0.003822247754657674,0.10655009068560195,-0.0003073127664770768,-0.0020010281468436403,0.0007572588462764556,-0.005596271145157893,0.004245615731647178,0.003216338019150427,-0.009520388661195398,0.1439656701927041,-0.009742859883010602,0.008729965812560905,0.0005659203329504894,6.221408174830745e-05,-0.007444370590389077,-0.0005979815161943755,-0.035848809999201606,-0.0012262017921575827,-0.000795062457732541,0.0026845798679001063,-0.0001294535692153518,0.004837406273899787,-0.000240544689162972,0.0009801406403835632,0.0028050435495575376,0.00016247246844810007,0.00033721336946563457,-0.0002681910382448722,0.018856735596703117,0.0072754454204026296,0.019474553261648923,-2.772907130073961e-05,0.00026490828229768296,-0.007596927713796334,-0.00014479271140121298,-6.853099421917186e-05,0.00022781673907412096,0.0413842865034517,0.011360087499311403,0.0021339967431938823,-0.0015801948481676854,0.002661085060113099,-0.002383895178569926,-0.004266048051715401,0.001443208867170847,-0.03715839345228503,0.0032553781882722465,-0.09011094925719051,-0.0016551393085423131,0.0002642307864392304,0.0002461837989584509,2.562524443544341e-05,6.200804425852535e-05,0.0033432285694500116,0.0007080142198355617,0.004767144057423717,0.005060611538442501,0.005518312409955253,0.022375663016583086,0.00014162926024968193,0.00020767984381469152,2.679815363221044e-05,-0.0008934864957695909,7.822425845410054e-05,6.927855835762303e-05,0.017474175714944522,-0.002056861625987541,-0.0024122561081953466,-0.0006846397229399357,-0.0004266095595233712,-8.22233252478178e-05,-0.012062834947485349,0.019332183060341582,0.0012042088750342825,-0.00038743259555273045,-0.005586574964644868,-0.017829370665355868,0.05058383735834209,2.8941986154792584e-05,-0.017081884324743876,0.00046952171701482423,0.06879067656793518,-4.374129639550528e-06,0.0003564979276281569,-7.665221951608665e-05,0.005588326616191546,-0.01917068867320859,0.0009284632705407097,-0.0005147408269217217,-0.004573914351849244,2.975358622994001e-05,0.0005524757477435392,0.2530291102755896,0.0030226877362960437,-0.00011970726973235639,-0.009477262283852678,-0.005685192586089241,0.00031084859370181716,0.0025142492508669033,0.0011871837641741047,-4.1427814001716856e-05,5.9340931449644585e-05,0.0013032139584784712,0.040877901582977064,-0.0004264024717326872,0.0035199811214950906,0.007177807869850448,0.002315422553318037,-0.0026674766356622782,0.017877581291502853,-0.0003077309440606034,-6.189737740906753e-06,-0.0009629178709455441,0.038829594603950406,0.006922071790661095,0.00015099454951851207,0.004785386754160727,0.00034487764393627317,-0.0008799556307849719,-0.0003895831056663901,0.004510057360586859,0.025680085514457093,-0.0009283236897230478,0.0014861129911314087,0.022083748161079025,0.001744852450944839,-0.0004389594616769411,-0.250461553152652,-0.0005059125609596701,-0.050470472526132834,-0.0016262261532238808,-0.0025290919015812773,-0.0002843645791241632,-0.00014513269840952918,6.046865468235796e-05,0.018006308844253718,-0.0009389211254247608,0.003974801410994579,0.00040778555755700374,0.005795769123650471,-0.0013701031314978327,-0.008621533867686678,-0.000770742420975501,0.0006540256787009864,-6.1172585603531775e-06,-0.008889438197485638,0.008927710953677028,0.022102235852939113,-0.0016294030731886303,0.0001705312980658782,2.2148959651392686e-06,0.0004929007736014356,-0.0004913601123418126,0.00010334428018414466,0.000605182901698485,0.005727633945881184,-0.00033233345580810326,-0.0001813107528953698,0.0004486567695847297,-0.00956652335215103,-0.002217745636631053,-0.002001111693831076,-0.013337481981361428,-0.0019509841645131978,0.017932305381843937,-0.0007950825105307898,0.006214255702893435,0.00269268823090376,0.00011826466607364316,0.001021579445247129,0.003606358791911733,-0.026326750467366544,-7.055995934459171e-05,-0.00036328428306183717,-0.0009503611343513116,0.006952637991597829,0.00039687508334994813,-0.0004801091738864333,0.0015937070877230257,-0.0018908872653117235,0.006573752596867127,0.0005163161660449694,-0.0012735454574989624,0.0007059282329805274,-0.03599545232153264,0.00010202810993732226,0.0019666680860129146,0.0005817717872334347,0.012809117955176048,-0.00011799735543206345,-0.0003064025430911917,-0.000992649620676616,-0.00205240109179053,0.0002604435975381428,0.0014271700556793558,0.0028482217191032875,0.0004963410010832385,0.08975392002639396,-0.000836006460705304,-0.0016091310721789986,-0.0027347129936489654,-0.013069908830453131,0.0003241762408757983,0.00021136633600872274,-0.17719377605584918,-0.00020857238646883498,0.00038292615396318314,-0.00042830880064959455
70,0.0005128070382348555,-0.0009540019243114845,0.00015115549315623117,-0.03566829539665057,-0.013528158206947916,0.0023809287955280922,-0.00025033494218822117,0.011373174581219385,0.00033690415485446157,0.07585506408692366,-0.0010529051049604707,0.00362540746493005,-0.0003606436345517938,0.00022023079064792395,-0.0045098544544198635,0.001970504911007351,0.0002138848991145581,-0.006921673692137892,0.008018302612106412,-3.3661648286109624e-05,0.0018506211689478386,-0.002779726756749451,-0.010201684149520667,0.001805642093046192,0.0003309087627003382,0.004515627681738854,0.0004788073930158121,-0.00022861507043717144,0.012203224859643244,0.18996042318392148,-0.00026944023084859645,0.003317115328260928,0.0011222594151067689,0.00010020403474877041,-0.00032764291395796785,-0.05596471854338525,0.000725356377788455,-0.0007331859825074156,-0.0009309726661466556,4.663187279488817e-05,0.00013524680923770213,0.010882829958299743,0.00012103966105268035,0.0004357622192949274,-0.12563767524784514,0.007738594938253952,-0.3710612981726744,-0.0004585918867536943,0.008939635716137212,0.012312971280014514,0.19758911097652915,0.0032926796481861555,-0.0015118299218083355,0.00872684210329959,-0.00028182320646952946,-0.00021068686052149507,-5.8255568427532586e-05,0.0002226002144865194,0.0011932676491066593,-0.0009544852260617957,-0.00039225766673274217,0.00018816237214250883,-0.0011990310942915192,-0.000407349809391707,0.0006268153472890128,-0.0028361312652520434,0.009436425366654188,-5.564404976729671e-05,0.01311679505889121,-0.02952676332074151,0.0014619937759707113,0.026360619023343124,0.013403821971641576,0.0007087746068527492,0.00027631736101268404,0.00029314597781655155,0.015422030486876709,0.002747836872869733,-0.002109803155893833,0.0006239015499766593,0.00015768792445918604,0.0006140163750155696,-0.00043980897098706666,0.01678644792590681,-0.00011683986217343517,0.5363635287397808,0.0006614527012217871,0.0008844620862342063,-0.005176613176766374,9.873422115475733e-05,0.012606313194496914,0.00612830791274432,0.002027621340562155,0.010132446136375067,0.00010610056197371976,0.0024049741245024342,0.0002698066959369987,0.006903234166005018,0.005626241719171679,0.014812905366100653,-0.005553575067624505,-0.13638310352542563,0.004659460523622068,0.01629694553274815,-1.9586139616213568e-05,2.3774151827844845e-05,0.03834330342982848,0.001276183991726669,0.024512070276651532,0.0022708372585824544,-0.00024840171189991975,0.002274370408558584,0.0008741249545492647,-7.858214431426952e-05,0.0003576245382594101,-0.0005707199539935668,0.0053343234127128545,0.0006023336309149516,-0.0006897910256013452,6.367845527328395e-05,0.09147108265653335,0.01174108358416599,-0.05419976211437165,0.00014699232274664091,-0.0006018142384371574,0.003634410789351923,0.0019914972856980018,-0.0005530650752072473,-0.00046277007787102857,0.09638283989311736,0.003172583383900855,-0.001663338680212791,0.0013224645336910468,-0.0013728287421339112,0.01503577865611936,-0.0011679326186326156,-0.0003150786230388322,0.0006768752816936029,-0.00040520510904055074,-0.14317422637137528,0.02926326835000604,0.001314934506080642,-0.0006478574771695618,-3.084330076881976e-05,-0.0002044281309672068,-0.018932933004125074,-0.0015059920593086952,0.010235246980149739,0.0027395109615627666,-0.00010389235085496559,0.010312396367134827,-0.000615243363228329,-0.0004154867280579279,-3.459614554218748e-05,0.004386064359035014,-0.00014587108428088972,-0.00032085306579335976,-0.006343332719952658,0.0049915848897575475,-0.0024065672263099466,0.000568841551808039,0.003049768827562177,4.352947955471714e-05,0.00879134920212286,0.00991338913453502,0.0008749649306857314,-3.5179048437795207e-06,0.018870167409869975,-0.006999510648317161,0.03385036282051092,-0.00021578722386357552,-0.010675461781520668,0.0011495157591666463,0.15086444886091901,0.0011078626812973218,0.00047998344224972416,0.0005241593241413795,-0.0021101597127705807,0.006312885351021652,0.0007932279451254801,0.00017149322787799598,-0.0017312615302146651,0.0022415066292121363,0.002454071192787265,0.23556111090719717,-0.004176356257245885,-9.729775303039931e-05,0.012608676494938891,-0.015091722630970666,0.0055246160540848455,0.001636113814571159,0.0019147432838456037,0.0012820480214734316,0.001043157360399121,0.0004153476362534145,-0.024803719552732854,0.00017395272883561144,0.00025905491803884773,0.026575938751024535,0.010875760869131937,0.0011513960678589171,-0.06106568210557371,-8.067790919574877e-05,0.0009468927555449339,0.0006947631752321691,0.06798093972015239,0.010675718157709766,-0.002217534036140908,-0.0006165726101197196,0.001270687085185158,0.0026044461376307747,-0.002792635697179478,0.00718911147288306,0.0729598100084469,-0.0018485529754552234,0.005884608562851596,-0.025069580923127457,0.0004048911053973073,0.00018336660104606266,-0.008509318991337396,0.0013298369697006991,0.0067832459246638735,0.0011762680924850312,0.0008354894982231485,0.002128203577158698,0.00033238490989022124,0.00010956117198187177,0.02557047292246184,0.0017025446165472038,-0.0046600505641394546,1.8433301606358274e-05,-0.003479191428062696,6.781233864001923e-05,0.0223000422429763,-0.00044951743501482925,0.001174552050373645,0.0006673518870750975,-0.40405011963533544,0.016453418569367953,0.09724562572279331,0.0019903388957440114,6.730316049896959e-05,0.0035840553863697496,0.00010090372285519007,0.00013102171261939258,0.0004767563742892748,0.0036851236659237773,0.009688104104925155,0.00014504909241740312,0.00047207469958737876,-6.0612084329739625e-05,-0.022408072240388037,-0.0007247951403797854,-0.0009540731958967048,0.00362087773944073,0.00011818768966332391,-0.003123428768866711,-9.545179320869326e-05,0.00023846543980727804,0.003969346226138965,0.0001950980073559313,0.0015621038801125926,-0.005374326312646317,0.03449271496934223,-0.000322584069748968,-0.0007389394118297206,0.0005391052820582195,-0.033185297239743096,0.011248786454613923,0.00029210268637734616,0.00246508909261882,6.0930435993048144e-05,0.036067216008789815,2.2631763239857336e-05,0.0006033543471681275,0.0006966354158426374,0.0002287562864182603,-0.001551648674854124,0.00039649957546864986,-0.0001758050422669133,0.14789027292892926,-0.00027755909070219936,0.0002469314696253636,0.00011278439486822394,-0.0003298618700717034,0.0001929752343835969,-5.990184909549206e-05,0.015467711579810051,0.00022369159948222583,0.3219559315114825,0.0018401203786731716,-0.001769935093062329,0.0003524528467610255,0.012822873033500638,0.0001514712871883673,0.00024644178874399375,0.06158344679907387,-0.0003495123430116596,-1.147461722620334e-05,0.0022396381886074586
71,-8.252943801793314e-05,-0.0005127805676266315,2.2025147912791993e-05,0.019527827482784598,0.6874502540497249,0.0008792681124998036,0.0004788443332962751,0.0016620501238279288,-8.3973384448887e-06,0.0069742639672406145,0.0007779331505490452,-0.12583307081398606,-4.122441639257263e-05,-0.0001653083286402117,-0.00344906081322946,0.00045981740161701173,0.0007865257379141757,-0.00045266388414473904,0.00028128304554195325,-5.500171004862433e-05,-0.0008726872086679289,0.0006399929528358023,-0.00022252251996265644,0.0027236281219942143,-6.774387579223419e-05,-8.982305745694301e-05,6.157714235029317e-05,0.0002569207474994277,0.0016541700786594313,0.01998940281917991,0.0010396974454263052,0.003717164996244793,9.347700720204431e-05,7.834406472295805e-05,0.00011226413441287053,0.03419505816433164,-0.008760181458622115,0.001430751993370065,0.0017170818370061264,0.00037138697144551824,0.00019904058120711427,-0.005066154637539294,-4.062810858778028e-05,0.0006862910796397743,-0.01106053440111493,0.0004974036777170288,-0.0629192613339017,0.00041779607872974647,-0.004026175704236424,0.005653610528584543,0.04370006789709289,0.0006678792892630351,0.06447697413363218,0.0034897664766177262,0.00185803887920509,-0.0002629103676876354,-5.296996984163749e-07,-1.90507229466767e-05,-0.001027066637737811,-4.28534478290471e-05,0.0028412086763551095,-0.0001237086819224388,0.0018100472008428848,-0.00012592472225432484,-0.0014442132612665637,-0.00018744539863597488,-0.002577282298311984,-0.0004943569925000475,0.002468564554887157,-0.004810276934547206,0.000214694615670143,-0.011723022720118598,0.0015612730779879923,-0.0013244740447915261,-1.4993336819248745e-05,0.00029295373871188884,-0.004196408898778866,-0.0016054297524944333,0.001702026109652234,0.00019931770099029106,0.00038264257598978873,0.000488569825215477,0.0006123991934561535,0.0027146220183396487,0.00042358074358544713,0.07094053136441146,0.00033608684765344676,-0.001964567780418286,-0.013735545067460208,-0.0005500200825946434,-0.02244076859930877,0.00017748046602490035,-0.00017777246320715978,0.004591505151644221,3.589251313283531e-05,0.0018147877812599248,0.007826608609937238,0.005047310922833139,0.0017152890195940435,0.0020976577323271227,-0.004361252650333228,-0.09742824095487845,0.0020851155627025436,-0.0063773504989457705,3.859113765953062e-05,5.70837286714386e-05,0.008245120035348344,-0.0006201239613582675,0.004222836321500244,-0.00029011534154724044,-0.0002996838305213967,-0.0011856387676294276,0.0003884241055991094,0.0011847798177939475,-7.157461950108024e-05,-0.0008005650937381757,-0.0010833215231951876,0.0003154759802340267,-9.183957463538422e-06,4.0540453427572766e-05,0.010357131228869238,0.002323384773109682,0.03308875683135661,0.00012113408924597233,0.00043246873974645775,0.002409351840938276,-0.0008537798897179075,5.7106197900461553e-05,-0.00040253594526278025,0.005765624265015833,-0.00039435379833464975,0.09359639868756978,-0.0991567065438124,0.04544752031137472,0.001973498518744359,-0.0005922838711149539,-0.0023256351825311702,0.0006095047915226984,0.00502957768424092,-0.02004369791293762,-0.011743997455014553,0.0006810385968579191,0.0020045680297878328,0.0005442207609314311,0.0007917835064984567,0.007626360539203273,0.0011828160566723879,0.003733262931780137,0.003978408583818611,-0.00031286499727838134,-0.011371056731987295,0.00012262275538544838,6.806219750363565e-06,-2.8791655952237422e-05,0.0008430819848393525,-5.1488996720680836e-05,-0.0015712671177882526,0.048610669928143876,0.001571890401486484,-5.8884895888063754e-05,0.00020042044549275703,0.001352342481987792,0.0005868446870356857,-0.5748249172912023,0.01745240417055429,0.00043073117916396465,0.0005672841995145251,0.00256141794215331,0.0027896014058126518,0.0011591636558989909,-4.521995543206592e-05,-2.331911013959964e-06,-0.00014201366858354126,0.009686372587221038,-0.03831915093126995,0.00011943887447983732,0.00012679680872300153,0.002537669832965718,0.007825251736331933,0.0004082372130691256,-0.0002466447943720758,0.0016450069619923756,0.009229633830283357,-0.00020205789142693428,0.014936732833127582,0.0009943091792692354,0.00015661404385896444,0.004002995026745252,-0.0004949002442448669,-0.0046541880129237975,0.00017643657989995995,-0.0005158258201770818,-0.000863275090653249,0.0017934438154686184,0.0008491383102977867,-0.006255739557228801,0.00023843890133909732,-0.0004233117590859434,0.004746853346314289,0.001015093983752307,0.0004667061744006301,0.05909294758015646,0.0006412002353478542,-0.00010968796898116334,0.0008355221726765164,0.007706123821992438,-0.005780542844395289,0.0013803518200860912,0.0011154877126181243,-0.00015452533497886233,0.00014057724491392076,0.0010352795772469656,0.0025009858434982086,0.006178689871077955,-0.00017858330813295964,0.0007278288590191816,-0.016902664688392507,-0.005337836842503418,5.116418307125892e-05,-0.09838533705436103,0.0007604455425229383,0.006180820353282844,-0.006807012523020978,0.0004300096420774054,-0.004439586880975217,-0.0008395708484462683,1.4540299892026529e-05,0.003933985387299202,9.996550787512489e-05,0.10744798631145994,-8.73546392802598e-05,0.21371909594318628,-0.03611957971600308,0.010601371781156659,4.928120929293886e-06,-0.0007641747394543296,-0.00024590462935894443,0.21783162596856895,0.0007517581052994098,0.023306812854364468,0.0019509246956134606,-1.792355954341289e-05,-0.00038273501762310413,-0.00022649004376649085,0.00024538223001921433,0.00041190340136685634,0.0006426464034125171,0.00163512094600647,-0.007374737425590721,8.561359966051179e-05,-0.00011611217791662742,0.005018157670845487,-0.0005160007944914973,-0.0603090190753636,-0.0019083914419859918,-0.0015759454958681335,0.0016113544389618102,0.002413318137263341,-0.00041131802815232675,0.00010639141106370126,-3.059098327281087e-05,-0.0019039455963156243,-0.0009070650588106927,0.006834207190800225,0.0014645374252685557,0.00014348036910731424,0.018913904521858028,-0.0014152845968134539,-0.01036878832276689,-0.0038039747261143565,0.00021351291916178836,-0.002030603116796992,-0.005937081169637789,-7.001652652779272e-05,-0.00014819593176020225,0.00035693021467233556,0.0014413793200027804,0.0017408927865534343,-0.0009718805858579651,-0.0006254780483128629,0.013913252285335688,0.00014433219973024672,-5.966785578805415e-05,-0.004846181871679147,0.0007690272661477829,-0.00027422733153654587,0.0002430187306426976,0.0014384088205171277,0.00025801392107921775,0.019588622997054522,-0.0006532688049997112,-8.955914908066742e-05,0.002565807066342976,0.008876061020065893,0.00027099198711293473,0.0014058497236426916,0.015224785228913278,5.4695944508219036e-05,3.4658150641670923e-05,-0.0005253989942053568
72,-0.00039372550316262305,-0.0006816902300548974,-0.004082543493919007,0.07151896866770967,-0.20313638613432,0.0031051073136083157,0.0023551302150372558,0.005153051968041063,-0.00028407814932409486,-0.004223647274520688,0.0022744838716683216,0.036318284898418526,-0.0001710451453919709,-0.000434774359948667,-0.013516433710950126,0.0006712206408509905,0.001381059539759505,0.0016811841714954312,0.0024799676511105713,-2.1315492439815537e-05,-0.0024868695698609597,-0.0006959630731516592,-0.005009030224553061,0.003020663245953927,-0.00011913595038699071,-0.0015066716235837413,3.6921000087286604e-05,0.0007711291213805017,0.0023619338229048173,0.04294816444880741,0.00039636177167011455,9.706219594525847e-05,-0.0016825404375346298,0.0005157141955346488,0.0002752508338534987,0.12828653222205755,0.0029615745633169398,0.0007350466545864105,0.000962573490339105,0.00035431731950404143,0.0004911901367367678,-0.023173355958625144,0.001422545483360416,-0.00026613651677016175,-0.039110887206978195,0.003176750554312372,-0.17061908829732064,0.00021303480974101756,0.0006729306613486268,0.012135645736988238,0.09068411171955668,-0.0038354176475472435,-0.02096742470352944,0.011826003980237625,-0.005269210029075096,-0.0005297114157794174,-0.00011925127103696448,0.00023932876732385422,-3.647259732423677e-05,-0.00012302824938472366,-0.00138794654616324,0.0008838131127843955,0.006472930469964638,-0.0002638199218215867,-0.0045481298279407,0.0008759050755227334,-0.006268289137280576,0.00012236794512238413,0.0047594786715473986,-0.003291929306089774,0.0003293068802262166,-0.03752566408766632,0.0037235819521475267,0.00048821836958391,-0.00023391235538333378,-8.979652546255157e-05,-0.011819075015597532,-0.0026950298186484136,0.0032178783324214484,0.0005756694520275686,8.820446407414623e-05,0.0005148591924871815,0.0005272616390336734,0.006761239150175672,-0.0002818334336096692,0.24118047319676322,0.001149129065479964,-0.001973851907352213,-0.01703961177782774,0.0014933638159154682,-0.005508851194863935,-0.004888618373408331,0.0016061566807354308,0.018358533550230757,2.1616962920414538e-05,-0.0014350705292096508,-0.0015421191481822469,0.00988736720853901,0.004280191936830511,0.0018866795485522553,-0.008448129885064323,-0.2940748972326944,0.007048362118232803,-0.01914533645444625,5.880940522250639e-05,1.9785991642087483e-05,0.02245777344934139,0.0002765076430878206,0.01244621239929385,-0.0009025102945941691,0.0001749932936715077,-0.0063210082440756325,0.0005802600053980305,0.004949216056874934,5.432449605405343e-05,-0.0005375103978609496,0.0009552327977558059,4.1509217215460366e-05,-9.58560351355291e-05,-8.529769587464764e-05,0.011451522624356497,0.005217272415996476,0.10875960513418065,1.839451125216731e-05,0.0014183359242924728,0.0013103471131231028,-0.0010841395893447122,0.0008851990936236157,-0.001067688407445845,0.015105030433458535,-0.00023719342853105105,-0.030363302179946563,0.03501310871622631,-0.014596400104756997,0.007752117741677956,0.0033977326886527664,0.0027967804274056617,0.00624638088003489,-0.0005874895340451221,-0.06545759889864591,-0.04207999498802966,0.0008412612583922549,0.000858597581841843,-0.00028143285483069025,0.002038585854233801,0.02415553944395564,0.0034927977364347237,0.0019455267309940406,0.009272069007087814,-0.0005564433258989766,0.011019316856545228,-0.000579605696810629,1.8172219721670655e-05,1.919057132867538e-05,0.00025868856940561226,-0.00011986021199317115,0.004604084013200206,0.01589284417426482,0.002641846211684056,-0.0029236813959608345,0.00014630048738429767,-0.0007538212287022654,-0.0003268499543044209,0.1833820614463008,0.05271264190912134,0.0014697943502492363,0.0018302237205414743,0.0074911234618694955,0.0074203888661678015,0.006707480260514386,-0.0001118983903829621,0.005813807538559366,-0.0012033802473325058,0.02265432416400457,0.010333566510744133,-0.0005112247508344945,0.00042448842096669834,0.00955478720528195,0.019794198675778852,0.0024196693862478316,-0.0005690041461334193,-0.004838113645602688,-0.00199529474042529,0.0009913261846778872,0.04914383624489897,0.001957066338201301,0.000633751390936451,0.009317550011685848,-0.002986185616461398,-0.013832452677666324,0.00042799177414196447,-0.00045359511396185113,-0.001485305359662131,0.0034920855152829494,0.002986461848325447,-0.018579601696434106,0.0002578910360062159,-0.0006144728221489354,0.004629753028648162,0.0039693549966744665,0.0005651682199862141,0.21964644302902855,0.00033352641646001795,-0.00048392885902327797,0.002303515070098335,0.022485905286092036,-0.020670603794326694,-0.0011934932079509016,0.004672143600793057,-0.0011133086424521433,0.0003912482275312682,0.0007632664667585314,0.006303592715310448,0.008180591208648821,-0.0008958863931441859,0.0018778661567906171,0.018477911486170083,0.002068143898301669,0.00017968153619209344,-0.3387295883583137,0.0003830836468540524,0.011266543100983932,7.946025119048242e-05,0.0010138117201450086,-0.008383502380361858,-0.001410392805605228,0.00013874026153542268,0.011572555985097675,0.0009602093013730484,-0.03163320496037107,7.567834979545447e-05,-0.08418663553523201,0.012335408559955156,0.014618734782263228,0.0005538391277871745,-0.0011656624964651687,-0.0003820546930025735,0.7074764247759597,0.0009640961692123575,0.017273656030436936,0.000985944542511244,-7.374717629507336e-05,-0.0006407660658743035,-0.00039910439795762893,-0.000459148573277041,0.000897791657332021,0.0010972233723870876,0.0030972734906713865,0.003844030595279464,0.0016255651635880318,0.0011339687784507058,0.0032025994535436297,-0.00039700450738805785,0.022386494252009347,0.026891329269751185,-0.0032725521532759737,0.011520604854443587,-0.0005909902378177403,-0.0013332740969192389,0.00046203242820546785,-0.000525493583861468,-0.0015090714077878168,-0.0022745751414201963,0.021185835929450426,-0.00025985744061804374,0.0004382640543065511,-0.0034925527314104343,0.0020565076030239562,-0.03534246375013456,0.0013456537995593138,0.0004137351027727847,0.0010516207588613126,-0.0318265300676923,-2.4949763827606655e-05,-0.00048366286806235045,-0.0002845699284768563,0.00117697066872011,0.00215791062874085,0.0017336598219788253,-3.3597848926912935e-06,0.038479402144109796,6.52080427269372e-05,-0.000784829973611972,0.001427534620187979,0.0019917960031211003,0.00029762509034236514,8.18809818970256e-05,-0.00043501594020574656,0.0005299714480773736,0.01286491554661751,-0.002741193665803802,-0.00016585874380018253,0.00348144163583892,0.014390871275165563,0.00015733004819067783,0.0024757391958871236,0.047458159066248604,0.0002086424905680664,0.0002286579633222494,-0.0015137018392601263
73,3.077946214266414e-05,-0.00906905367647113,-0.0013333306975579094,-0.0008251046066176696,-0.01506783093949479,0.002041957534074829,0.0015277228914740322,-0.002085742471435163,0.006022599281904214,0.0079867515497644,-0.001933985579618634,0.004737602114218997,0.00039630272181315814,0.012781784793799112,0.0030868863821006017,0.00032712204559539985,-0.0002452822617412063,-0.09245944379728972,0.007905880215437854,0.00023382837787181847,0.016607083388309633,-0.0026516857888161105,-0.02994363873682222,0.0008898009799990299,0.0002832277722224449,0.06443930588012332,0.0002574147976532864,0.00017283498890197216,0.001007249423943897,-0.008669487385941782,-0.0011020037503896413,0.004598638162643194,0.00020229613019828296,-0.0005693003049202418,-0.0007940172776389888,-0.006528049520634112,-0.0004747621565975701,0.00038559009091711205,-0.0019370153382456332,0.0005688006274538513,0.0006438119591619851,-0.009688241602640991,0.005395867070702352,-0.00029194879829774225,0.0019510742656291234,-0.0009639482372993608,0.01815592432600316,-9.589416521628126e-05,0.017486855374433136,0.00033907074013420503,0.01171163263166763,0.08635187002377703,0.00500477201869468,0.002308898124135399,-0.0031073395097968417,0.000286290772043586,0.00021616284268612465,-0.00021700169672115796,0.010259839445371342,-0.0021648741938834017,0.0006438729460039452,-0.0004675886925263746,-0.0007309196853630828,0.0002674319758609133,-0.00025147338247637555,0.00032963786408623196,0.16436560425159033,8.085620989224367e-05,0.0008382887036591195,-0.004822388988253962,0.00016561855281262307,-0.002702528434794945,-0.0006140483281264527,0.0002587788995990473,0.001457064122498899,0.0015539149711864151,-0.0026565354941033258,-0.002850025627304853,-0.005936416336364645,0.0006444930163176899,-0.0007923349303180158,0.0006045310940694184,-0.00043669201920915534,0.00010986609572555733,0.0002857285045765939,-0.0007175192549014175,-0.0006053212715800014,0.00018822099567362364,-0.027232913138313965,-0.0007398333997662848,-0.09635834936192106,0.09921648849392832,-0.0023668249718295786,-0.010330924972521978,7.177005721455262e-05,0.0022501065305137132,-0.00032776667484584983,-0.001035520641529162,-1.763132293831904e-05,0.0008366301888042921,-0.0003587138220082527,0.004940906971368525,0.00044152075477662915,-0.005060477511277168,0.00043383910029479123,5.694361766151682e-05,-0.0038496646836958773,0.0010475696440452162,0.00012764108387677137,0.031541991056272665,-0.0021152924520177396,-0.00016873890027607665,0.0016273392852429495,-0.0018217127127904045,0.00038897466632108624,0.004176384949787089,0.0024347783868280746,-0.0014321407574127145,0.00030107117537239454,0.0005535614641317307,0.0066147413600471895,0.0001301126426610171,0.0017528189237122987,-1.2254851456505083e-05,0.00012916745783328985,0.002030150169457406,0.017147659278109524,-0.00022051574384730256,-0.0008418372786949679,-0.004164236841049673,0.0009383062191139595,-0.001163549955038165,0.0026184239861215064,0.0004558382368038613,-0.0008264200862758887,0.007068786563164179,-0.001104436473558971,0.0015497373047997564,-0.0019167686474503677,0.008626698823467826,-0.006806633621944315,0.0019762045267699146,0.0023561125642624567,-0.00023473442526840185,0.00019357590520051066,0.0038459345513294834,-0.00038920410390891157,0.02005903881183504,0.001651701430462645,-0.00014686093304684954,0.1129408988516459,6.771405695475447e-05,0.0001603179032286042,-5.959805131654729e-05,-0.0004679296775387549,-2.944207724380723e-05,0.013453937268754634,0.044661840977367355,-4.3489881695814954e-05,-0.0076872140986200075,-5.788392731048372e-05,0.0061259834683510105,6.19785784055e-07,-0.005100951619619293,-0.0031593035943045383,0.00199564535890706,0.0004524153993758843,0.03399738353215114,-0.00046401905405930345,-0.0013709121167940139,1.5005354392432294e-05,0.0030338617258908324,0.013494317149383307,-0.012802078919830344,0.001067928906460739,0.0019886767195077273,0.0007224229995655655,0.0019469583671329355,-0.001104876543980412,0.0020269509430633666,0.0008726544372138698,0.015784720798392722,0.0003516964888554743,0.0018881402313020634,-0.012663077718898927,-0.026575780339015666,-0.0002959838684759189,-0.0006755139521134653,-0.0029034413244474477,-0.005179458217241836,-8.875963955466172e-05,0.01034750124603872,0.00045746640401155654,-0.0002521106456355852,-0.002897365195560206,0.005203425334343715,9.835600246330622e-05,0.0006945777441649581,0.0061366352432539375,0.002075223023070629,0.00016662527190234536,-0.046463908248361115,0.00021066754557214843,0.0009347291872411861,0.0006425610388913692,-8.671318991637124e-05,-0.00026111671885333237,0.0005237406500983675,-0.0002455456507117612,-6.894848198016107e-05,0.034349540532952166,-0.0013278635133661884,0.0021760578035743315,-0.0006959078219939932,0.0006837431973623527,0.0005701543081269224,-0.04034344499522462,0.001203634693467052,-9.682216193124607e-05,-0.013905662441578308,0.0008208116539528313,0.003267915821374415,0.0003263148594017575,0.0006527002130615046,0.02716760812198332,0.022052556627055176,8.55206188578447e-06,-0.00021157911103040572,0.0003293914689216002,0.0006763868238516106,-0.00038033074043453867,0.01137766966804376,-0.00019391919062746333,-0.005726577435282251,2.910022408529134e-05,0.015266613388796493,0.00160880478164815,0.05677767805004973,-0.0012861935938980348,0.01710206433653808,0.0004781422104810714,-8.763093281354418e-05,0.0037330657404315774,0.0032753486168561547,0.000884021603247423,-0.0009734638363273779,0.00425615281167837,-0.0005968301702884591,-7.590883627088982e-05,0.0062727459779670335,-0.0008214116222260682,-0.28598342012395433,-0.000808598390229424,-0.0004471956990892926,0.011097232507680061,0.039203475681069945,-0.004783050560676106,-6.22428656072461e-05,0.00047846634037088207,0.0007247437473800813,0.0006246812863195637,0.00771904765615779,-0.0011159170179120127,-0.001280736683611343,0.0009178964146199617,0.0007965729189188721,0.0014242203125109506,-0.001359899547414941,-0.0072113501348332115,0.0002039118647293886,0.00021185034750940818,0.0003923026808111224,0.9008164744227207,0.0002965054157369217,0.0012364323624190865,0.0002614838603492275,-3.331834263416069e-05,-0.0018904133095745904,0.004527521211603771,-0.0006430323971521427,-0.0327954837821405,-0.0003265158193324971,0.005666529387999308,0.0011716601512016373,-0.0007273215092605586,0.0007425452145542012,0.0003469230472648685,0.004652415364388604,0.0018134800559340396,-0.02868556829043369,0.0013749277456959665,-0.0009175892676131763,0.0007611856943824653,7.35769593773871e-05,0.00032689051154517496,0.03407857613832172,0.006105585151234386,-3.2825703721994087e-06,-0.0002443841933137199,0.03176992594666953
74,-0.00028703946214819146,0.0002726999429138177,-0.0010933134985532736,0.022461004254156928,-0.44905607148159976,-0.0002791123600468168,-0.0008736665810680777,0.0018050287423550665,0.00012206085734713101,-0.04237718244291829,0.005769499148850284,0.2033444906312042,-0.00011800136487287449,-0.0002620484338205706,-0.005017588052291189,-7.041929239782682e-05,-0.0005442963477499049,-0.006170821635022632,-0.015333441286412359,-1.2301623628922526e-05,-0.00037722078405050957,0.013209289009144677,0.0012144257201787967,0.0039052798625788393,0.00011818078521680028,0.0022532831324695093,0.0005724995676255548,-4.083644652255053e-05,-0.0049340563901202564,-0.04207572559476085,0.0014253951371559423,0.0023762269293545555,0.0007172449415597977,0.0005274206399262012,0.001133956230316993,0.023917209328447007,0.0055211342333747575,-0.0012711662099725868,0.00017876853120203564,-8.77077239681888e-05,0.00047874549551569384,0.0005883901974957353,-0.0002625742579139608,0.0003736817111170982,0.022629984998269584,0.006011633771057604,-0.05988212660680303,0.0014564886563837795,-0.004663327525507889,0.005340357916049465,-0.07449485933977318,-0.0019991333067726938,0.17075259976079993,0.0012277494504937233,0.005323791174317388,3.9306145366008096e-05,-5.876159807897963e-05,9.756422650286309e-05,0.0009763141682171304,0.00048728631645117426,0.0063358815726094544,-0.0004047598212707128,-0.0006268206723226226,-0.0006621571553775902,0.0002239590662406199,0.0008047743558697189,0.004403125506081724,0.0003736162899936426,-0.004514356165619212,0.014327007118549943,-0.00024804096535527894,0.0029547985064385697,-0.003494323621468719,0.00304392998951969,0.00039501376564619233,-0.0003010109246189968,0.0020732065161344028,0.002566813045800257,0.0037511024780687366,-0.0002559383470984592,-0.0002683396010023341,0.000694961329507587,0.0002053026476631012,0.0046307513350321945,0.002734651540318309,-0.029726133477938108,0.0004217829970502296,-0.013056440088537971,0.040780410051344786,0.0015762802575020086,0.015214209950520207,0.0022396802635673576,-0.0014519080546316378,0.017819417289526455,0.00017996038522951436,0.003170337518012623,0.0010298593202174603,0.0001623278656176768,-0.0023917737219543538,-0.005503427234925896,0.0005918120386223039,-0.09230640829736429,0.0025606580525972117,-0.0013192564403169404,-0.00018455612284352246,-1.688315629478406e-05,-0.0006326710443006409,-0.0006301888518850367,0.01628095823300033,0.0007807297529725953,0.006812938975500421,0.005558697800209468,-0.0002457127330807683,0.0004531854039331387,-0.00024916544052278056,-0.00030855164167853735,-0.001890218375397441,-0.0010391881258227289,0.0006147443366451236,0.00010071343397842188,-0.04303073744692636,-0.002108579117642866,0.016495679392477047,0.00014365027906637932,-0.000410487353215902,1.7633828552699946e-05,0.000964669691874016,-0.00046518476543846,-0.00019087799525753513,-0.017323634379550458,-0.00043857011971796113,0.030824982046076622,0.11060382803067839,0.041561819694579234,0.0040732379405786,-0.003645480239432077,0.002173309597629621,-0.004816377671588816,-0.00016214921683166942,-0.00888097676296494,0.0015676233016831166,0.0006819660713211703,-0.0014578678344230698,-0.00042846125566471573,0.000214703965733263,0.00016835207160045135,0.0006987492157951852,-0.044044211482083234,-0.0032273842200479406,-0.00028720020901532484,-0.37698597705299686,5.882647003109488e-05,0.00010358423629444526,6.828896173590848e-05,0.002322457872304307,-2.0937268527413446e-05,-0.0041320533414453756,-0.02600882551995565,0.000896237066990057,0.012902360261689498,7.907559105347316e-05,-0.007378450526054079,-0.00022502274092844388,-0.3700431269953152,-0.014069708325329593,0.0007393792562540675,0.0003506463878568131,0.0019136053266951211,-0.002801275620717968,0.015307500324752156,7.730695878248317e-05,0.00255238396959127,0.000880529184660782,-0.028644075333313354,0.02954978655950457,-0.0003268555711339061,-0.0014053370564296604,0.0007350481685100443,0.01241918248939003,-0.0019370159463784908,-0.00016388725494700202,0.008795907537512283,-0.0016101698033251354,-0.00011624004594055614,0.031558132284930304,-0.0030622582769937495,6.259403924080073e-05,0.008746202152780495,0.007060700851755343,-0.004184282958983462,-0.0011539782476927972,-0.0010809732767618008,-0.00023865342693825398,-1.779619639483143e-05,0.003802882463476688,-0.021339445751258554,0.00016054947158570978,-0.0014101024524931249,-0.011493025008541236,-0.0012202110437023123,-0.00010202639358350505,0.16557611725807478,0.00013479988164198208,-4.2475465510186106e-06,-0.0004301359078311711,-0.010343106833697373,-0.005133600809926388,0.0005020276380824969,0.0003909478636525452,-0.0009197347809314395,0.00022026289109769172,0.007291858974643347,-0.002632953791862326,-0.015227297931582824,9.997742664007159e-05,-0.0013726732970462407,-0.011675840160014894,0.011593552882755416,0.00019715876322785875,0.007134463962143487,2.560487336899733e-05,8.220417273629901e-05,-0.001691515088609409,-0.0013609456263536856,-0.013097951474270668,0.002051969135344906,0.0001184311420495297,-0.004002935703860584,0.002459476287810222,0.05369163466645097,-0.0003662389637916881,0.5297971089829022,0.04337959457576666,0.01049398022326304,0.000273753349602732,0.00036730696613906716,-0.0003181851299372502,-0.06828321014800444,-0.002005092623039825,-0.06545624652545015,0.0006078542418885974,4.361641061046903e-05,-0.000244775083668339,0.0002717472089375379,-0.0006132386903386286,-0.000699644740731099,-0.007179268702816549,-0.002707824313987364,-0.0035978726252153237,0.0023820878040056136,-0.00035578870646971184,-0.013829975281684215,-0.0002287012506717494,0.049424420674397285,0.04061731536782671,-0.000926643551806059,0.017173230543069185,-0.005262036297616369,-0.002590389719736885,-0.000807138031273965,0.00019848559061302635,-0.0017606336189843058,0.004448358596463816,0.0042759412753289264,-0.0009445728944578816,0.0005914169083983717,-0.0034316667739882874,0.007488012998526861,-0.003112459585680045,0.008056350835058488,-0.000392733960375629,-0.0012624484859861634,0.051109750343331165,-0.0006326323509875779,-0.0002463270511265459,-0.0005210905274446461,0.0014611936767957717,0.01255482307006799,-0.0018712818944531815,5.41071570739661e-05,0.2388966772747998,-0.0001931859865324341,-0.000494878611808637,0.014586175473308016,0.000850003366642484,0.0001064226793315177,-0.00028766609581481984,-0.007723689510037263,-0.0002739403857542899,-0.09322681452416032,-0.0010013429533248658,0.002047409439794201,0.0038706494567772743,0.006994475298451071,0.0005602407217382885,0.0011248650684750634,-0.007920546144410857,0.00023920698914957784,0.00018398868364812027,0.0007894734559516772
75,0.0001994949348804994,0.000979611140409467,-0.0007762779226016866,-0.03204982058876506,-0.283139520112677,0.0008537785722111807,0.001280704525866462,0.00011734019603876558,-0.0002794618582519833,0.0600956395451684,-0.010021264485307383,0.1323989109567243,0.00017648083084519442,0.00027162848440298246,0.007103780560337036,0.0004017928424781946,0.000411391145983455,0.011663497436373245,0.014581954224672466,-1.2081315051313537e-05,0.002472208014628278,-0.020915129044336164,-7.753167948819362e-05,-0.006411267524032033,-0.00019841397400314868,-0.005051830637072308,-0.0009105019916692894,0.0001276666226680736,0.007304929325120009,0.06359984168028722,-0.003814350425708997,0.0014833914618294867,0.0003073349511696095,-0.0007847749304498849,-0.0016126453703320335,-0.017145820908383118,0.0035997948625378987,-0.0001553400092954044,-0.0029618124908964896,-0.0002143740196445049,-0.0006323999373967514,-0.00034072560297592966,0.00017742741467896735,-0.00033960987450163543,-0.037924028291272255,-0.010625722897384227,0.08243166367202305,-0.0008582965422751472,0.003196013843817906,-0.0074718608448373055,0.12457143610004628,-0.006061534522190948,0.10286919989783788,-4.7140862120752594e-05,-0.008095715301928513,0.0001526130486038512,3.627744030716988e-05,0.0002799209201292174,-0.001436072820249542,-0.002398534315512242,0.004050093632591708,-2.0558944561758442e-05,0.0013364363354717722,0.0002190274222754532,0.00034291910839921724,-0.0014699640328541196,-0.01962381074136888,7.58294638146158e-05,0.006480464799360958,-0.0200657172269917,-0.00014977209699245427,-0.0015605509313617125,0.005663422365089209,0.0023281757064166613,-0.000600492032673928,0.00034440101630806713,-0.0031159920130943587,-0.0034730213588510385,-0.006889432288547791,0.0003946899975649865,-2.4136787635894806e-05,-7.107712493494272e-05,0.0006513666789043828,-0.007612821236166997,0.002076129270741782,0.0497561610732904,6.752684908959555e-05,-0.00784676258269465,-0.056899017828290696,-0.0017472744982736724,0.003247911451402829,-0.01012227251174484,0.0008299839937960032,-0.0168177981635605,-0.00024817176602235985,0.002158521113893261,0.0010170661193532383,0.0012728957031075145,0.0033778661419475425,0.007191496447420016,0.0036778010205822873,0.13504789032028452,-0.0026164372916299863,0.0006127210929673622,0.0002905641216493591,0.0004406715340330913,-0.004555890077938529,-0.0012567251440780318,-0.023689231066937412,-0.0034238034608526967,-0.009740975183206095,0.0029797616094129676,0.0007396241627620455,-0.0015456433809408338,0.00018136572574781185,0.0014001018342881095,0.0003310838561182486,0.00025659412698093376,0.00010701655399544992,0.000161247623473161,0.061422004420142326,0.003918633073518156,-0.02161515354095058,0.00010505316164801076,0.0007227258450726001,0.001655779031187376,-0.0018908353261049486,0.0005470055645246492,0.0007690100878113039,0.028429349670091378,0.00021961804327323177,0.01971489362006322,0.07004216104766291,0.024337830310597,-0.0023648649815779777,0.0009211203961570416,-0.0022535513351868135,0.010995572965482932,-0.005962367716329106,0.011302590073980451,-0.005241492771820537,-0.0009417751119345733,0.0006661343133041534,-0.0001883663920115866,-0.0006161144253541721,0.0013488374315606718,-0.0008616426319994902,0.06670555445792431,0.005611678163946364,0.0006757976606228648,0.6097285704515675,-0.0006104066280234982,-0.00018068531008437146,-7.132153891951367e-05,-0.0033877442566107897,0.00010490425448666954,0.00884610351459543,0.02051931205629817,-0.0009336212952892491,-0.020183611839248647,0.00019277062756247734,0.01076896639132983,-0.00019411796389237404,-0.23452706178858487,0.02533030001486584,-0.00020535774453284096,-0.0004895318942867498,0.0002998532265368458,0.006946303123978002,-0.028463736007603997,-0.00013359129403659256,0.004037400764894269,-0.0021569738000902696,0.048592234693342895,0.01874345101798988,0.00040713907617668393,0.0022728878386511484,-0.0011055905058983666,-0.01638767776130516,0.002227291864854354,6.023911800681972e-05,-0.012172618902156367,-0.0057721544164814394,0.0008905350945389392,-0.04641202192611931,0.005170598424229449,-8.930427136102405e-05,-0.01039573341949665,-0.010026777661671395,0.006064374830338058,0.00274191520934744,0.002044711141776743,-0.00010533647953063843,0.00077558498066891,-0.0012585444772928445,0.03015621356805411,0.00011760970806363037,0.001615831675590089,0.018670091650918933,0.0018258087919834172,0.0004559888386725247,-0.22216785051251142,0.0007595002874955063,3.315861177372731e-05,0.0005550917868548097,0.018158349105980097,0.004251154579780319,-0.0008792035132747433,-0.0009002045589023154,-0.0008267232695675039,-0.001554556880355573,-0.012433962976072764,0.004475309015362595,0.02490663931961182,7.379869845701437e-05,0.001477468031658137,-0.0032418928625854073,0.00732516959084662,-0.0002653683626315101,-0.02367918503754357,-0.00010775287602258045,0.006200712640061772,-0.0041374446486823965,0.001990359277893204,0.022844619236180648,-0.0032462575610947134,-0.00016657423027443825,0.0066218813186621674,0.001039826175306602,0.03417009796907763,0.0006990259319159935,0.33435876015692517,0.02484843030907079,-0.016689159614990883,-0.0006935543476102347,-0.0014282709930643544,0.0005744268428597107,0.11965616634865048,0.0032265645326088823,0.09076615645784468,0.000805527401759305,-2.6523574820614586e-05,0.00030713535973350117,-0.00018377195326667778,0.00040825572298505697,-0.0003170684240158344,0.0074136673605357415,0.005148366856874327,-0.002819680169137982,-0.004274781983943882,0.0005860251070242406,0.03746801642213621,-0.0007648999528589229,0.030336681967849367,-0.05577296551345305,-0.0019095485749960487,-0.027388846026894245,-0.0026124581119217507,0.004504691876295566,0.0008630426245124681,-0.0010124221232063624,-0.0007406389358708748,-0.006418503005628018,-0.009317396043273635,0.0007827844384460686,-0.0009534632826387708,0.0022918038433467104,-0.011228648626506622,-0.004170848735899527,0.005347745087297856,0.0005858690502838872,-0.0005725324718342337,-0.10967076198466756,0.0010679044992717177,0.0003967100499731287,-0.00016139481234273521,-0.00030694565290656766,-0.02237520580881858,0.003664749433411459,0.0002806636899092378,-0.38698986647507666,-0.00011566464647877299,-0.0005020019807193659,0.010265556462635803,-0.0007504568429130439,-0.0005085857620036662,0.0010589733402973577,0.010424333269522353,0.0007254896250620257,0.14590288412981142,-0.007378238396664641,-0.0025694434237911873,-0.005316899555045818,-0.015435044096994983,-0.0007171663640384565,-0.001995790876843574,0.02010052454032029,-0.00017890939421562083,0.00018641624065073763,-0.002131392977283477
76,-0.00033565860952001277,0.001028837035593956,-0.0020906352464987957,0.05402365034777284,0.013262836572634194,-0.001021742635288772,-0.0007057057522223686,0.0030361110071995545,-0.00030053916809366643,-0.06584798804076421,-0.010682199949663265,-0.011999454199492957,-0.0003255155983401606,0.0008167584124266145,-0.01259007765361661,0.0018668421773383494,-0.000627001457712828,0.005506624797626786,0.03650861934081438,-0.00035495721805091276,0.001410787246902457,-0.022017300633671286,0.0009873139478296725,0.008963689599299392,0.0005501988554255117,0.00025784483357616655,-0.0015558104761103017,0.0001587001036235207,-0.008791785861519958,-0.08456771551035974,0.004345381186691262,0.003048709099819004,0.00010178091301301859,-0.00036339922534772045,-0.0011727497532441691,0.042252711879740376,0.0006169405448148485,0.0009054450207747866,-0.004240132604161599,0.0006845164831158683,-0.00027897915310550717,-0.0031907185047974984,0.0008144776342998718,-0.0013550324391964313,0.0475055938073019,0.01469431724275284,-0.13140050199271666,-0.00010725510699331638,-1.574292935969078e-05,0.004580886800869375,-0.15685286194160783,0.0018106680818389842,-0.006182709519803299,0.0032903217563992927,-0.00949748810323851,0.00018877383640488778,3.2826602098696978e-06,-3.6418172301309806e-05,-7.364046682042176e-05,-0.0026901358621382668,-0.0007864445205347862,0.00016016197417897417,-0.0002826612386301949,0.0023520590931001583,0.0007239567699057403,0.0026017813510607253,-0.008345873381588959,7.904605292492772e-05,-0.0072473407103074835,0.02284441379400459,0.001563892211715118,0.007605028749524503,-0.007538052653209443,0.0002839340533104744,0.00033839678621191776,0.0001618750916740283,0.005513802690839169,-0.0111799205483269,-0.008423843613914626,-0.000254929586272198,0.0004703162883816485,0.0009336802999176906,0.0003756942347319962,0.012692287379134783,-0.00040552287563408077,-0.12409930183757292,-0.00034598077727969814,0.0032579267455502886,-0.06328014026831881,-0.0018817698305010518,-0.0310527618572196,-0.01014527294619338,-0.00016908320724782697,0.03081459803910839,-0.0002837338928230518,7.423341236946653e-05,0.0005688863150370762,0.008184882288946921,-0.005606185741365373,-0.008331582695471977,-0.008684003375573849,-0.18380495668400534,0.008583757624474365,-0.0003007920925607588,-0.00010605833746678381,0.0006081580728472274,0.020469823724190494,0.0017279376720526682,0.030752966245943408,-0.001210526622118715,-0.008931071101590773,-0.003703424632236789,-0.0002981364076649045,-0.00440075833717371,0.0005770411998196837,-0.00030171288052782837,0.0011034695583250357,0.00025561449073488365,-0.0001397785106405508,-0.00012999910391620268,-0.06697672492543276,-0.005805597184765253,0.02746678565755672,3.240986103043733e-05,-1.6945241082664663e-05,0.006082218125284627,-0.0004626204582757746,-0.00017873741178739302,-0.0006058783766763123,-0.038339111756685695,0.0017693033917496,0.0030753557881942253,-0.008376651692284454,-0.002043774138480534,0.005700834934155955,-0.00176256449498635,-0.00529874677824331,-0.006698374540482336,0.008042108241693255,-0.007612407408154588,0.0025992882473992,0.0006055603848169281,0.0007889583116489474,-0.00010572240939610728,0.0014897050455522404,0.010760589543665204,0.0014637007591753637,0.06447852918608298,-0.004456622385024268,-0.0006630209605411315,0.6585719392666953,0.000459990320695005,0.00028095255312496836,0.00010133742854368877,0.009344610914014725,-0.00013464430633841861,0.00543364438503994,0.03298537249426258,0.0027910191797265354,-0.020650454844702053,8.038392653419383e-05,0.009987958298761193,0.00011636957999157279,-0.0006257162034632377,-0.027039242389076127,0.002083785035697802,0.00026051922689030935,0.011886843385868963,0.0034638186196606045,0.035717037225761285,0.0001620710474772337,-0.0016232379831111771,-0.0020760383529652184,-0.05580579670533555,-0.0005055298979949312,0.0001775184675505998,0.0038118032929175755,0.0037012256904187567,0.026071350452038334,0.002399942659552748,2.8281050425762533e-05,0.011235488732113995,0.0030069845580903863,-0.0012982831966849052,0.06706955023838544,-0.0030871276384892878,-0.0003145303081442184,0.02097846114557152,0.010394736845630487,0.0017023784885165285,0.0029355672877818388,0.0012597454694092658,0.0009882829610510374,0.0018681375122382125,-0.001119756305029052,-0.042959764736962634,0.0006992566884956052,0.0013525308470132003,-0.022904556142764612,-0.0023821456326452626,-0.00030770103596846135,0.24233396173342261,-0.001227835654580919,-7.931405385266195e-05,-0.00013433449962767854,-0.021147251997531563,-0.009537595532160773,-0.0030648967099549955,0.005597613476252656,-0.0010388716935171554,0.0013229395625843688,-0.01292484652007341,-0.004552434745111045,-0.02700697487949087,0.00042882092440673855,-0.0018983276185843266,-0.008585544917310214,-0.0008031958742050025,0.00024328500854693506,0.056139573827039393,0.0011694747799027446,0.000239873247177517,-0.0012228284628840631,-0.002305301964488334,0.011079352623256348,-0.000657556047877435,0.00028296334691938613,-0.009633805276705171,0.0012866162437247409,-0.003093731036607469,0.0012767375736697556,0.005835355878504819,-0.004404420924351888,0.025381031909598707,0.000680080993405933,-0.0004844037891788566,0.0007094004960391976,-0.14397277127689526,-0.004179273594999196,-0.09701614438958726,0.0002902122664324364,4.9668281833873404e-05,0.00046647505689333384,9.238815763089501e-05,0.0014768588046606993,-0.0002883957148619794,0.01780392564730872,-0.005809913318247285,0.001140701603170324,-0.004248663845351688,-0.000406300105963534,0.008682040757392144,0.005064346862396015,-0.006210281175374189,0.05935827566877065,0.0014687921871766997,0.05278177580721688,0.0008440360497705765,-0.004569682267387921,-0.00012172269662481805,0.0011136882205545085,0.0012033251809003432,-0.009426101579733257,0.014921949377452386,0.0005967263765157064,0.000489878019928735,-3.832314543850005e-06,0.011127703080341032,0.0006671764928907432,-0.0003902727558571232,-0.0010484489838665275,0.0008332286459086582,-0.04275103384319318,-6.441090537849157e-05,-0.0007222250260655167,-0.00026322920512646553,0.006095892776089363,-0.020068408383138805,0.004943631281860599,0.0014832045662384807,0.5275082887168876,0.0003523525869020376,-0.0005114092264983034,-0.0005516669639419954,0.004244950372371581,0.0004112142789160227,-0.0008846990813335931,-0.012019804000339227,-0.0017439715867333498,-0.18481561941172583,-0.004730129037881964,-0.003196004575466045,0.007899486388422604,0.03292824681823564,0.0009265233569443401,0.0007308923475822342,-0.008355573376746651,0.00028189946845409014,-0.0001662189283060337,-0.0007509857168104985
77,-0.00033217743310625156,0.0007410359570225906,0.0019299542663091668,0.023067037797174898,-0.020164176467338736,0.0006662556455795318,0.0027773178477095914,0.0025856588125166557,3.431124378844297e-05,0.39949834431754366,0.00043029740172800465,0.00518171046310497,0.00020496429463024574,0.0010250571380655271,-0.002700365787431847,-5.960288183621404e-05,-5.4232039371639174e-05,-0.0010933490074986965,0.034088869986366975,6.211617469350714e-06,0.0003158109622672378,0.000896220725136114,0.00012267684885566843,0.004764092269157055,-0.0006272702921816477,0.0023456709554149913,0.0009531691897095157,0.00021775312277658165,0.03415900704827482,0.0729396072170329,-6.997864294493172e-05,-0.0016715495575400675,0.0010385144573217707,0.0007071692845033277,-0.0004136372237306743,0.009637771776060696,0.00043100106693449297,0.001761775166302423,0.0008032004715791997,-0.0007001403115626378,0.0011865600995465807,-0.001528207101764829,-0.0008564473260004521,0.00262862330830565,0.02294532860940511,0.0058597465524399765,0.020180548665041036,-0.000467013264761125,-0.008784148598315772,-0.005100950105534513,-0.0659291248566805,0.0056959186512216976,-0.009569921764950206,0.008562495140184853,-2.9561491877300172e-05,0.0008815035511582775,-1.5442876744639622e-05,-0.0001214859620983636,0.0007000427827668725,0.000691935610141782,-0.0005815045572484536,-2.899346040799298e-05,0.0009787222793149848,0.001373879303664385,0.0010109190353250475,0.0018816590831880926,0.0008040661453548267,4.327225248576456e-05,0.028994080520821704,-0.11122735410669772,0.000356092501089908,-0.002415182710875769,0.0045456304295057445,0.00017855151537263334,-0.0005231605890504204,-0.0006086531415282065,0.0015713179264313822,0.0007692387965955172,4.9795695733483025e-05,-0.00018573333670180922,-3.729197982676975e-05,0.0011862912523308723,-0.0015125746149999147,-0.0036122202951224015,8.462363675368952e-05,-0.3461452566943052,0.00047315935280117793,0.006112036365844984,0.007130286374994523,-0.0005985812369479777,0.004175943211874257,0.004847453467068755,0.00027193656567413294,0.022039095125989346,6.256032158646896e-06,-0.00016353858217872143,2.1265562135562945e-05,-0.0009406249974274351,-0.004066713007572855,0.03372913274611465,0.004086036863185025,-0.0384130846670076,0.0012873963046748146,0.0013025198435844612,0.0005722642375808572,0.00040342174795679475,-0.007961972999027487,8.358768028332488e-05,0.008147392700401601,-0.00047250262184601204,0.00027738899752522556,0.0006005178101713927,0.0004778405582519154,0.0006619645500293564,-7.791140232797644e-05,0.0003887032564139502,0.0062911401773823265,-0.00023651598908269733,0.00014444103419864948,-0.0001224476675022202,0.2999969053320283,-0.0005400140097939808,0.007399937934068651,-5.319235065730102e-05,0.002141282232693352,-0.0004706588006473736,-0.0003207903387317906,5.20228495589619e-05,0.00018305681802766038,0.018333806168600583,-0.0027805815340929685,-0.0027939606061998276,-0.005254593716329004,-0.0032637566545087524,-0.0022366438556927475,0.0005108913897932093,0.000551793933561355,-0.000530795417768952,0.004238346745863194,0.0038129399267916447,-0.0022430272406753007,-0.0009216426310098419,2.170895098912019e-05,-0.00018235688133454723,0.0005170010332006549,0.004441452567593328,0.000889542041153734,-0.002007006910548103,0.00624006432924968,-0.0006863607961681679,-0.03421486707019383,-0.0011293189031621187,0.0003594230288541198,-1.2086354616604438e-05,0.003638640752226859,0.0001228095053609594,-0.004990761758383373,-0.0042759745528361485,-1.3934804123536156e-05,0.0012710213472385042,-0.0006032596745990122,-0.0016314318762468804,2.8560294542963246e-05,0.008644153999847198,0.01331646109445421,0.0002643593566574562,-0.0004244207695796732,0.02472006702624231,0.0007786925762563197,-0.0034228569719646673,-4.103143462070441e-05,0.00349117848884911,0.0004074153531789536,0.012007162575686861,0.004157991155433926,3.384186788421583e-05,0.0019876201115872757,-0.0006395768815517809,0.011487680934966459,-0.0011149444498001447,0.0003718003985937017,-0.0003941313141107017,0.0001754002447316716,-0.0006183532741070689,-0.11719640533685659,-0.0025564169275509793,-5.4142281252346144e-05,0.0029985634712139672,-0.03325323265969422,-0.0018514414873018591,0.0007983441708573,0.0007500419017021105,0.0003772303873570207,0.0001283259793648031,-0.001040220478774924,-0.016669379065185452,0.000247069391716607,-0.0004401154596776328,0.12099584634080668,0.0055215615730141955,-0.0004766128760359811,0.09404148971949493,-0.00029426457845420275,9.280382954383881e-05,-0.0009729303709622899,0.006201688571271308,-0.005643094114177613,0.00032931231811861924,0.0013173320340974237,0.00030050772266672593,8.195101204831723e-05,-0.0006308535343693775,0.0074762575148066175,0.029789723509412447,0.00044524121893845664,0.008260353688486361,-0.002925239876017684,-2.8104861857316567e-05,-0.0001310341151590927,-0.07808048788123136,-0.00024900730939793857,0.001612583011538991,-0.00015870493733943693,0.001787942594063778,-0.001950914965258536,0.0011449669535418755,-0.00014721148300837783,0.0017174804921287281,0.0006737112429387789,-0.007503160487865139,0.0004221054717428478,0.003739510622181156,-0.0009535595991585037,0.009452859765632394,0.00020792822254227065,0.0030825747604067474,0.0008956205850551712,0.001991588514982944,0.006677533544096822,0.6891505682302378,-0.0007764516085536494,0.00012062809176451505,-0.0014016121761823604,0.0011007899537531138,-0.00030598945157888323,-0.0002341778530140391,0.017070445475335736,0.008630975689722648,0.001065357079395618,-0.0005855120191373651,0.00034934615757011706,0.000804898172757384,0.002649675585331914,-0.00408482114691254,-0.001982039492653888,0.003698938219121936,0.012136461145426672,-0.0003707610784457597,0.0027659153847808112,-0.0004851351128583783,0.0009297497268093841,-0.000589600802694103,-0.001994707143080994,-0.008118112118799401,-0.0004099424039283176,5.436227974695354e-05,-0.00047724868177516366,-0.0062575194759098215,0.001173272085324202,-9.379204506609331e-05,0.0026555876220422632,0.0007233234878662807,-0.002098353283982562,0.0007083910794701961,-0.00045718077233446,0.0006246502239650696,0.006063423844470325,0.00011659881819993216,-0.001496422846383867,-0.0001725705612334802,0.2057449000041347,-0.0003871098539048323,0.00014732265217511434,8.294776935769983e-05,0.0018455853416151414,-1.1100892760493243e-05,-1.6716124630129954e-05,0.06373429798669471,-0.0006798296843293777,0.16782502520575426,0.0003892378140195347,-0.00028250457873871954,0.003529903718019173,0.0031934586188522764,0.001641515730447931,0.0018368770858497932,-0.012783926231923795,0.000130120826036818,0.00012403699452725493,0.001238646966620697
78,-0.0011251696792802931,0.00022499401157448362,-0.0014434092152667867,0.008671011618556039,0.017237066113046123,0.0018197782304202326,0.0006280685656187834,0.011413143077922516,0.00023645353671637726,0.0056223463904128855,-0.0008780370659904196,-0.0032048256900378824,8.12713546025079e-06,0.0013149560659797555,-0.023520717111124672,-0.000947801066595394,0.00010533226833633891,-9.103133367424632e-05,-0.015490671173341991,-0.00037386821859277525,-0.002481509144576191,-0.0025232750291640516,0.0026242788482599283,-0.009836344948899303,-0.00019900429944447184,0.003162703642978798,-0.0002739858621900182,-0.0005858590861892304,0.0012854119335031257,-0.002568160584839954,0.00012211679512288964,-0.005228274443885947,-0.0019054883302001557,-9.934552536256013e-05,0.00015456270776391216,0.11660799682792167,0.0014690525111365617,0.002277181075831692,-0.002618135534395559,0.0006913349596987639,1.0798504417429931e-05,-0.0018630326206262628,0.001000747314147418,0.00011219666483440558,0.011319913949859641,-0.014532536942881664,0.07203718270097666,-0.0007383763057841079,-0.01268440698519098,0.013665432325802314,0.09426181739594905,8.897730253636972e-06,0.003071290654306655,-0.011431937560945363,-0.00294645861789964,0.00075367532696479,3.229433137896115e-05,2.9472439699411868e-05,0.0003523865474237232,-0.001008598884659281,4.530348443158101e-06,-0.00011031455096090201,-0.0005367040809396287,-0.00037920603357728764,-0.001649924060470962,-0.0033149977616482736,-0.0012484882821416476,-0.00019185852284465867,0.0011067548184704584,-0.0015311884712141469,-0.000419943365604079,0.00855954912449442,0.000488304168626543,-0.0008859459125145032,-0.00021486784835289367,-0.0007008118141143081,-0.004030021985613324,-0.0051744194207703625,-0.002662810728492549,-0.00015558855747239714,-0.0002886774609445861,-0.00044372606651230453,-0.0013200867741207777,-0.010396789113023426,0.00042935751208594917,0.04712546724323893,-0.00010600845893166295,-0.0021054338249394955,-0.00952101303973918,0.000825039450934215,-0.016647550045274892,0.0006191173534848948,0.0019938826095241874,0.00423581870066074,-0.0006773771113072684,-0.003487591004425891,0.0001266182530616437,-0.0043052145522405605,-0.011324086676831172,-0.0005333927040055713,-0.017319874899702867,0.033609304372279505,-0.00620475716925834,-0.0024233069122174405,0.0001837251800453979,0.0007380991731285608,-0.053169662758986554,0.0012864365856944072,-0.014136458724913963,0.0010769256236130248,-0.0011823592696584943,-0.01403206612616545,-0.0007149702466773319,0.0006863208151852125,0.0008536153540736821,-0.0005309472531319602,-0.0028449557472515342,-0.0006388838389421001,0.0006434060028679663,-0.00010910795158971978,0.004146700189779459,0.001353503945768047,-0.014110815913347768,7.272209760959911e-06,0.00025593330060420805,-0.002806248180283674,0.0010421494853552643,-0.0003006530902042305,-0.0007890981959817085,0.006611648802462726,-0.0046138501476877015,0.000619097594014021,-0.0024381905020697276,-0.00028053732152072755,-0.0003166466015234017,-0.012505735585060828,-0.00018578420996328768,0.004144125608699249,-0.010316251193957323,-0.03103890833423758,0.001964831330707066,0.000514555101159421,-0.0009372677018964506,-4.302131416304182e-05,8.303217854033727e-05,-0.004700089272552906,0.0009564696771490679,0.007584535388587494,-0.0002842938597038289,0.00035619101780672664,0.0505781936092752,8.840393042691339e-05,-0.00038682355385135075,0.00027752628489095344,-0.00866049567599934,4.396756854451153e-05,0.0014614518554856432,0.020042593621454254,-0.005477107416648333,-0.0012065174005854175,0.0001239040129192388,-0.0008319004034065388,-0.000497011099084301,0.004288701425717169,0.003288877290190371,0.002057837287957473,-0.0011531958225289192,0.023590831473336897,-0.0016806337628188749,-0.03135022463695151,2.572696538158392e-05,-0.01126487206821384,-0.00015271888111509065,0.018402952811562817,-0.0033270906718362338,-0.00013080190093956573,0.00037791565326816107,0.00044417238389406893,-0.01431317419310062,-0.0004076394547328282,-0.000528720039005749,0.017745050850237445,-0.004393072714507968,-0.0003470881586896005,-0.09357479730762422,-0.0030536937219916745,0.0003970179463430312,-0.013353426203070652,0.0025246127476841055,-0.0030650903620791396,0.00023172705787720318,0.002441013311103281,0.001785034962315666,-0.0026229494773913967,0.002173759129408856,0.01081677890281824,0.0004619848822547785,-0.0007246277820477411,0.004193490495395653,0.0029388252438699598,8.344166133542746e-05,0.8052535199125032,-0.0009338428735748386,-0.00026865036030532946,0.00014729780926612808,0.003436678574277062,-0.013352017858563454,-0.0003714019247232767,-0.0012613849789036113,-0.0002811715709611427,0.0025625729580507134,-5.003889773591563e-06,-0.0011890860114265331,-0.00879820213080617,-0.0009319869801658288,0.0012492948745485711,0.010800957958364254,-0.003330317256571386,-0.0004316817299695099,-0.13638679575821674,0.0005209558343944506,-0.004484196865317331,-0.00031971692312058025,0.0004687122021385312,-0.004598169445609397,0.0008637213394331056,-0.00023581003605424198,0.00018262120908570448,-0.001345005810160631,0.0061502460854824526,-8.996400890986888e-05,-0.011996415019366394,-0.00012254637031858945,-0.04799063558570975,-1.0114738602568516e-05,0.0014931342270469267,0.0006189460169778967,-0.30162203416043215,-0.00027286325888429327,0.015057891099021493,-0.001066302114937816,0.0004936363170041026,-0.0005206133657062564,-9.208856689088232e-05,0.0008812702214196421,-0.0007378541011965236,-0.0062982239517740506,0.00035025545729996553,-0.0009418518014847291,-0.001426241256276131,-0.00039070456584871377,-0.014555103460296547,0.0031783072596887,0.0012547141169421683,0.04623880126987043,0.0005983013694188288,0.023400958677723543,-0.0011195127774285881,0.000294911373389152,0.0003144856907076124,-0.0007582218334128438,0.0015993131702227367,-0.002542668278246293,-0.015434658792116519,-0.0005407775184610115,-0.0001853506865091216,-0.004552824606494891,0.009641436174043762,0.011121442866257089,-0.00016336361265005019,0.00014544344322080932,0.00013896608533086013,0.0247026262827695,0.0003838014452994241,0.0009273168983568603,-0.0003587891774702338,-0.009947088838711381,-0.00017332013318557306,0.0006804918965720615,-0.001723130066903434,-0.4244794021468884,2.932357538094378e-06,-0.0009536716408726335,0.00019754487308583629,-0.005591002394807419,-0.00040404160595179075,-0.0012530007742612408,0.0004993651572251837,-0.00047744563666912015,0.0007068524488065657,0.0010820064988837017,-0.0012653744699025428,-0.01076708242331571,-0.003414133538951789,-0.00026775164708149266,0.003907440399344408,0.00994126170228676,-8.06974629900003e-05,-5.064273492208027e-05,-9.205991235916719e-05
79,-1.8438966780840244e-05,9.06704231624189e-05,0.00046265519014668656,0.0037604052695520396,-0.0037788746874873992,-0.0001086263814275624,-2.4416175465153886e-06,-0.0008505368127207824,-6.786953379831406e-06,-0.021666171017939526,0.00044187035688324,-0.004979312097755718,-2.306943841719287e-06,-8.826713298305073e-05,-0.0016513470739593244,0.001952077842938907,6.909015912965211e-05,9.733378534485101e-05,0.8921805108535349,2.8172406946978313e-05,0.0011310164765820617,0.002711233406657688,0.0006969944453928865,-0.00028959006963922597,-5.530227642829195e-05,-0.00045402154341314845,0.00015969168302383497,3.855447992810908e-07,-0.0012880096229151371,0.0051541607465288445,-0.00015889064117696966,-8.356752733979173e-05,-7.455719030146409e-05,6.746658267069074e-06,2.5048471687993956e-05,0.00914051100842347,-8.864073283620238e-05,0.0002433926375142526,0.0002471355398415559,0.00025101983140918965,-0.00011309555733730338,-0.0001599387074637795,0.0001952361580140373,-7.835724085451974e-05,-0.0037642238428562125,0.00044532020217807715,0.016932124117065656,0.0011141885851593328,-0.014522037787638322,-0.0018175844226089206,0.0026085284935863195,-0.002096481722232313,-0.0028506474209373826,-0.0009356790505094317,-0.0003832808841156554,-5.39684990975009e-05,8.938605072589256e-06,-4.36373387732291e-06,-1.8973844695371195e-05,0.00024556688664888193,0.00015609827502197386,-6.48490121214697e-06,-5.241976366801397e-05,0.036874067572026055,6.689677710114417e-05,-0.00010382006304644406,4.7752719867409036e-05,-4.01860673641518e-06,-0.0012963078745088026,0.0042969037827011655,0.0010717004805381927,0.0005319746785542312,0.00032434730719593905,-0.00037078890544932634,0.00014278947843125093,6.995820765013511e-05,0.00030438012601363,0.00037464482890016415,0.0006400993798457398,3.2756367923870294e-05,-6.304998679013563e-07,5.003420568170519e-05,0.0006159196103555659,-0.000730874096198644,-0.0001121709182890303,0.02082344456715328,-0.00013660303296446005,0.0028225041684523666,0.003416410704644086,-0.0002156500182217136,0.001594933659473492,2.116038213370846e-05,-0.0005670892112377562,-0.011291747664421363,-3.548078087968476e-05,-0.0001591628228880355,-0.000511201059695981,-0.0005088424557543932,0.00047484109693635146,-0.0013095606585663087,0.0013697771821263235,0.005603844803215595,0.0008473044532527774,-0.00019774923933769603,-0.00012548088174186428,-0.00025469450744760105,0.003736731538041174,0.012578849938442207,0.0013504767020686738,8.031006013459359e-05,0.0002404109520528358,-0.00037212761268795233,0.00025770719780791613,3.0101373887786442e-05,-0.0004265130793204893,3.923497797712547e-05,-0.0005355354929167371,-0.00012202757603330897,6.121536727354826e-05,2.9631568075870647e-05,-0.009005582426193244,-4.902163847182554e-05,-0.00059399668562371,1.0801243515434766e-05,-8.570181239712926e-05,0.00028355799651181435,0.00023966802467968902,3.0400024567266062e-05,0.0002647459812295805,0.0026416778994362462,-0.0006111251048012169,3.5689310190500445e-05,-0.005980060776656828,-0.0009207052245334413,-0.0013166987099832612,-0.000514601952689089,0.0015330348819335739,0.0004911436964498347,0.00020258883367281488,0.0023743170397221985,0.0004117559134773352,-2.6043740636217186e-05,-0.0004081869656219413,1.8022815208719022e-07,-6.91014573625387e-05,-0.002690947188090223,0.0045326532911078524,0.004743634024850429,-0.001324393828494667,0.001303505363360828,-0.04285119296019177,2.6892377634930853e-06,2.5991139092199946e-05,1.2849028357026036e-05,0.0015542303844649202,8.435342663623818e-06,0.0010806157603724942,-0.004240819493093205,0.0009820433395530907,0.0014338523917716353,-2.322343871975774e-05,-0.002846664086395563,5.820093704127921e-06,-0.0008759005090683098,0.00251996961218956,4.711018036577565e-05,5.448075844431688e-05,-0.0011303959551382456,-0.0008078709005795723,-0.007365629242625205,1.5007151063645141e-06,-0.0004927861629772864,-1.8889466737605177e-05,-0.00021178412656985834,0.0021991012060563614,-4.5829285549109366e-05,0.03550931138703233,0.008023455937890472,-0.0010620321904732267,0.0012514054972163277,-0.0001308543320162059,0.00016295694997032692,0.00022069678489713973,0.0006819552853741997,-0.04957270402644443,0.00021201675860131608,6.839523593135395e-06,0.00041869675900462963,0.0008718163257879497,-0.0006797743486029115,-0.00025335146838798353,-0.0009211205459156054,-7.079200414555897e-05,-0.002012345525841369,3.965567186722807e-06,0.0009447856298372692,-0.00013008041234182505,0.0009432954180361006,-0.005612027661459422,-0.0009179672105361727,0.0005332528816666474,0.004755289810928071,0.0008105144408171185,1.896909431663152e-05,-2.05402893083159e-05,-0.0012080233133110348,-9.192476464006671e-05,-0.0013260130828034317,0.00155517589505463,-0.0002721556655342894,-0.0005325135117804384,0.0003374058359732132,-0.0010271944378291561,-0.00035937923742597813,-0.00015885884997152155,-3.9122331603336637e-05,0.004657381908692885,0.0005099495503827038,8.843194016514011e-05,-0.0054485508908147795,0.0005029972094220438,0.00238380307106197,0.0004822137380645457,-7.429112770983293e-05,-0.004534597557684312,-4.2443274700179785e-05,-2.937383253056626e-06,-0.0001315919121341678,0.00045791635235586416,-0.002491506953860412,0.0002566491902968578,0.009667137839716285,-0.0011594516204389352,0.001772014295273891,-6.12526182684626e-05,0.00015188198956351227,2.8524027295563582e-05,-0.004485872092936202,0.0036972007588701593,-0.0397773509839903,0.00039248961996924195,8.804082567560705e-07,0.0005427565336755917,-2.8411488879178726e-05,-0.0001069092241344511,0.00028236622320224254,0.4318543785170427,0.0001624794150359792,-0.00021504674335326348,0.000583811071593103,-0.00020093170796493028,0.0007573844519247093,0.07556378256432407,-0.003937957718747054,7.441353656206795e-05,0.0025207560332145993,-0.0010034548117200254,-0.0005202608836761989,-6.01095167338684e-05,0.0005538288069652231,0.0002746058384857364,-0.00014514402516111607,-0.002273701206940374,0.0007858202907977188,-0.0003927747135583143,-0.00036234298374666733,-0.0011027951234604994,0.0018530399548488605,-0.0020102457869613484,-0.00028125750474299635,-0.00029797987272559305,-0.00011562437920022579,-0.0024843913048740434,-8.464995360910022e-05,-0.000628715714905104,-1.3407534749654282e-05,0.000972345227551852,-0.003882199781759573,-0.0004977258409599127,0.0003374150524222824,-0.012754354485533742,0.00015834547664100862,-0.0002555555601790613,-0.0005282053221136607,-4.886976720599361e-05,-5.259512920168766e-06,0.0003271277310483876,-0.0028131439797017127,8.816639301092999e-05,0.01895805791999979,0.001189067473928683,-0.0009297820991676503,0.0009227055170488024,0.0005451716229395789,-1.2077241268969308e-05,-0.0008406122148628048,-0.007586071315577671,-1.0558281672255754e-06,-2.0637203735927867e-05,-0.00015105816502929072
80,0.00014591406213368394,-0.0005205573427202199,-0.002046252123934614,-0.041388086832807994,0.019736656858381142,-0.0023217102698985595,-0.0007828314431784257,-0.025320552328115684,-0.0002674689202559616,0.151239626571783,5.349411820436238e-05,0.06071119934610439,0.00014963058195317097,-0.0002567940341807219,6.931456240453875e-05,2.3694916768901564e-05,-0.00041310728969526367,-0.002034415240381615,0.007974504991765833,-0.00032948233202608444,0.0004739586789780578,-0.0026707441742165224,-0.0009288692144436006,-0.000994787031261636,2.558654148994855e-05,-0.0016788602182863065,-3.6360851786293447e-06,-0.000254902587181062,0.0005202559225104385,-0.086144113208538,0.0028982598167039963,0.001731517836296017,0.002984542868003221,-0.00011432173421329229,-1.5037510601119408e-05,-0.013701246661866647,-0.00021581012679228878,-0.00029283112971315484,-0.0019525322321487376,0.00037662358370510354,-0.0010753455523468524,0.000992867924549726,7.71395333574172e-05,-7.873948057091247e-05,0.029992496451278668,-0.0037277221607909016,0.0631246128042094,-0.0018007605887093662,0.014874434792450026,0.004184365030226975,-0.010265377047779063,-0.004454746243048826,0.1389204368206848,-0.016721284021914282,0.0005236178959119007,-0.0017298655176144918,-4.284660335253723e-06,-0.00029209510029745765,-0.0008370963773761359,-0.0011830790001067966,0.007419790782286061,0.0004874333395850015,-0.004049732711985916,0.0013429115420054542,-0.0018527805556942233,-0.001245056863311451,-0.003956970814343392,-1.8426920268325075e-05,0.005368721880329192,-0.02752744065842056,0.0006250179519817333,0.004896974436638865,-0.014677145437561337,0.000879071567665266,0.0002915824663394439,0.0002983846274859781,0.003340658529342189,-0.0019901405642884853,-0.000760407217291547,-0.00022285176829135635,0.0001720164925732069,-0.0003509140340067871,-0.00031141770213139776,-0.006197415565296479,0.0027231942334253034,0.5324528712001568,-0.001274181357707009,-0.07045246387236136,0.00017015499359963578,0.0005186344460465474,-0.0004029059162355875,-0.00827116871764556,-0.000330008729795361,-0.09189791412115794,-0.00012894277550213815,0.000522711227632536,0.0006883486855603963,-0.0029812110094277876,0.00026719209869130456,0.004800506610193532,-0.0050565491691107545,0.05455378472161049,0.003675750455056836,-0.005587905290210448,-0.0002506389666245869,-0.0002893824808113798,0.006997286779458487,-0.0002539663891870189,0.005160348066830914,-0.0004644350313473221,-0.00013217294755855577,0.0033897949973987077,-0.0007705989465962761,-0.0017679842651774982,-0.00023604566816984654,0.0011369122937219972,-0.00023689862464240153,0.001515489400242741,-0.0003240846571923416,8.033713844951768e-05,0.06434661434358438,-0.010745520367478605,-0.007498056769806102,0.00013838565273741494,-0.0019072822391084418,-0.0019065325363432275,0.00044843248141314385,-0.00014488974398326973,0.00045644468961940354,-0.07798278474595863,-0.0010377742619533407,0.007443745819774613,0.11756215637461286,0.04268985141636095,0.008094356285599232,-0.0037729780357914204,0.002063458463921943,-0.001890607540479445,-0.0014660361453610379,0.0023604842294116853,0.004816910819891596,0.0007380650540387088,0.001081356717936312,0.0002212245511972685,-0.00031107502742085374,-0.0028372318903958004,-0.00034791859814327396,0.002803424412825389,-0.015225173444248678,-0.0022500188705951558,0.01444292910162643,5.34614640729349e-05,-0.00020271042900367898,2.0381491923956356e-05,-0.002564673984499634,-0.0001738018561545439,0.008829871782945333,0.0037116788080141213,-0.0013464949076038488,-0.002198185950913618,0.0006726529558187763,0.0027134693322949212,0.00029773992535726254,-0.032068059927598556,-0.08936949604211168,-0.0003160025623114869,-5.627319003219302e-05,-0.019439304007775434,-0.0071935758226170975,-0.02910913523719021,2.367084259947451e-05,-0.011206307897432845,-0.0008032699329626542,-0.17631425975935278,-0.038883154967727235,-0.00013335196328001216,0.001345927046773145,0.00020528437407968088,-0.010299891978221485,-0.0006805959176269238,-0.0007988999508509419,0.020601377514673377,-0.0007585590718530147,0.001118788590652854,-0.22020548561017297,-0.00034192719874395067,-7.049641563111868e-05,0.0029062355034910597,0.0005259044129189185,-0.0002465155936628749,-0.00014706978049411085,4.045808850909442e-05,-0.0008543787827428977,0.0009925004091044711,0.0006358144396329951,-0.00023793019422566064,-0.0003031910863202632,0.00038621224158301545,0.043040809099790994,-0.010501137203647041,-8.248690932708205e-05,-0.04373682317338769,-0.0009497470458306938,-0.0011065295009353975,0.0003168871107813247,3.035084026723671e-05,0.001700151303458455,-0.0005484176923228399,-0.004650253014150062,0.0007675561761457193,-0.0017011128666923512,-0.0015401938069141557,-0.005126649728629824,-0.06686222955222033,-0.001779138168138579,-0.0012270712285221642,0.0101026200532263,0.002915164981608369,0.00010982674644539545,0.15494323701070495,-0.00019529997204746955,-0.00805274549445176,-0.0023619068859609986,0.0003402033884440138,-0.0118927625538106,-0.0009649264209274489,-5.458524860926144e-05,-0.007426932164443494,-0.000553332396120236,0.0903907633874297,-0.00028387826298341694,-0.11199473811005221,0.03877060104114121,0.0005933124695747774,0.000865696837475791,-0.0009604077013634948,-0.00013694848432959007,-0.008473741879821965,-0.011362118499422978,0.30076408609735295,0.0008239802166832367,-0.00026274396164228855,8.84637754898492e-05,3.926802871285031e-05,3.685008489511671e-05,0.0006244111260476458,0.004527642287568034,-0.01464630548958183,0.0008972769802617049,0.0004815232226482672,-0.0003145870813781905,0.016127654026966413,0.0017888756298488182,0.07054736249536535,0.055001090527994,-0.0088143938744575,-0.027328263020071762,0.0024850492189472037,-0.005978839698570682,0.0014609766410904924,0.000902324170591837,0.001514547498602043,-0.0007341357997650688,0.010568869936131712,0.000642133767909793,-0.0006937445580615574,0.0015738839045172626,0.03264165411140013,0.0033976692230847593,0.00564796699990087,0.00040874800440802165,0.0012362597657184266,-0.030002901487981345,-0.0007631158804433667,-0.0010682439385076067,-0.00013187868658439978,-0.009836492044471373,-0.002585352818628809,0.003274573550870327,0.000486830520057901,0.006456771512615552,0.000140865571340118,5.080621365990718e-05,0.0106865061377431,-0.004081794686055096,-0.00031695917489516103,-0.0007053312480268384,0.020680597902071173,-0.0010916443791222155,-0.5999103775409577,0.0011598970138039441,-0.00033860900497392613,0.00010539985715120499,0.005590939292827428,-0.001699191578208681,-0.003324225458974369,0.009436704448043107,0.00015413163976241932,6.576294061000267e-06,-0.0025311242628032076
81,6.00572715587816e-05,8.407377169737575e-05,0.0001109483649204884,0.008786880934795266,0.06357401958280715,0.0005651890366279227,5.3532836382329946e-05,0.00801586574377548,0.0002467937759487466,-0.03615501024032116,-0.0007720805110330523,0.23131646333903594,-2.6178576159345893e-05,0.00021051647437150128,-0.0018795593481125555,0.0006095126560940951,0.00014103407358174395,-0.0006787227202620962,0.01064026173293598,0.0001479193908130367,6.627992815294126e-05,8.515512616513211e-05,0.0017067855556037242,0.0020057551764548417,6.743634527525385e-05,0.0006395221802645281,5.568694336385328e-06,9.200774937057933e-05,0.0003177341222744771,0.025011965877231514,-0.0004063107420788012,0.0036083156330200036,-0.0007842612027714208,0.00034024008164401567,0.0003313090709772819,0.005379101156740883,0.0010100966798562705,-0.00095300843116961,0.0004435497565103584,-0.0004093206950129486,0.00048495483461787666,0.00019595374580682625,-0.0006747810859069954,0.00022346387445805818,-0.007854176361480857,0.002119388682525092,-0.020683983283349444,0.0004348450499225068,0.0037734518324691675,0.0040531575253708665,-0.0054459269288112885,0.0037840388559440908,0.48750876387834263,0.005697258154224552,-0.002000130647791313,0.0007092022704753669,9.853582260042903e-06,0.0006584682737883649,0.00025742002099745406,0.00010823139683324018,0.030236739063085,-0.00016790031666622809,0.0015526792536801344,0.00020922613527962102,0.0002657624237159817,0.000633057415480881,0.0014998624229187216,-0.00017715742500086488,-0.0011707490567683565,0.006338507127464425,0.00024274565086286127,-0.000490912230294278,0.004050549726772375,0.00484578840751931,0.00012132769500732173,-0.0002924812012298928,-0.0002912900117510086,-0.00011627935072962281,-0.00019228074495857114,0.0001031208660953048,-0.00012853302846620266,0.0014014327529899354,-5.9613857647128256e-05,0.001322068610975884,0.010229104089826527,-0.1608563675804492,0.00018781996201796495,-0.2481409951471935,-0.00937876574905364,-0.0003110762379867271,-0.0028600766737953013,0.00397584040094367,-7.601459695633778e-05,0.03146195317867191,0.00011530742942877101,0.006431485038611138,0.0007832872249425847,0.0022953392637092116,0.00011579615941392785,-0.0008196663648544388,0.001592394118883894,-0.013540710452261061,0.00018545213661695214,0.0019369085534435594,0.0001362726647972986,0.0006093135892358019,0.02356568613307666,9.380269050304166e-05,0.002401596598084173,0.0010016345180298633,-0.00038173599026334465,0.008606030476510533,4.641797365131407e-05,0.0005607303997514218,-4.0288582080150875e-05,-0.0005009803232020535,0.000946931373038633,0.003315383998558559,-0.0003556221859445114,-0.0001207438865694307,-0.014104078146427343,0.002603356969968081,0.0009800917712791857,9.002597893946582e-05,0.0005641536490763642,0.0023083204290867375,0.0010013331723823806,-0.0001742953356311987,-0.0003361649956028362,0.021410155687742728,-8.102200980767663e-05,0.02303382234574916,0.3954810577497186,0.15161766218660366,0.004438223367585391,0.003735225744306423,0.0006547277660554733,0.0005883269292489431,0.002808961716531555,0.0030276906071620147,-0.0023627361964778998,0.00010730457278462584,0.00255516626565736,8.466728870119184e-05,-0.00010411771384984808,0.001867229259587514,0.0006208338313060179,0.002892600597000951,0.0041306095578174445,0.0009069424519596921,0.004638300723115093,7.024135510460182e-05,8.039480271049195e-05,-9.301103898217528e-06,0.004436328494952622,0.00017121862245828161,-0.002086237610972731,-0.006868228855488741,0.001975769852956118,0.00044781252852892865,0.001808237607226532,0.0012636209919207554,0.0004398506117126175,-0.09413764604534292,0.023982688881339035,0.0002521214062512602,-6.738514850760519e-05,0.003901254878958169,0.002624008244581049,0.008521735738547106,-7.925928526129888e-06,0.004964798447794113,-1.1759089398237586e-05,0.050944676334951144,-0.1351684474034129,0.00011363849893683022,2.0694493819071926e-05,0.0016495759328682713,0.003637167429089176,0.0007981375509247489,0.00022867932080695638,-0.005805935584747237,0.0024419119037222105,-0.00023604479531964318,0.05885938345818403,0.0007699809919886336,7.1104166280192525e-06,-0.00040904941149161095,-0.0004873929352467096,9.467643282322705e-05,-8.756807956160871e-05,-0.0002859451732254016,-0.0001299045702766767,-5.6001687039962215e-05,-0.00043165236836111356,-0.0038080906961045456,0.00020433202368636385,0.00026977325368485265,-0.01128822474927124,0.0022681946046431765,0.0008330150180788573,0.008117033125655707,-0.0006831479203119406,0.00038451984666580674,0.00016332862133706168,-0.0006441659241264086,-3.8074625034304616e-05,-0.0011846634420627153,0.0021920065508345917,7.309138554351295e-05,0.0005348867088431514,0.00013112119188749861,0.0009484916178604409,0.0202209890130499,0.00016078357605117666,0.0006483357200104557,-0.0023149750273494516,0.010982624611090154,-3.250502434666569e-05,-0.042061331804294874,-0.00014484627316794368,0.0020592785982595212,-0.007476958863840708,-9.88320962403734e-05,0.005600221003125341,0.00048583230031691517,2.5506145512033855e-05,0.002977368268700949,0.0008594064927886444,0.32362610334222724,0.00010924886368549194,-0.42024998117360896,0.13856948737664912,0.009234273894820665,-0.0004666163389140648,0.000330368120574956,7.229673746417779e-05,-0.007362381547097884,0.003524858857115731,-0.07611729816994428,0.0002494118309387533,8.696352991879788e-05,0.00044753359014198754,-1.7362651991530807e-05,-0.0003758988818326186,0.0019692289227482545,0.00527390482635826,0.004433828594771041,0.008114709761188697,-0.001062680325110624,-1.6594116104893045e-05,-0.00451189590506057,0.0004571643458659947,0.23715074794970645,-0.025524269102554047,0.0010324083987574134,0.007724375783292131,0.007861062096326006,0.0023037802256291903,-0.00047640114133057354,-0.00011555688395160912,-0.0006806076059732765,0.0010519794226619607,0.0007484300545424127,0.0010292039839796749,0.00025299306233339536,0.012373879898130716,-0.009221249585402276,0.001110566114255999,0.019492824208047002,-3.576684381748908e-05,0.0042364566633823954,0.007858432358660874,0.00025116186103112375,0.00016796248654157798,0.00017374467004121347,0.0053244991036228255,0.00034570073488511934,-0.0020847661157622406,0.0007901135945286002,0.010311958862667078,0.00037287758724069496,-0.0005734507488633846,0.03643142631095511,0.0015029828764479484,4.30617370431657e-05,-7.057987319740965e-05,-0.00530857622211919,0.0002359328113941718,0.1677718953083491,0.004148672929309984,-0.0004655229942532809,0.001149478742223549,0.0008322037478586449,0.001245727461082906,0.0007626527489817889,-0.0010964689996040427,0.00012693522934117268,0.00013122966628085694,0.0008553493982924737
82,0.0003624298531063847,0.00032644273466993917,-0.0010059292035870821,0.10761090960728754,0.0019864934619142627,0.0004563758721790878,-0.00017329823247527743,0.017793835126326943,-0.00017048377760076408,0.08104193688790534,-6.439701220689945e-05,0.0028907816248116766,5.0579752060367356e-05,-0.000970406475294297,0.0020720080004237307,0.0019994711911674825,-0.0005480280304758361,-0.004560197226490564,0.05311365220171179,-0.00014161234308089632,-0.0006028115686150153,-0.0004344981782937879,-0.003055026321190507,-0.0028755599247191135,0.0011335410121847342,-0.0007113261994599225,0.00029793958049631475,-0.00020625990616426199,0.0008500350205533566,-0.067957207336547,0.0008919965359330193,0.0017801568380014093,-0.0011584686605117037,0.0005529712377949484,-0.00024903975680772364,0.04972655547782264,0.0004317560228229156,0.0003203361651974839,0.00018929894767582677,0.0006764186755484835,0.00031239962461598273,-0.0010086240041082706,-2.6790232381418422e-05,0.001044424189747499,0.008481984698917033,-0.006788623362177176,-0.1735101364404981,0.0019041189239603178,0.0049798527052565406,0.012195009428369746,0.04820724198205083,0.0027568352026307273,-0.0035077304872782496,0.0008352587194004422,-0.0018671558087567965,0.0005587576360117944,-1.9051412287814096e-05,0.0007274463385380986,-0.0007371011932720552,-0.000777010840010273,-0.000873928062055979,-0.00023689315359034136,0.0022935064252110546,0.002506567590867806,3.4888395190856014e-05,0.0002447671524074237,0.0042476058297779735,-0.0001581790745558836,0.0041052223714183374,-0.015118688115200746,0.00031573257983102975,-0.0051310403894617,-0.005755291005931755,0.0005233793032604313,0.0021474743410096523,9.281227926183355e-05,0.00010480901112318135,-0.0023272954477515304,7.213094702649992e-06,-0.00015942115078637837,-6.344846005379749e-05,-0.0009350556668198725,-0.001763735640253358,0.007473645512746645,0.00022666544766717598,-0.20535119953112577,0.002724532611331723,0.0005442480363003818,0.0009367382177557012,0.000284357912919371,0.005622606855724292,-0.012556686801315064,-0.0006201675853788162,0.08921568776364602,0.0008766339896829341,0.001561745798206543,0.0007642109902491516,0.01223303469200739,-0.0008426834521120692,0.0031457909372641,-0.0016971884672182455,-0.02799745331020487,0.00316123770637655,-0.0006781437037427732,0.000622242334144334,0.0009604583922044601,0.03573672169562971,0.003321409974790237,0.0033528139765138304,0.0016855177699198903,-0.00016155339762368836,-0.004938477546598131,0.0008234431199578359,-0.0014243174267984365,-0.0004859940859696654,-0.0003974894358218712,0.004841165339520857,0.0011024306988293435,-0.00019062125783451478,8.186800247235167e-05,0.0245196596791492,-0.0005578067195196874,0.029975206704785606,-7.431719267939876e-05,0.0012579685256778736,0.008894305915367847,-0.00041417094067123204,0.0001157706031057677,-0.0001803343624701987,-0.016697757572664645,0.009476108022603853,4.6921542657429524e-05,-0.0004601730040298909,-0.0011969916381672635,-0.0042902961224269434,-0.004946685284295583,-4.7106931220907994e-05,0.002936686522503046,-0.003818532901224919,0.011010029193038076,-0.0009345921028651449,0.0015168939026475045,-0.0004082309771048464,0.0004109906385941373,0.0003431682234839423,0.004898283005817076,0.0001366910451304665,-0.0006761316050187061,0.0009702744304706203,0.0051450943948189885,-0.021685791818219703,0.0006044917135536998,-0.0006816656438998669,1.3010755832022227e-05,-0.0018213729801460016,-5.220908236770967e-05,0.002920912563661296,-0.0022416755759391517,0.003586853099139847,0.0012913203289354196,0.0012772946132014874,-0.0017206746017024918,-0.00025013609658451695,0.0003847600479607305,0.040292501577515204,0.0011237589721943223,-0.0003935442563228425,0.00519701166551172,0.006196759544208281,0.08269782873330257,-6.18433950971848e-05,0.017018481523708016,0.0005905330845633273,0.05454435433290763,9.994358006042842e-05,0.00035331325590053054,0.002716177738633976,-0.0002825619507294116,0.008395099445286337,-0.0012681219392206213,-0.0003637647548347389,-0.0012135145053746473,0.004151042488387763,-0.00020022815953396047,0.7645603394783029,0.0008770666777402694,0.0004957219238595923,0.0055358115878184275,-0.0009391911424045897,-0.002012221310332398,0.0015435473155347114,0.0002022741187302883,-0.0003261718576106354,0.00015961047767145927,-0.00011834312077065512,0.011639791545754178,-0.000314208247854244,0.002231353926148485,0.016728648929013927,-0.005219356546315361,0.0010332510433155493,-0.0484004520293643,0.000700568943539217,0.00021852762588886118,0.002288436150715522,-0.007970112637057762,-0.0010730119047730347,0.0014209598811712274,0.004541302664597469,5.8000512479205936e-05,-0.00044624763604758253,0.0012322118611185926,-0.002152607574015679,-0.008860265269540136,2.0111333645812107e-05,-0.0033480501626178515,-0.005883777698757683,0.0005559561904503474,-0.00017837705122627882,0.029724388137360568,-0.0007402671320268699,0.006779876471729087,0.0007071455545125698,0.000915086024893349,0.021207093283623243,-0.00018365869724235677,0.00017691988427310547,0.003438059880359818,0.00025779411843451956,-0.002505008191374728,0.0006241543475630435,-0.0019910936583826737,0.0003555396458624375,0.009025296366059499,0.0005729871004411715,-0.0006387787538373391,-0.001126798987758363,-0.025496623456873847,0.0005103222415968394,0.16115673945726813,0.00031004184203696646,-0.00011846295449490234,-0.00046089073771238373,-1.4346361507053135e-05,0.00023718643475860793,5.068496069943047e-05,0.024634643764767893,-0.00633070513631027,0.0003130683397643218,-0.0007556985867762482,0.00010060888264576406,0.00035789060624367985,0.0038325776685096836,-0.0009879465256170984,-0.023109468474004247,-0.005866699298742833,0.050954689480408086,0.0002467643836321855,0.0019483013579719632,-0.0011621820377519347,-0.00016633707794208976,-0.0004105863825986551,-0.00228536450495639,-0.0008254891744933538,0.00040180226374223317,0.0005616441719869219,0.00012113467694340472,0.0136989861121706,-0.002061574802291272,-0.00012784568627718896,0.0035215516328101918,0.00038893491150405974,-0.010611030303403926,0.0006005177714757438,-0.00018283869207866873,-0.00042889102368608894,0.003655268572299857,-0.000539403942395062,0.0009017741848846099,0.0007012364024516166,-0.28738387768046686,0.00036055532110772573,-0.0002389263353900547,0.00028771067258801794,0.0027907455199417054,0.00021159753317608602,-0.0011931160396664391,0.0075020827785541675,0.0008437152716648626,-0.40966249405988914,0.0012522498048625043,-0.0008174738314416993,-0.004090823191208782,0.0008957037830104406,-0.0006248850625890924,0.0006223740929479239,0.027669888760929594,8.078006763649487e-05,0.00023403436451730538,0.00044280076038414424
83,0.00031683115651290675,-0.0022437314647157543,-0.0018058336919521203,0.10695733637350296,0.0028113957386170264,0.0013168935512000365,0.001986231091797082,0.0037514512152268947,-1.2261260572594274e-05,-0.005655502872594444,0.00015573596879586357,0.001114681997211417,0.00016187400356195564,0.0031518541006613846,-0.026480560403957357,0.004716301471834402,-0.00035063703453950754,-0.010226010331358074,-0.00725325553906906,6.876675335751314e-05,0.006362007997884606,-0.00011934599148526182,-0.012348170727386549,0.0070032975013801305,0.0001250330271183181,0.008975131604627496,0.0006109249720702946,4.42744509957238e-05,6.259765734886735e-06,-0.0011134822572953888,0.008457051596914341,0.008402105241291265,-0.0007378552162414787,0.0023345835678714177,0.0004392086228624595,0.11139054682287565,0.0013237391813935052,0.0005297037004872538,-0.005337748452501822,0.0009213087409713916,0.0013779900421464339,-0.026098573940396733,0.008557023392094132,0.0007976104967695936,-0.010880134012039308,0.0043668289359821335,0.008159259939087343,0.0027082602933894877,0.03573232887315213,0.03477446134926552,-0.05817845104783165,0.001299949751850586,-0.005307349843518765,0.030944966409954946,-0.005117757558357505,0.0013495489859811395,0.0001226899101368674,0.0009590676081927674,0.0012916206285009692,-0.002791781138675186,0.0005392056045156412,0.004549521755737587,0.008127828056690121,-0.0003362894883355297,-0.0014666172296804794,0.0059961624739931765,0.005398454896224956,-2.9246557868865927e-05,0.0007554152287829225,-0.002778457360864117,0.005169413716346966,-0.024910873590954886,0.002772802837324581,0.002700987600675146,0.00318873263785027,0.0007615167238211387,-0.0037389313529196397,-0.0019840825638303174,-0.003537841050010067,0.0004714372323554863,0.0016073273770723252,0.001045755173110818,0.0009640049737669526,0.009520701314520683,-0.0008215586549896326,-0.04269147009804517,0.003233798551140518,0.00268640552166677,-0.0019964119859624692,0.0006287955774063464,-0.051141507536916875,-0.014223535804642341,0.0009763030968501264,0.06701635856314851,0.00042196767287611505,0.007383681464786731,0.0009402287231268824,0.0342475288875132,0.003027515378507434,-0.0003539599931475998,-0.011642293573320864,0.005595566769368267,0.03842127145945224,-0.022324375663584178,-0.00039431480649355574,0.001618294478572202,0.47163524247992167,0.0007563734011907203,0.04083623514568936,0.002156560411015358,-0.001592273202633835,0.025744116965527183,0.0015479335162001296,-0.004102222453221092,0.0008080106203061065,0.0049711142810944225,0.0041524979820297785,0.0016873318655880342,0.0009299730627278392,0.0004653846449169498,-0.004321284527468883,0.003779161548763628,0.033052154669283865,-5.279962653917717e-05,0.0016826351529667222,0.022131096161193166,0.004817557097694373,0.0015689733305517162,-5.9856032391635006e-06,0.0017203342406091242,0.0023229779723298255,0.0010149757413140227,-0.008710688178460827,0.0001435576885703161,0.013199732523485611,0.025786235006333823,-0.0013648945139830768,0.016367652399472663,0.006999578178558773,-0.03069151956531952,-0.009355285559924367,0.002731865445950752,0.0010876255027393645,0.0010518465319137543,0.0047628222806726005,0.01585197546253581,0.0014867085350533961,0.0026046803269570455,0.012401162572271446,0.0009920796111864394,-0.013220848473939817,0.0013548030169487847,0.0002868598561532401,0.0008397241199331698,0.020523715123779186,-2.8714834760586443e-05,0.025900933062870918,0.00603622078084538,0.01042702591393256,-0.002007708491245132,0.0028300580356924896,-0.003096784308588205,0.0020320593162160205,-0.00047816614444212355,0.01430523016073744,0.00440024142501742,0.0001236738321527338,0.15121227456777922,0.01933462433653252,-0.006247242657529416,-1.1292745084986316e-05,0.021931634782914093,0.002341081255984808,-0.02963297469492994,0.00037740048802326325,-1.2919376387284258e-05,-9.352302788840535e-05,0.004779757268745001,0.026613030493438307,0.003315579999986198,9.737054584819937e-05,0.09225265879060844,0.007775733522932724,0.004589852237210189,-0.07942200691321985,-0.018968082500770523,0.00026168544081458037,0.03060081499363553,0.0018404368182842468,-0.017916724170962683,0.0017543144982576561,0.00588643653275082,-0.0011734461012854647,0.003755843399348105,0.0017017327922086677,-0.012778333573283592,-0.00016967069124781704,0.001692459075947937,0.005603207507988425,0.012532162275650068,0.0015183747043795636,-0.11879136033248405,0.0021022983700590787,0.0013613543181322275,4.09338999262756e-05,-0.004823390803700698,-0.0027416731108936025,-0.01809881882867253,0.003196222404225526,-0.0005976721631570494,0.007859112817210379,0.0014872643028698068,0.008644978286664492,-0.0006006113523750849,-0.0056775115006521566,0.00014232057951162958,-0.07682935522478111,0.006855895568125662,0.0009175924304547674,-0.06940603322626995,0.0020550744858339413,0.0191230374431185,-0.0013121101320313754,0.0015827344310162424,0.020112270860256874,0.000292418819668242,0.00026979175730328445,-0.000423924234460436,0.0027026197070347956,-0.003629621476592758,-0.00028582338407577275,0.0008414930097338366,-0.0016880927893027,0.20749263970554988,1.5846943010513342e-07,0.007661288037334188,0.0047843841000275176,-0.06902303464918219,0.00203593254073173,-0.008947685294151875,0.00781870256841069,0.0001356183466768566,0.008251929009627358,0.002136479449555285,3.170061075125942e-05,0.003649010838286724,-0.0037746649329968756,0.00266343174794841,0.0024790793713059447,0.00038978420911516595,-0.0001598596553167922,0.007312640222637589,0.003307656750691561,-0.0027456771320750403,0.7492811659887628,0.017438659581239833,0.03273638844295444,0.0003359722946698873,0.003605644525355993,0.004256995556167256,0.0007374336048078817,0.02088031863119307,-0.011927231744094087,0.09650549645940451,-8.034359440323342e-05,0.0025324062686393842,0.0021392157128548696,-0.013811233272517567,-0.014760308002089256,-0.0007720167455664107,-0.0002359212593448443,0.0025792403524530346,-0.030845326658070348,0.0021046492169177673,0.0005351132146690861,-0.00015426606368387904,0.012466167614637714,0.000644977453691502,0.0022858220585561893,0.0027506658420139336,-0.11986287551364672,0.000344822053518809,0.0017552845338023623,0.00014489140252571227,0.004287690928827205,-0.00046285701733000484,0.0006690823931891636,0.0027275856169446206,0.000909825602717405,0.031977261325779924,-0.0006673872015608572,-0.0010392234823862687,0.011536660523855635,0.1000301479236737,0.0012961628674828557,-0.004618523997952706,0.07623458646244613,0.00012233660379528787,0.0010374394868967025,0.002350162957410616
84,-0.0002854811753596452,0.000554753211787707,0.0003928321505594166,-0.05038461059817671,0.09528138407730506,-0.00031126536931717214,-0.000433467971897597,-0.0032891640125359417,0.00021862771936659656,-0.002886195953068554,-0.0013176160579964208,0.7133216512529064,3.40992783689556e-05,-0.0005455289939486491,-0.006940998289978906,0.0037530419369978816,0.0001808875336643638,-0.0030474087551740636,-0.00020852923476440827,0.00013077680419418605,0.006334846223770007,-0.0006443274066793951,-0.003943451925650043,0.0035211037197821343,-0.00028635472118229005,-0.0022196035806711393,-4.494433457769703e-05,0.0002318207066678707,-0.0005177703593125527,0.015659087832013252,0.0007415904806208733,0.015253217261658986,-0.00046524902686531644,0.0004554072083473547,-0.00040032464261404235,-0.02257503061150789,-0.0031002294493015503,0.00014871007294443763,0.0012944974468993694,0.00012700401657404336,0.0012569430862482203,0.010457608091546514,-0.0005157130703087581,-0.00023843092053092534,-0.0017617635124710096,0.0024481608125254285,0.010053415043784597,0.000845861677077701,0.0028286673241192106,0.03788694594866829,-0.021618670219237746,0.007266127015854177,-0.21914763127202586,0.005039887497476352,0.00040894744378447423,4.1874878354629386e-05,1.2693870382884942e-05,-0.00023595973412168965,0.0002312960162761204,-0.0018806793154495932,-0.007912462620647289,0.0012499308578991066,-0.0022789901319015026,0.0005934007272271049,-0.0024888232708325103,0.0011804477619640798,0.003446122593941968,-0.00010549381082196633,-0.00034923235312443496,0.002732628294525405,0.0016360511321436714,0.00762139448679286,-0.0011410726464531915,0.006248861227395961,-0.0001740224076886166,-1.5157955270636916e-05,0.0021826358521274125,-0.0007780561999675695,0.000656240221477089,0.00040507596036529897,0.0016169609306173778,0.0013640291856656175,-9.40460487668833e-05,0.0006733107339998452,-0.001957575241273402,-0.0037140236906567092,-0.00011641518654518894,0.11449192468426478,0.004001182912776978,0.00011203070232567239,0.007084548163840387,-0.006125215364288646,-0.003513027673062427,-0.0022228605766646814,-0.00018341445647332161,0.01986440552711725,0.003309941696114493,0.027571610191774454,0.0018753111506769615,8.584445218509824e-05,-0.0004208868239607491,-0.0006714784374664585,0.027243241152183847,-0.002908816003053427,-0.0005624675557594633,0.0011195779384590844,0.3617617701758164,-0.0004285417468282088,0.02465015130613288,0.0006572006333504577,0.0004222926871186236,0.05948831100925088,0.00018049715763958363,-0.0008197178205799627,3.892524524218288e-05,-0.0016342739600554712,0.002055715483845799,0.009056926906758097,4.21560202253507e-05,8.374533966074797e-05,-0.0008832325527868331,-0.0022090638768647265,-0.02942022878020803,0.00026399508714788304,-0.0007251012574406648,0.013318157590573096,0.0002655094154438895,0.0005037163988509509,-0.0005218669863753383,-0.003077812390211959,-0.0018807375511204778,-0.031029304678117067,-0.07011960591448854,-0.08095360944117272,0.012883037425487003,0.003969799100798354,-0.001653313810397336,0.0061237135266600864,0.015598786301917689,-0.0033057930289873867,-0.0052409516615981,0.0003600583375525518,0.0016396966446675222,0.0011439836487139535,-0.0003822402414961953,0.0003348300638069065,0.0003289957310451878,0.00015899460239802987,-0.0054386971970365,0.0005313127758819897,-0.0030044937690551204,0.0007754623754488363,0.00020223751271887004,-0.0001382074715666243,0.019468588357668803,6.642133543432788e-05,-8.070784221597682e-05,-0.016814337468246465,0.0074938561500201666,0.0005387311866750719,0.0013784344449462999,2.510777379979238e-06,0.0016919372618147762,-0.16201125867979885,-0.02090017197409515,0.0004826306879659719,3.528820915216918e-06,-0.04941898583733634,0.002965815945261081,0.011836628981740899,4.3093748713980695e-05,0.005859308628941715,-0.00035641237131484645,0.04913371159886219,0.02316308120470452,3.194353430846405e-05,0.00012576714625466088,0.0007032925231169568,-0.009374825273872778,0.0007156562705681028,0.0003469000611767692,0.020120990572302228,0.004563151544953222,0.0029576990500195703,-0.03974944364918184,0.005848387200746388,0.00012487604995285728,0.021742617930463264,-0.0021407738399773293,0.0013204192639859405,0.0008881787276632871,0.0019229947346746656,-0.0010607115715963872,-0.000894217398952464,-0.0006309212049017132,-0.014430912319732987,6.079673869945415e-05,-0.000244606040040141,-0.0013683029445421113,-0.0033866195237093363,0.00018948248255134387,0.060098677323654204,0.00023850572826006984,-0.00048662639377950595,4.811312025995913e-05,0.0029264143713367795,0.0016931456340345263,-0.006980445260112655,0.0007773128938394901,0.002977682553552799,0.00015570380286050994,-0.0007573497118887832,-0.0029791609906408625,0.015683510458848148,-0.0026978152997078064,2.5635920771925863e-05,-0.040105162210769,0.037059048918949435,-0.0002608880073694808,0.025030976143716042,0.0006794662068453187,-0.002600216856741838,-0.0012156129924840633,-0.0009418568869355506,0.006645239710686483,0.0016282504339090774,-2.051637914672784e-05,-0.0015784014573236318,0.007163117918777833,-0.23476436515342278,0.0006592261040719502,-0.1812623686743836,-0.011998172042774261,0.1688502996231872,-0.00023520162559759888,-0.0013245666995345075,0.00020026420567761396,0.009091089793979457,0.0014796711992225856,-0.007752491507992291,0.0053328155946334495,0.00011714756497343583,-0.0023057830145175266,-0.00017361556407598277,-0.0007586172788567394,0.006819857406900199,-0.00040088711664412204,-0.0008762377511613382,0.01759074856396998,-0.00044976040614539553,0.0002458424464358219,-0.0011689819413502715,-0.0018624638839276504,-0.08626720242749669,-0.2833983256935542,-0.008536091619198823,-0.004984122469728139,0.0109479372737638,0.000561183762041772,-0.0005511379051528487,-0.000181837480770157,0.0007221837611783629,-0.005700126749773625,0.0655538237343386,0.0008278649847654359,0.0003799130158568557,0.044200008112080566,0.004261631801641866,0.003027292251614324,-0.007076452773946392,-0.00034886778026640064,0.0006355784375122215,0.0093322213390398,-0.0003866104451638536,0.0004266522451628974,2.41753050628582e-05,0.004720504081518931,-0.0005697420719582135,0.0066649378071286305,0.0020439783428850816,-0.013799111170959963,9.359058697526457e-06,0.0010311965687466672,0.010328207537089148,0.0024197909184052067,-0.00021696321821446313,1.5386771021929507e-05,-0.0017099080159092275,-0.000397707721587523,-0.03238572611982686,-0.001198559082490426,-0.0032629954188838663,0.007332408634285486,0.07833922067067117,0.00030192054137576866,0.0007832143911032374,-0.029997929937392757,0.0002305849997708137,-0.00036465916816372755,0.0006305520493901525
85,-0.00033148234269813,0.001086247856730907,0.00023955596667769776,-0.00164738074990599,-0.07171827080066953,-0.00010847395307521379,-0.0003963988998548565,-0.002350935091092174,0.00046012666948470893,0.0012293169994565603,-0.0023288337175175165,-0.44886279931899253,4.633345000513989e-05,-0.0014330208780104423,-0.010271014464910556,0.0035479042956296277,0.00017501605809802645,-0.010008878077014366,-0.007342202031374902,9.637794777224429e-05,0.006571090810591634,-0.00010456274997220488,-0.010891122583011836,0.001646908762245318,-0.00030926024458855644,-0.0043819027919410995,-6.298118935149644e-05,0.0004177039154133477,-0.00022051745421006186,0.021555793546662722,0.0011276419870990158,0.004292292473541889,1.5207948657003367e-05,0.0007715460709533609,-0.00037719259885929043,-0.0014041615570419032,0.005063956427701494,-0.00013921087984954876,0.001304970814176411,2.888769833612418e-05,0.0023731989247928265,0.01646762555295555,-0.0007370130172945875,-0.0006524054125762544,-0.0046015429893973975,0.004109007936130758,0.0020850523380418692,0.0020465858276301815,0.02544937335958539,0.053910355534468025,-0.04461410400422553,0.008361228873963789,0.11300628050912573,0.006914693955478851,-0.0005439355195812137,-0.0008272332054774269,7.983129863900484e-06,5.128444165243399e-05,0.0009012328945758959,-0.003468964970929196,0.005273400177054668,0.0020084060647993867,-0.0009524316105081123,0.0007545403509533632,-0.0033029599638274357,0.0033672395142782833,0.007192708002183848,0.00013980136099128867,-0.00015947295687427547,0.0023982502918274973,0.0018862136256080468,0.011373597755373138,-0.0016499318218937417,-0.0028062784255372983,-0.0008851551145856481,-0.0004638023202636725,0.003327835722188959,-0.0006964747586686929,-0.0001572611847156253,0.00040183058171493896,0.0008760417437681557,0.0023491517164111898,-0.00049487132917218,0.002203987480057553,-0.000666678201546773,-0.005110856210863116,-0.001195834847739885,-0.06182089760362691,0.0009768659695375739,-3.147606914291612e-05,0.009579334233442148,-0.004134381615218906,-0.0036485006835566755,0.04680408712627276,-0.00016743033053862738,8.472779374661633e-05,0.0007195963881743682,0.042728694727053367,0.0005775711696294206,0.0004071956339725788,0.0016295620065242575,-0.013229858749922661,0.04428252658468369,-0.0005508776126539258,-0.0006757621364461147,0.002063790590740822,0.5856410270306571,-0.00043594807049399586,0.04389919475610625,-0.0002288240500263178,0.000687979219473403,0.018220514920719282,9.108788610103467e-05,-0.000831272811796277,0.00030991097186498784,-0.0023298588770876982,0.0018040163530536305,-0.0015390709553909708,0.0005987218638672919,0.00024226837971900485,0.0028151698408413837,-0.0020942010635481064,-0.017260143235898147,-0.000320886351177929,-0.0006380242212406413,0.01485176931697875,0.0013386405598948701,0.000852448169025063,-0.0005342884290375667,-0.0034139867631329387,-0.0016069856816206896,0.01971491955627573,0.03152719759742511,0.04601055056229321,0.015104328667035063,0.005567649007655773,-0.002836769917058845,0.013331323189020106,0.0012141426333617958,0.0014132055733326598,-0.004917448284021428,-0.001065386027758547,0.0018868677886379808,0.0006359131972329248,-0.0005536860921901616,0.008429017207545502,-0.0007310749801943638,0.00027653752429998937,-0.007164331278287948,0.00024218884474144732,-0.011183109918423903,0.0009032996870549912,0.0002884768588887589,-0.0002520774367843788,0.023695844012854666,5.3580456048739366e-05,0.0016123333864320258,-0.0033567940268304196,0.01193149499536121,-0.0015223390955817848,0.004063176799923137,0.003735976058400404,-0.00041589232340500087,0.10579191967219381,-0.008979230882611124,0.0006188144728171939,-0.00020147083805664365,-0.07955773699920193,0.013159802589172945,0.014123060393410023,7.914261400066014e-05,0.010574877449361537,-0.0010542034216550764,0.05323709350310699,-0.009084812326671396,0.0002997800404118228,6.253273771234967e-06,0.0020532872520552707,0.004444130172836109,0.0006472572569727487,0.0006360610281851212,0.03466811983122075,0.006833097492095979,0.0036633628875718536,-0.08362722964501627,0.010147350857169252,0.00023895167303798672,0.040941908360753725,-0.004454364120708862,0.0048447075104471,0.0022115544208815147,0.002767524374239236,-0.0008563665125452466,0.0005276908115157989,-0.0010585457230736992,-0.01956546441383642,0.00046268049079387,-0.00013262247966156252,-0.00041341261123500374,-0.005980167218932381,0.0020065616060898246,0.06652682944971405,0.000813697991034141,-0.0005136047320123474,0.0007980074792319798,0.002420421821387547,0.0008745634390247697,-0.010722165394262344,0.0027090700281109633,-0.001123639334655566,0.0007824115859276219,-0.000666499665508434,-0.0047061747761982745,0.018248325499107338,-0.0032797263438230917,0.00018424149439174643,-0.06630810510587323,-0.013582825303606433,-0.0003577891011574824,0.035413430099711846,0.0010212091508580113,0.0072396357040330405,-0.003626394064251621,-0.0014800728637063554,0.026262117085252615,0.002194408184220961,-7.931472223461004e-05,-0.0017593123094695887,0.0005032291648221251,0.13446542216553514,0.000600026523287763,0.12363669092057743,0.0029483132892852925,0.2600496673189249,-0.00040158667558317165,-0.0019644905787411003,0.0002554858908222538,-0.006237548084860545,0.0024524027538199876,-0.003694472219097966,0.007904774423689288,0.0001958041799280635,-0.003939561896129697,-0.00031510668888004454,-0.0012267470042850726,0.0026668761082567194,-0.004031047079540643,-0.0013920719650217053,-0.006874958109136426,-0.00014982371188436774,0.00045472605531503936,0.0002084868242797173,-0.002767352808946345,0.049547190685369266,-0.48361395536305196,-0.008649185141985493,0.00977491139337746,-0.0058588701124636265,0.001174791478347126,-0.0005849141812372394,2.7205462665665092e-05,0.004648870655318471,-0.009833920070253355,0.10813825099838008,-0.0005308653286814901,0.0005360875930357106,-0.02744213183857896,0.0066969168139642335,0.007141345419840392,0.00433117086218539,-0.0006348548236097867,0.000461232604163018,0.011293405866385482,-0.0004488523907601517,0.00023801736539913855,2.5914527470204812e-05,0.012705957234725505,-0.0006548618808706426,-0.004029439572025591,0.0007979144450763719,-0.04300621414726054,-0.00022518062630149174,0.0007067827572942828,-0.008026868715957237,0.003928467484424661,-0.00019241421044880196,0.00022795212982777528,-0.0026944434674601456,-0.000837959948911067,-0.036872415103635876,-0.0006377609846455225,-0.0036026687953797376,0.012955293625053823,0.12250793039682767,0.0016401537678115028,0.0007315628924103104,-0.01056116126520372,0.0001841052686228587,-0.00047520455023286785,0.0003985377816024819
86,-0.0001293939309659018,0.0012567174675224418,-0.0050993891317773574,0.5295027417501922,0.011709325289910812,0.001551752377352977,0.00026781736042474913,0.015039986572486048,0.00024483283811586355,0.006703356688563761,-0.0009230068910111586,0.05455093280274306,0.00023231648163699395,-0.001021931374277963,0.011212686848130586,0.0011218106266192441,0.0003835650562121623,0.0015612162202562063,-0.009959368941116268,-0.0005206070720430202,-0.0003537415696019709,0.00011607366876443745,0.004716605340472715,0.0108192373664917,-0.00043706909278211706,-0.002060351524786694,-0.00011007703511513312,0.0001325943505216809,-0.0009742510829707576,-0.046519634400011,-0.0011786485103155424,-0.0010450923268179937,0.002681860298389363,-0.00026060060147662517,-0.0002901568058647913,0.35437472933215963,0.0002907912723030181,-0.0013139776669104034,0.001704700543170637,0.0005251473920469601,0.001054805596992055,-0.0020922694826737576,-0.004660173196709713,0.0007203257918874523,-0.009818044522904815,0.01463581026044841,-0.05504311546157113,0.002791581518198999,-0.015232894214952034,-0.002309166742311474,-0.1416537261241967,-0.006247809750076185,-0.01149809956338064,-0.007209569236658071,-0.0011123268996294788,0.0008938174026557229,-0.00018194708534859105,0.0003071509114340508,0.0003483549717524591,0.001727993614809395,-0.00020435343761581164,-0.000659066143975917,0.007872913122800817,0.0005623669348681385,0.002635351133445929,0.009180619314310029,-0.0013884922953241402,-0.0004014919920120307,-0.0013806926915127056,0.0002765880449601475,0.00892196502651401,-0.015108960440490449,-0.001457894070549149,0.0009921631694939093,-0.001426530046024766,-8.317157246806595e-06,0.004042909723612622,-0.0038053907937058568,9.538342806279798e-06,-0.0001198245698272437,-0.00046866623994376084,0.004660585588147321,-0.0005581447747423272,3.435693061882238e-05,0.0005606306714245667,0.061386658433091795,0.000708560975205122,0.012294068058633437,0.0033405622767505947,9.555251904131562e-05,0.021561126894592608,0.0007682918103296028,-0.0013563428126818905,0.2783361954345743,0.00022044414378152247,0.003418390236957781,-0.0007410598551358757,0.009496959368560523,-0.009230312696099217,-0.002006740811943791,-0.0030310916354607843,-0.11495283112772017,0.020168729506760776,-0.0072338911880924055,0.0008046083050852384,0.0001274198130602291,-0.12326842082175778,0.0004662324715516237,0.03789660305274781,-0.0008305953068758525,0.0015386704994369838,0.003707881938673057,-0.000767668017606394,-0.0011033850544060683,-0.0007174162496312864,-0.0038054498719391305,-0.003582846258975515,0.001028275593895133,0.0019646353550052034,-0.00015939447777055206,-0.018041386010190463,0.00395928390793934,0.2553447248627094,7.242377253060726e-05,0.0035086003327129724,0.02344080303237375,-0.0003945025316288077,0.0007605358007032352,-0.00032140688571861975,-0.015469438312602078,0.0022475248988941578,-0.003495708631584315,-0.006823901342392916,-0.005747051148105985,0.008522511039855652,0.000990734692174906,0.001344460247636312,0.014445567600709102,-0.0007941530140310956,0.03360142879386882,-0.009825257513468074,-0.0004420139176204464,-0.00044889986260698497,-0.00041678053464013355,-0.0017182912133622305,0.054617100827609795,0.004100578414776578,-0.0015977984660520287,0.005181575372793698,-0.0013359412395091835,-0.013302397871054819,-0.0012606307872155458,-6.471397564418793e-05,-0.0002229895599669442,0.008147692051074677,-0.00044495438101945493,-0.019550280321881778,-0.0028561502880043808,0.004983155364829204,0.001343167161946126,-0.0004958504733908837,0.0027755001591322987,0.00011711318644027776,-0.012444035546834695,0.15297904782121738,-0.0022332746904176245,0.00040619071061646656,-0.0590764497094371,0.041278793878140534,-0.04508655436506233,7.1064310111911e-05,0.031330748824160815,-0.0013622845404505182,-0.13532367857044725,0.0010729885894043417,-5.781899535645585e-05,-0.000979876485015906,0.010675153577801303,0.1338678546308003,-0.0020318123812104465,-0.0013419262817285227,-0.030006532250773706,-0.0006106643437103411,-0.0024191369044124066,-0.19208218413280492,0.0005996973988024873,0.0005821374920807754,0.040002485621656494,0.0029066591604200442,0.00012288565573080265,0.00044891946434156074,-0.004006959955249625,-0.0008183779576275141,0.00640127096848383,0.0013339474001110158,-0.011317650417499908,-0.0009818528609031698,0.002384263858907479,-0.0007947836465712103,-0.008891357851076826,0.0003221143381366767,-0.1733259070734058,0.0014658909010814474,0.0009287839873898668,0.005446624072273789,-0.02079140643054721,-0.023595529192421975,0.0015109832339609552,0.00599690863669997,0.00013669195811582153,-0.001879921583440037,-0.002182739285448633,-0.0016095167905524595,-0.04451932629834503,0.0022848577656277153,0.0004768003375531688,0.012791324429658267,0.0023812259383902187,0.0008843343892801642,0.0017165739521329566,-0.0010702417292639847,0.058892732179478526,-0.0008721748810343669,0.0013208261253472905,-0.012339283456104333,0.0012086544283945325,-0.0001890835766025463,-0.0034069164044198386,-0.0002557774212487299,-0.02485836152926986,0.00061084793208463,-0.01833701975936837,7.770474153180363e-05,-0.04861759609514452,-3.944188330331968e-05,-0.0015469018338941914,-0.0012922513672580576,-0.1777656336641813,-0.0010286520108875668,0.0028675650461324077,0.0029339633093809075,9.341069143958174e-05,-0.0024463152232613297,0.0006364758612787184,0.0005663681316378927,-0.0010542449600824681,-0.004093852781868365,0.0049862669210034806,0.0034923746985328933,0.00048250586367320353,7.421809728458406e-06,0.00028178004361735943,-0.0017343092206427786,-0.013333803283622828,-0.20796713935792382,-0.00028100950613490865,0.14065962658465256,0.00014168661498202431,0.0041033843948288014,0.001595532050462145,0.0010969149524721923,-0.008258900506001298,0.0034234656467828674,0.013065489860273779,0.00029152309900300715,0.0002394482863090836,0.003361466091506173,0.005064371101158954,-0.007501617970711351,-0.0008829143443835597,-0.0013989108258145274,0.00017403884303470991,0.014213991966126759,0.0011449238582865937,-0.0005667287608385366,-0.0011031191681440955,0.005750914704342511,0.00011996703249608342,0.0025014165385994066,0.0031772949440793934,-0.10698234801210073,3.7191567749034204e-05,-0.001005813567628243,0.0016438825023293926,0.006376643754333044,1.2278904194479225e-05,-6.269161998336947e-05,-0.0009940289700335562,0.0013388793436539918,0.04089347297493286,0.00038717820685687035,0.002226026904087061,0.0043058464654852305,-0.01688873261734975,-0.00031024417165401207,-0.0018165509736562018,0.35002522752851684,0.001011151591527531,-4.0257231685415784e-05,-0.0008211022146774206
87,0.00037588468376149815,-0.0005241588666988553,-4.5990733462501765e-05,0.059230852037997016,-0.00029273492489976724,0.002512354051210308,0.0014691284457073323,-0.005646318217857764,-0.00013292927444205627,-0.015059642243312176,0.00030887147819551666,-0.0017427538494228095,-7.338320533962356e-05,0.0015524003060001582,0.006106901574821452,-0.0005991828467238405,5.543935166166594e-05,0.0015875838439365977,-0.0062404925943108855,6.843519989992164e-05,-0.006795747654706483,-0.0007458095095640022,0.002907644201842821,0.0004523643952984019,-0.00022014625979464852,0.0013786099430028818,-0.0003304393727400143,0.00037413468598734845,-0.002513968470472555,0.2251966776976281,0.003553390221589732,-0.00252306275226747,0.0009462113107393533,-0.0005170818993420761,7.183885216306002e-05,0.07285782236355465,-0.0002918125307711794,0.0012659230531943465,-0.00034597349993720184,0.00011004399053971426,0.0007610588246070925,-0.004848999157722767,-0.0013067763171662177,0.00030699411894750256,-0.04017696297391278,0.0034442488700386687,0.025511844493372588,-0.00033828487993563857,-0.0288019950777258,0.0028163573755735655,-0.011598692027360356,-0.005290661340303112,0.010413563616675017,0.06140832090595255,-0.0004468810043618881,0.00029854145125468817,-6.53455624029381e-05,-0.0002500411067124064,-0.00024652453659448946,0.0016079915401368025,0.0006011149896985222,0.0012550949876611289,-0.00047439863377545243,3.309843665724266e-05,0.001478921999720783,0.00028717828667084366,-0.013959182773523291,-0.00018497057758072892,0.0022785879363259407,0.012079671322219224,0.0014366222532210572,0.002675453801041227,0.005150162621399389,-0.00039740874309714905,0.0008283156802804778,8.473711961115224e-05,-0.004630833538238271,-0.00012243184633701652,-0.00026130003571119345,-0.00034833009938187946,-0.00035065570417463924,-0.0009336740042143734,0.0010870777304939488,0.024506613967485782,0.00128348644445443,-0.08201435436197065,-0.0011131874436790892,0.000502385240514474,0.0024518158989162552,-8.492522175652939e-05,-0.0029658844581894332,-0.009288658991136624,0.0015489671974989669,0.016996260296775652,0.00029768733690295094,-0.0037812120071143494,-0.00023936870757372759,-0.004051882826747578,0.001693226214826725,0.0029353751801470557,-9.225390864819535e-05,-0.03772026211122474,0.0010088087727509265,0.0030881435484987375,9.257678581190733e-05,-9.896056719986904e-06,-0.07697158217229073,-0.0003367459131997357,-0.012377673340124004,-0.0003215902603426455,0.0015092508591379736,-0.015471947329780723,0.00014536641747030406,0.0006308248258790963,-4.4539866683442585e-05,0.0007570147148401492,0.007487949152402294,0.0010759459547333412,0.00011679437295354211,-0.00020365531330588695,0.03142044609375272,-0.0009734000180710574,0.043322065544619155,1.7509164078989624e-05,-0.0003008754813597289,-0.0024035126845939675,0.00042044796827410413,0.00041789949434155576,-0.0001467560585264524,0.06479575573696997,-0.00206476526047233,0.0011938755299553344,-0.019219833906155087,0.0036564543659055836,-0.004064173087342969,0.0004595673621294364,-0.001840040516552826,0.001395520503624046,-0.0010749440125259078,-0.08738864659773393,0.00222892750860703,0.0002927434289055012,0.00035480983754610906,-0.00010404633523808022,0.0002757552610212744,0.008112880980720449,0.0017021312784892195,-0.008039593815411257,0.0015693290262673038,-0.0018369039545018668,-0.004151998905968612,0.00027670917782272604,0.0002280553704872854,-6.652800704320342e-06,-0.005499086463168575,0.0002480569916423758,0.00046379006293719577,0.004562285296865826,-0.001828753730797906,-0.00011999070151813649,-0.002794383356192304,-0.005703955920101721,0.00020728175040854186,0.004072472558228506,0.011947871549177775,-0.00012824801445134103,8.945872078062675e-05,0.029340964760008543,0.005419047637474635,-0.014818288866113615,-7.28052486790795e-05,-0.00039068056402797105,2.1685482030456152e-05,0.8161369678081438,-0.0010971965151848053,-0.00025939276257055873,-0.00032355601593074865,-0.0004886992004271712,0.016558628133576128,-0.001110860878331117,-0.00019054463345376943,-0.013576570078869803,-0.002392880918181195,-0.003414514296724889,-0.22504601780643224,0.00054151589885568,-0.0006823312537024579,-0.009640673198261321,-0.019981947676149844,-0.000541846626270031,-1.529315536250666e-05,-0.002388358854518667,0.0006315116163807463,0.0035797587080792833,0.00019170184494967518,0.0026018868691029644,-0.00018736345311255146,-0.0005121520608625772,0.006415468240572677,0.014566027207878612,-0.0007502874657064548,-0.06172170828112576,-0.0006882459416118826,-0.00013631676104486692,0.0007334247191748042,0.030598777424360922,-0.004043254816920705,0.0009862575723194652,-0.0036620406798125297,-0.0006862470921965447,-0.003297716900125963,0.00018679174279949418,-0.0007808649865808084,0.21543642716536615,0.0007852962336356265,0.0028209025325630407,0.009228450085110737,-0.0013772975623138842,7.50933877169506e-05,-0.019714270975140547,-0.0002808677219918155,0.00806219132842849,0.0014721882425617165,-0.000492764840744354,-0.03732770701890924,-0.0024913675356321935,9.808012565794364e-05,0.0044103950788735215,-0.00040716214481502345,0.011730163068878672,-3.37035357800701e-05,0.0001205765450469614,0.004422632303133785,-0.0383191146533914,0.0003027127877701136,0.0010608337779234112,-0.0008943590205296042,-0.03261912462373652,0.00652215024747836,-0.06124738666597167,0.000447046606953873,9.948873599699426e-05,-0.0010686053714796834,-0.001417968514669791,6.364422293691357e-05,0.0005654729970729099,-0.0032663512246478192,-0.002745902170772594,0.0005120874606191436,0.0008244468716876174,-9.895295149018463e-05,0.0023234868465915656,-0.0008165863719386344,-0.0064376200263109445,0.0359598261837015,-0.0005558444203914153,0.024067303678587216,-0.00043397441332805587,-0.005170557007489309,-0.0022132546762272352,0.0006526843676836289,-0.0021503513563528517,0.0015589627262466224,-0.007113970160951192,-0.0009021356074366391,0.0008282013418597772,0.0024815009084335265,-0.022310126241401905,-0.0018433891557751228,0.00020479180767444042,0.0006462450054567392,-0.0010831257766619584,0.007652100164675773,0.0017212370631621912,0.0013900451883757875,0.00043514462970012293,0.00748905707718371,-0.0002808577922754815,0.002620620988758467,0.000773044158004142,0.027356516655269635,-6.335224181671512e-05,-0.00036370247926789754,0.000762071720739079,0.00024465312469773137,8.809907354362075e-05,-0.0001416016441730826,-0.0003644831695304414,-0.0003898412614720473,-0.34336993050820314,0.0019931689438631786,0.0007188310416379323,0.0006031679242839844,-0.023955849681466877,-0.00016314414317145087,-0.0007760615167290423,0.026005773201771547,0.0004152780853017256,-0.00010791401643166741,-0.00018867123177750014
88,0.00020746212655404497,4.641659345011942e-05,-0.0006168298187564174,-0.0010642257219446094,-0.07868275554857516,-2.425989027225739e-05,0.00013834798985225966,6.785132247028036e-07,0.000100224114432515,0.0016686190987033134,-0.0007679858718432856,0.1639380837522684,1.5282904078085108e-05,0.0006007903943535398,0.0010704077199999718,0.00029721699921597504,-4.668354479722518e-05,-0.0008235074469198148,-0.002004056121895994,3.505471536812549e-05,0.00030383651998267674,0.0003307036549842525,-0.002030635425075214,0.0036182206356469224,1.1981719437066662e-05,0.00037545049371160745,-1.6107422610411523e-05,-8.035679592406642e-06,8.841867557590755e-06,-0.009820947298548995,-0.00012724011120433375,0.0003699636561438832,-0.0007209681366605256,0.00017179958773932665,0.0004545082985614596,0.014280756191009178,-0.0016676733816074242,-0.0005291039794427113,-0.00028960517158520423,-0.00015892653754952777,-0.00018187303216673774,-0.000559632855462234,-0.0005230305034402021,-0.00045000574057803885,0.0006741815140246243,-0.002105254564649915,-0.0012475338055351302,-0.0002766758219023887,0.034342231555189395,0.005707514063048739,0.008634771762473164,2.903602789955975e-05,0.4464323513131506,0.00487404777231777,-0.000260169882634843,-0.00017081560524630744,-7.927272138812808e-06,7.659075657480728e-05,0.00025372435032769663,0.00036299844927201175,-0.002913881071975562,-0.00020311725092911597,-0.0007049731602368425,-3.2738005438818094e-05,-0.0007398024912334891,2.7029825156712844e-05,0.0005050356920948929,0.000108582027450279,-0.00011377051527760662,-0.000614781350629378,-2.3592096601886877e-05,-0.0005727135853861361,-0.00012580406273222813,-0.0028020289832551017,0.00019814172379269493,2.864203228985368e-05,0.0004082089131030387,-0.001003752058303286,-0.0002984774448505749,6.182890380152656e-05,-0.00015924351024770454,0.00030486699326651113,-9.99956843207965e-05,-0.00029403205262846436,0.0032954946807812577,0.00744594625422856,0.0003849551192922915,0.044849889264732365,-0.0012511039456110248,0.0002341002805704448,0.0013514925345863727,-0.0015422418193273368,-0.00015537982936319333,-0.011443025676858908,1.250535564098292e-05,9.018711507265305e-05,-0.0038797837858825907,-0.0016897557141661908,0.0006282649818941874,-0.00025263860114060216,-0.0013391655192915956,0.000548646506020707,0.00048619784827829554,-0.0011918853039793401,5.8902300015881495e-05,0.0006324442220187712,-0.00294485465764331,-0.0004282896001945387,-0.0013423522383839213,-0.00021418982044396086,5.530639134104266e-05,0.020389384016800044,0.00012329839902998005,-2.1089933555581974e-05,-3.659042084454972e-05,0.00020214184936656417,-0.0003486554019918371,-0.002387126273878629,9.027386635794945e-05,7.914551482948577e-05,-0.0018191295370068462,-0.00019009977401103495,0.01138195515855268,4.046463258564371e-05,6.974288134369401e-05,0.002260413499967148,-0.0017792566269474515,-0.0001498684261934662,4.574986580256277e-05,-0.0021869573207725355,0.0005388317293820448,0.033058929427834255,-0.7314558769587131,0.1332161598456573,0.004730143563986478,0.006218695309574701,0.0004967582554762898,0.0015748706039124677,0.0007001395070328703,0.0015287668533766688,-0.0009666422181317073,-0.0002825225110396675,0.00043492305164214513,-0.0003339771867877798,-0.0001368131239441612,-0.0007650163685710767,0.00012098370831930573,-0.0014535386824504125,-0.00010737088105364928,9.90394762430516e-05,0.0006818935364074569,4.419354713455304e-05,-3.2521556294531472e-06,-4.879186631084453e-06,0.002218562401909029,-0.00021521863906949243,0.0018772441807611909,-0.006446825777175481,0.0006596659264341544,-0.0005424136763956646,0.0018519617218299691,0.00036332801606670006,0.00034444907264148894,0.13724387015506304,0.004791670088820555,1.6859909585400634e-05,-8.905759699139905e-05,0.002162902467993031,0.00034672417266250373,-0.002279332863840492,-9.454163760053147e-07,-0.006953563533581961,0.0004920381158663845,-0.020265531507271367,-0.011012242872484698,-0.00035269323940389976,-6.408032412317128e-05,0.0005781435890633837,-2.1582933652086224e-05,2.2048035276107762e-05,-0.0002501084713960114,0.006862890380614056,0.00040135037335305835,-9.831357022894831e-05,0.006286260207656969,-0.0003131717756876158,3.244454214221173e-05,-0.00039831498007524,0.0005375118216303454,-3.540358887278933e-05,0.0002817530749489039,-7.322175296129666e-05,-0.0003304970421291638,0.0007826780099972229,0.0005888111781166393,-0.00031537140587507904,0.00020226863098440732,-1.8250513665311332e-05,-7.784815987194049e-05,0.0007209296294160382,0.000835125260615556,-0.0035847190036504585,-0.00015341544804812167,0.00010979131096830984,-2.621404010343185e-05,-0.0018465867827776338,0.0019241625695295321,-0.0013594486153451282,0.00046346553906192805,0.00030667757241683127,-0.00041223797235194655,-0.0011636089043223423,0.0008769025277906562,-0.006073683667796536,-0.00025904334312215616,-0.00034423829611054317,0.0018493835327672418,0.0059369164429735185,-2.9655131557476677e-06,0.000479660652717046,-0.00012869713010188336,0.0004248874205770967,0.002066302709841492,-0.00045951493120150073,-0.0012820216036931262,0.0006130067393504304,-6.891353779910504e-07,-0.00022894492401810034,-0.0024022329543362786,0.29801281694354825,-5.809365287276738e-05,-0.03716330969954786,0.02854930183734716,0.007240751199375358,0.00022544953286853615,-0.00010546527127755988,0.00018331084211248636,0.001960456848078714,-0.00038218652930499465,0.0036790509062241067,0.000978803693253547,6.401766216331873e-06,0.0005170649982035647,0.0002696500296629767,-0.00016543098125084126,0.0013831766415112608,-0.0010599620699109557,0.0001552406227139419,0.00841786449681064,5.9899048837832626e-05,-0.00012296129408715523,0.0007405602271688765,0.00039395717425824375,-0.3099040486468248,-0.0075046662891554775,0.00022523777687683466,-8.204349757050602e-05,0.0026493832811812583,9.996708575195817e-05,-0.00027679534259013663,-1.750193510373973e-05,0.0007965616894583319,0.0007886749004776487,0.0004119213148195515,-0.0003157934235776889,-3.7196736505649194e-06,0.006677476658005259,0.0005814254467272251,-0.0009225156886572733,-0.026946653084826206,-1.002630730066262e-05,-0.004738619424547314,-0.002401225718363806,-5.145078656865524e-05,-9.588879991704203e-05,2.232671668049406e-05,0.001877079821948624,0.0002602828898839024,0.018395349459806132,-0.0006792471448164202,0.0005699808930767164,0.00039097511048192916,-0.00031893870446057175,-0.0072350636189065926,9.833365797636494e-05,0.00011056870909622674,8.700180689596299e-05,-0.0006183411981844434,-2.8409260939644965e-05,0.004816079175106569,-0.0030124274979947876,-0.00011281445962208316,0.00018997451816574,0.0005798424520468779,0.0005639788090131637,-0.0005658953527326802,-0.03178175177717227,0.00024473668606695125,-0.0004644114999455013,0.0002508840064368945
89,0.0001965012116397311,-0.0005093742522734607,0.0030090885279448146,-0.21174862701955294,-0.0010201444327577885,-0.001350797505515318,-0.0016514037183764894,-0.01563411609841939,-0.00018698443363686715,0.004794287588436157,-0.00038530031531495024,-0.0016771203386449496,-0.00010876868832624537,-0.00035025297024342955,0.004619938146504087,0.0026714036670819376,0.0007773137472714027,0.0006909710509780814,0.0072208187769441,-0.0010730068539839613,0.0017417314168706038,-0.0003607480844475012,-0.004844785170549246,-0.002582228695470132,0.00021006750318187245,0.0022362599509835896,8.917807034997983e-05,-7.595117390662987e-05,0.0014293535434589527,0.02932218173536113,-0.0010106701012081217,0.005508342904565852,0.0008227042572546486,0.0005290845821059559,-0.0005210006348153537,0.021196719020122157,0.0002556237859895208,0.0010066778929092154,-0.0010494508738032766,-0.0003861045925762856,-0.0009786525800824792,0.0031034799147938584,0.0013185421971796023,-0.00031192181488346555,0.019703884712176212,-0.0020553966457724556,0.08027738550021306,0.003363798557856665,-0.013177930810397883,-0.009414627919160876,-0.20298763424690106,0.009126996273872218,0.015002956316320891,-0.006851640123574778,0.0007073898815672143,0.0015473803116538981,0.00016807533934138155,0.00027167016074040775,-5.3914994519027256e-05,-0.00018329578747313877,-0.00048808858389312376,-0.00035829408816759144,-0.006148374285119411,0.0007466270380915584,0.0020671248396125913,0.004766911684504787,0.008849085030624732,0.0005230412498467396,-5.7596951696904154e-05,0.00020632463159822242,0.0006134905129941119,0.017728427688924093,-0.0007583874059717292,0.00040263136006775857,-1.0790635878121096e-05,-0.00016154261705179918,-0.0006364223982252377,0.002497389303917183,-0.0010448778630338974,-0.0002680031761256355,0.00019287493082341075,-0.001774794998498988,-0.0007250023734931116,-0.0024994122545505732,0.0002842291288532614,-0.027564559795347457,-0.0015137731029599422,0.001075942163925321,-0.005418007812244839,2.0376394819072302e-05,-0.0014590521522748667,0.01041210301407982,-0.0028516914489797943,-0.27606319899619747,0.0006965988077618014,0.0002268188571827865,-0.0010044920203547134,0.01361093178024856,-0.011590704311560803,0.0012707094861270907,0.0011229512718759927,0.02068286257736264,0.021283350641893375,-0.004765074284610757,-0.0004932673561709022,-0.00028045375156540936,0.002387872972135909,-0.0003716091166171933,0.028995009684999296,0.0010141139397010393,-0.00041524211047986107,-0.021775428179901333,-0.0010824694440476836,-0.00010484494962070172,8.901701498965214e-05,0.0003358934814857153,0.0006338609833868095,-0.0014990644503806124,-0.0010777408259050412,-0.00018438004727857162,0.009360456956291343,-0.0046086993093253014,-0.2252256903401881,7.009724255798543e-05,-0.0013164751778293187,0.020122759026459887,-0.00022609527433755392,0.0002571222823443502,-0.00014653497471481258,0.0015912462678067455,-0.005293034564078627,0.0012503254782373547,-0.025353906304125387,0.006282651991704051,-0.0021252251591266924,-0.0014547429019602888,0.0002849610439231531,0.0035889879961198074,-0.007744108422493203,-0.003149365843441717,0.007971784846109678,0.0002965690670269404,0.0007273454994773906,8.578573683482259e-05,-0.00040656645252581925,-0.004883836058818902,-0.0010595653272660618,0.02066663034673386,-0.008636304833625277,0.001288332329754816,-0.012266393738949107,0.000832130538031774,0.0002665704854520716,6.945942928511013e-05,-0.00297649930896262,0.000197476539943427,-0.0016236106387173647,0.003725678430594529,0.0048722081795691515,-3.213351036938407e-05,1.7237981393735616e-05,-0.001415071049368364,-0.0004757602390339384,0.004552637484209511,-0.153218427592423,0.00021808780553439597,-0.0005455290028381692,-0.004988619408509427,0.03393233091694975,-0.0016556686926180765,-8.362733629744233e-05,0.016003009661808718,0.00017610514037080636,0.0365803474434908,-0.001287131588389702,6.756786934858222e-05,0.0008844242791990747,-0.001173241510300947,-0.04475667524064747,0.0002982209636742416,0.00021447949671845462,0.007827302705400406,-0.0028841622121359195,0.0017107418469969643,0.10086460082775155,0.0011483626652639498,-0.00032360581750567104,0.03373919934615266,-0.0019876369187373163,0.0003481064143244371,0.0015201203903539946,-0.00025301313094596095,0.0009505287761299233,0.00302245594756837,6.659613235269254e-05,-0.05167103012273819,0.0005924587162913933,-0.00014419921919881353,0.0011273813583176553,0.0006194705045237454,-0.00042398686524372335,0.052483906899069656,0.0012052088087239634,-0.0005393928925201165,0.0008940224416246794,0.010298185218524202,-0.036123870238782246,-0.0016193085270959032,-0.005751412755561293,-0.0009043281494298351,0.0014574101190931283,-0.001368494319820111,-0.0036106728950234266,0.02250682117279751,-0.0005559346055955972,-0.0003026375523076015,0.004055613085896049,-0.004043165566965624,0.0002149112033473198,0.01860371957532969,-0.00100375812661969,0.023517093606918178,-0.0001545058435985778,0.003454503387752559,0.08824058021387132,0.0004894705637497317,0.0005655455325192757,0.0009083029215472527,-0.0005370562681682636,0.006338270877620124,-1.0530815067669766e-05,0.0011314494135526623,0.00523328946039057,-0.03516596766476738,0.0004404003617802883,-0.000261785156670449,-0.0009249897993298233,0.060999703990195074,-0.0009067487743704332,-0.011409848187718763,0.003136941204818065,-0.00012989716519522221,-0.00025422817771818615,-1.6614920858023095e-05,-0.00021742950857815344,-0.0005741272874499369,0.002252772448313287,-0.0031639766512194367,-0.001015874739418323,-0.0006760359585449831,-0.00029411063835513285,0.0009238751589814651,0.000998463334328489,-0.00611513664656144,-0.008797535943478162,-0.003475462669685345,-0.050505221423726626,-0.00020159529077506586,-0.002253484865923178,-0.00027468242732107614,-0.00033088966276208394,-0.0004533356253641537,-0.0012333934635189838,0.018680782002354235,-0.0003336530560875634,-0.0006300776933460778,0.00034895638976835695,-0.0018018519575371782,0.0046565391798225305,-0.0009567830105760213,0.0003316350967218797,0.0010767841679021196,-0.01047580379683822,-0.0012781603432831968,-0.0003542495853302238,-0.0001035759443872488,-0.015477897235448538,-0.0025312379294294123,-0.005249054750390073,0.0043137866286777245,0.018370984542781254,-0.00021265746671651764,0.0008023628076980152,0.0021388080309280087,7.127315731038047e-05,-9.991199344220605e-05,-0.0005611743397008358,-0.0004793942985199485,0.0010644438287501952,0.029025913811254342,0.0022711673274222618,-0.0004373908600971074,-0.0011031695054161646,0.013962038178104473,0.0011938356815900757,0.002216969576288407,0.8401576197538556,0.0011085071830134576,0.0009526532623484265,0.0007838939525834261
90,0.00030401811247984215,-0.0021891987241861276,-0.00781926848685273,-0.11248746381437695,0.004526032000590544,-0.0013285470028207673,0.0012287110355173672,-0.015239231005307462,1.4720969184083e-05,0.0048242127287298105,-0.004096467552789765,-0.014005221138487817,0.00013830449675352602,0.0001525689492912971,0.001767593373651677,0.0019133475664554235,0.0004350044288512229,-0.012152073661051983,-0.0006075003373781293,0.00034270677073852673,0.001480326462406232,0.0008892317099606516,-0.007083674222519071,0.008106834350003866,-0.0008207313985432729,0.0029146552471822768,-0.0001543951814522381,-8.693147235462606e-05,0.0010579600001519862,-0.008679478092456928,-0.001795340486900731,0.00887103890348688,-0.0002650435458676076,0.0005794778824285995,-4.429469020236776e-05,0.4814115489142414,-0.0036104247595001937,0.0009759580937958168,-0.00424308429705122,0.00039175456160720965,-0.0006804638847680791,-0.0003011289117363612,0.0031054037376509937,-0.0008642453188481018,0.02285021615711362,-0.006423475183123285,0.04922402861296908,-0.0005367717259164863,0.5407764559004177,0.029294804345628075,0.01264836590880811,0.023321290240328314,-0.014713764635676842,0.025061472548975255,-0.008142391091184843,-2.5074595219861176e-05,-4.668781685238793e-05,0.00010074881897335558,-0.0001460842286891234,-0.0015945205975114248,-0.0008346167718398548,0.0013044563062882247,0.002729672737210962,0.0007532265108816897,-0.0026831586849893445,0.0015040548680110685,0.008818580053138856,0.0001627330899435298,0.000498654554456509,-0.0008914373697657806,0.003894736137541331,-0.006214233224544108,0.001940008171947145,0.00236130495842684,0.0008401290359864189,-0.0006789989438363009,0.0010367758819511503,-0.011437992527668953,-0.004774144591459141,0.0001772323892169996,0.0017531422624574675,-0.0035900493580997813,0.001117520420668405,0.001593209571085017,0.0011819448175121588,-0.00713526342349189,-0.0013146035300541908,-0.0009259943612549429,-0.015000364612036457,-0.0001635913305230198,-0.007485062697341777,0.04255677158746464,-0.0005409105591927081,-0.46411813372878924,0.00012427889176611046,0.008862619049934,0.004234868697423407,0.004751088550944363,0.0030717908363862793,0.0010992050178536385,-0.03287062105535861,0.0035206263050857885,-0.003000225051523647,-0.008133741625815807,0.0001005508589101325,0.0015414362481516682,-0.044539939492218274,0.0007481445623572573,0.008795741314734946,0.0015430857612284082,-0.004450049016350195,0.07902722465694396,0.001794011518625817,-0.0035278696220992093,0.00016390276146570348,0.00232425435040146,-0.00017921691973399009,0.003663854471019439,-0.0004077723082831922,0.0002683522309271699,0.003040843369653769,-0.0038137622463048386,0.2585151846795181,-0.0001832085369909942,0.0008251857953885827,-0.00249858697152539,0.0025300462340555455,0.0014382322053201081,-0.0016161373464721532,-0.004809922623180791,-0.0040568383755471595,-0.001697876769969631,0.02621525890230984,-0.005695973290836383,0.006054080868750946,0.023209971715991484,0.0001330667847238478,-0.00750436143439413,0.010343008356848583,0.004306180234724739,-0.008590916461066963,0.001301659487961234,0.013829995858091332,-0.00040469433747384735,-0.00035850721258257816,0.016919004855887352,0.005982965361660002,0.10063303120412152,-0.0037123197220618165,0.0004647222668549422,-0.027624561561963155,0.0023598029849552287,0.00020161182879385362,-7.718432475830406e-06,0.007934325961843361,8.68189973054446e-05,0.022147144407132262,-0.02472709165291979,0.000911834813379527,-0.0017952780915783915,0.00038456370816228086,0.012948345406992098,0.002495502967638251,-0.0076137619387507205,0.007390613607097788,0.0013885453853919464,-0.00025528197223003996,-0.007589816793619371,-0.015905620685138983,-0.015114901107354004,7.001345425758278e-05,-0.016123721535459136,0.00164199555437919,0.022747420685071698,0.000779629103486789,0.00011944206323304263,0.0023391948182646246,0.010223133649602041,0.003233002220862471,0.0029385813563463266,-0.0023137755091332604,0.08901726226888128,0.004830092454224314,0.00394550996702993,0.058529778909525286,-0.002798407915281997,0.00016757946009880693,-0.010739574024544514,-0.002467701735558636,-0.006234978380826253,0.0006138971093742921,0.002564025628082902,-0.0035325232649683295,0.007140321693353603,-0.004981125158397495,0.00033731616162304117,0.00029261178279661564,2.261575790533112e-05,0.003122876412836158,-0.003885961094546587,5.1533226137157485e-05,-0.061912154650208,-0.00044277793240793064,-0.00039497407973504927,0.0003565429996663699,0.0005814309081116267,0.008322327412466125,-0.004867698638428912,0.0008887033451677063,0.014682286618748212,0.008610394162048143,-0.0037488414625028443,-0.0025838297808180107,0.017501391137254983,-0.004365280377126192,-0.00024724454743190133,-0.012980383524885768,0.004336353356173941,0.0006551889564436961,-0.03213441971256347,0.0008828320123786598,-0.024452171566119094,-0.00705092525124024,-0.00022516906867705872,0.2847713111403036,0.0015220148254425259,0.00045835435448866,-0.0039851086804203895,0.003918076713274622,-0.0260669969689713,-0.0003942213077149869,0.004362354743597868,0.001523568576821132,0.030523885705781927,-0.0002332468081113711,-0.0012458823319689636,0.0015508702401081848,-0.07753949059456738,-0.0037726984476582444,-0.0021853045565235966,0.004761673040792628,0.00018301142065374845,-0.0009773706718701428,0.0006221889303206041,-0.0010857223007949002,0.004281467139585917,-0.0007269311309244304,-0.000508284759885686,0.0016060825644127617,-0.0038785515917944876,0.00018208582296169729,-0.0010754661203581243,0.0015168701795432392,0.018642479834861454,-0.05346326701080581,-0.0031205936960868683,-0.005369764327927698,0.0048710440576429604,-0.0031066106738107287,0.0002877191767884559,0.0001250836490010723,0.00041834636961109,-0.0037698192755311823,-0.008091428456224195,0.017202862414714096,3.279283250255228e-05,0.013410944485801116,0.0007477738708031277,-0.019500137757373144,0.0016293253060600094,0.00030817640020696415,0.0013189637039205241,-0.029817053934534786,-0.001794477652572202,0.002412699012839589,-0.00041725095498272233,-0.002301190375941393,-0.0019142649079852084,0.10013079574500043,-0.0013478319374337876,0.03399782488653944,8.534670858742488e-05,0.0009703870875931178,0.0019887617526320057,-0.0029077226156624092,0.00016838504888228736,-0.0015828461547911857,0.0014682778967619078,0.000909154084433132,0.03938620595986867,-0.02874325683391447,-0.0037946685678374465,0.004062907591320412,-0.0016705515948746662,-0.000976022733964391,-0.005005380090592781,-0.14333402333094222,8.863781685143233e-05,-0.00019866219782132427,0.002474563125525276
91,-0.00016204176493251788,-0.0009030053665993777,-0.000600988303889413,0.06088829958435502,-3.3807187503395036e-05,0.003971699444716471,0.0019330832102586182,0.011065508866939026,0.0012282473759091632,0.008060687966844752,-0.0064458708212348625,0.009755787446836715,0.00031997418502998157,0.0013030295595244205,-0.0031098939919859923,0.0027388925461160367,0.00031785960823668084,-0.002226000092440783,0.001151205753083813,-4.593500368244713e-05,0.0017612071053682496,-0.00522171764540202,-0.000854360674503906,-0.0033772247628575842,0.0007370973325445118,0.01038518541359176,0.0005297139168356354,0.0007625913535810949,-0.00010054477774618098,0.03174068286780412,0.002012816390981668,0.0014563283288581072,-1.6219916369082654e-05,-0.0007001291758377492,-0.002547747351742123,-0.2305659110678971,-0.0001723641803302587,-0.0003006537865476995,-0.005752848966230212,0.0022037425125394023,0.0015501479368980437,-0.00703213654382898,0.009489667751736201,0.000796716513146342,-0.015288185698507935,0.0033253014570997492,-0.03431914164893544,0.0006384538473147815,0.00895627391209148,-0.0008135264743135027,0.003360438604977839,-0.0009091785589668293,0.0027484596626692046,-0.006041105785024465,-0.003477730787750188,-0.00020522560294591177,0.0003525480287052988,0.0006096728935906657,-0.0002713591343899506,-0.0015633476529389274,2.393187159258986e-05,0.0003906249588253874,0.001943481881844271,0.0009878334892242625,-0.000760327606988534,9.595770930420676e-05,0.01247348824729358,-0.00012637503112889332,0.0009179058677210759,-0.0009167544955294479,-0.001420616380783112,0.006744791968405638,-0.0003983199279700816,0.0017425632620701073,0.0008152743822506738,0.00012886284988909702,0.0016821143852653138,-0.003461645166985338,-0.012531359724873837,0.00066072654710087,-4.712110268663165e-05,0.003780910360953073,0.0011987504404332569,0.0002488845299732983,0.0005858480969287067,0.003396375242848337,0.001193983078388714,0.0022203808819044896,-0.039258333193681334,-0.001739048554729783,-0.013592460023307665,-0.007111168642473847,0.0006632060775108341,0.27812495898466505,0.00040251660390904073,-0.00016261470371604675,0.003582514085859045,0.0004312454840282019,-0.0016727907776605366,0.0016712084210459698,-0.0028383491017080075,-0.011846189695687206,0.0050925127675361444,0.000911399386332468,0.0006684959502706708,-5.843692949431498e-05,-0.058438547499679194,-0.0033660326426275373,-0.0035377020419184472,0.0017464330879811997,-0.0073043511316094965,-0.009551740140041004,-0.0005309362185655568,-0.0045093010903783865,-0.0002849680145876315,0.005843555679515094,0.0007658599969277071,0.000716176841109119,0.00042986325621387385,5.471623006697262e-06,0.006644471347104469,0.0032077750522589883,-0.11211609225794704,-0.00016636362623354223,0.0002796946992280209,0.004148673660329273,0.0015740895939446644,-0.0006676324640749124,-0.001654231722588587,0.007100855845878645,0.004040146322582122,-0.0011188533702164863,-0.008174761818558423,-0.001970830275434496,0.007490717225677868,-0.0043331440791236405,-0.0006091299760243672,0.008177649706503504,-0.0008235342926188904,-0.010573548974025225,-0.0010454292231202589,0.0004724199311642628,0.00742124121238925,-0.00031571448103472,-0.00017727404485600872,-0.0069087710242712805,-0.0011049663593220172,0.3452207758674115,0.004418286813000893,6.297315084001009e-05,-0.06892548299824404,0.0005115002783075092,-0.00023791621235872519,0.00020883957752903463,-0.0025864413486082717,-2.8038616207806743e-05,0.05215306837082173,0.007494258951205924,0.0025783877796891528,-0.00544429254333726,-0.00018292340519997122,0.015718675131796634,-0.00039716634180766454,-9.515210727858905e-05,0.011883342292670677,0.003903752434795362,0.0007303669180451213,0.024177402643514884,0.006923482700779378,0.00048428646001807615,0.00057706513122386,0.006224862159198529,0.00499509956667961,0.0013954475636640817,-0.0004870287092674612,0.00014474052455783554,0.004227444269820298,0.016124264260978162,0.008886306851031322,0.008913599494668946,0.0014479029448422297,0.02450119148795719,-0.000190533691247178,0.008114247089290795,-0.07327341532382187,-0.004748538703243124,0.001113693986522438,0.004421927933656122,-0.0013852060878395238,0.0006949461443229554,-0.0016777125699849191,0.009508024427462123,-0.0011500407621834099,0.0025979592928099767,-0.00317986177969336,0.0025841186359521805,0.001162085732257809,0.003815194249721259,0.001956893517922519,0.005997537717508755,0.0005589213449723456,0.03342835859881152,-8.001781748743375e-05,0.00010642623389203005,7.174809189420476e-05,0.004607515399591462,-0.0016148683646501415,-0.003378856950185631,0.0043357902996075505,0.0019476841150127366,0.011951853314674674,-0.007229269794308252,0.00203369886289723,0.0006285461457705899,-0.00037349519572220727,0.0014322404536121422,-0.0003555154452680642,-0.0004916323813368008,1.0034254322730321e-05,0.006903386388617141,0.0014008326451122749,0.012371969926696947,-0.006092222976460813,-0.0003499152150975198,0.8359634589782079,0.00249604366218423,-0.0001841352695815777,0.0029064569493526264,0.0020966593085842426,-0.005124492951328991,0.0002468256681755163,-0.002908487968041754,0.002125822700188764,-0.011891862461417584,7.36580968786519e-05,0.0029005408422149445,0.0010819286112993087,0.031897015241900625,0.0018564371749350823,-0.019906716142500426,-0.0013657795112963183,2.3772254509764218e-05,0.0013897518135550485,0.00030685832650645384,5.625473405142939e-05,0.0005972873109960326,0.0007407590777001394,0.000976044450264914,0.0003610005466780839,-0.007907756157821806,8.414639482893713e-05,0.0037983537970674125,-0.0011275896990503211,-0.006280161984962895,0.0076567862830358956,0.01386638723155549,0.01721007981318652,0.0017529395117723576,0.0013297526613052306,0.0007018795927072087,0.0009701210314454036,0.00017528936025104115,-0.007566812217294659,-0.0010167409625377807,0.006787755152341478,0.0010200695301105834,0.005640439143667509,-0.0051698494917473085,-0.022300982721186486,-0.0006459364487238339,3.394123901402534e-05,-0.0008378946003657658,-0.03347825072214633,0.0007424852351348061,0.00022977332370131462,-4.270408351831354e-05,0.004795614429686491,-0.0196193287223001,0.03398214802218695,0.0005951816415612054,-0.005072082505248056,-0.0013246702197211987,0.00015801306336113855,0.0003194642720022868,0.002281625403820113,1.0741660958902448e-05,0.0005937514946724185,-1.4252982462289662e-05,-0.00014498681587544332,-0.04892600181297803,-0.0021583483883832735,-0.007997661955357425,0.0032691878341970628,-0.010054408257258,0.0010977996045194206,-0.0007349640570443157,-0.0036585573706492194,0.0006133536642378683,-3.104406315071275e-05,0.0023446748677097254
92,-0.0002720229707489215,-0.00406181066864484,0.0008431862556631869,0.05774108815786125,0.00516830331699936,0.0006865738489397338,-0.0001307617759737298,0.013180639462872137,-0.0006890100329777077,-0.005241933257679812,0.0005090783911980553,-0.004045457636254784,-3.1215504366952085e-05,0.0011195612713750108,0.0014311249299777881,-9.172164681454237e-05,-0.00019647339214222577,-0.019654912469301886,0.016268332151072616,-0.00034870990399038515,-0.005364923668964995,0.00024871701968108497,-0.006660841194921361,0.002001791163283591,-0.0009372333308715411,-0.005346560297414635,0.0004007889620456927,-9.761209734115983e-07,-0.0007435119796183123,0.007445458045557504,0.0025665369863349316,0.007241223826822227,0.00023657542468569215,-0.0003154493255239986,-7.210509459329266e-05,-0.32292322941095963,-0.008269333118476024,0.0005319154544247695,-0.0007223145883379217,0.00023806670393925557,0.00019152880887234768,0.0076926284126749706,-9.478165761349962e-05,0.0005726695533251932,-0.00921543871226532,0.004617462232690077,-0.030098248438471805,0.0004777973205664569,0.7992734203329708,-0.009773212581898574,-0.016605935755632194,0.019215992509593972,0.0005296942463269647,-0.002694273107003549,-0.0017994084249981527,0.00011543161739197916,1.339093016192866e-05,-9.616541740307136e-05,0.0007733047190738663,1.7963996076567762e-05,-0.0006721471534838824,0.00114798254584347,-0.0018812431981572275,0.0010775933678841268,-0.0035414309089002154,-0.00041841703192998565,-0.010473722156826692,0.000271587584323693,-0.0005489879007217128,0.0008551411501216961,-0.0011442492401471135,-0.007899850120464928,-0.0006399060131945166,0.0017497193482650015,0.0001517331401784689,-0.00032016405501065354,-0.0004861306198958122,0.008602278464257254,-0.0004934015433134499,0.00028656767413746086,0.002643160047729988,0.003340545935506453,-0.0003165242730138844,-0.0012835566100816076,0.0007805780238566591,-0.011666084036552749,0.0017656322746909415,0.0026541988213804497,0.014691975012831789,-0.0005512696369630206,0.00532529775002022,0.017957201511703075,-0.001960617242733099,0.332882876407433,0.0005442206882651354,0.009389912985799956,0.006339135696239931,-0.00559444909605358,-0.0023689346022818907,-0.0007117981717464086,-0.025087169919367585,-0.0038354336944043067,0.0034017031196743805,0.0023803671608327095,0.0007790760536556239,-0.0010166006268727,-0.05699690658911071,0.0005848567061197765,-0.005314556886978353,4.904264452938198e-05,-0.0015573861563216778,0.0848184370587657,-0.0011343164640924613,0.003860724615048023,0.000592521342824311,-0.0018894236224308667,0.0026046685851723104,0.007130889307950474,0.000486723622668495,0.00030861181080210707,-0.0046523615233825845,0.0023788895951957706,-0.15837359078295904,0.0002610423268787502,0.00013711671935208317,0.0076414815057855735,-0.00019044302839020115,-0.0003150093472449797,-0.00044223268040446614,0.00598570255841428,0.002704163572758408,-0.0032068457017540883,0.005014938862497466,-0.0021805796563208954,-0.007648495240645101,0.026146267821048116,0.0023371512705061947,0.0064842176104193475,0.0008626755983035749,-0.006101657947576958,-0.003573111392458913,0.00043964250449498015,0.014068635534593265,-0.0009227275971153375,0.00019403711931831574,-0.010816822171742312,-0.0035653332090288853,-0.10515618807811529,1.292033276257698e-05,-0.00042547256680063397,0.017404300483347106,0.0005053661287735395,-8.138774472905131e-05,-0.00037807890035674864,0.006303721901028825,4.3762116889298966e-05,-0.010285051154367543,-0.04478161189142164,0.0006542100848089063,0.0001881525902516206,-0.0009818235881227382,-0.006157922312328535,0.002498707879549061,-0.007013418014679718,-0.007005022981955667,-0.0003337511767441052,2.3670820288740086e-06,0.0004371663094906164,0.013453150478786504,0.002980199407515644,-8.810823082083981e-05,0.007362319509330334,-0.0012902752174335558,0.012964487875143524,0.000928117653033439,-0.0003855988663792844,0.0016726020875648625,-0.005521761202741767,-0.0034666393233566207,-0.0017443582990022966,0.0006015452188890009,0.023786662997986152,0.0016882683121805264,-0.0037943741316386623,-0.0480098329513413,-0.001247782004473506,-6.424111856232476e-05,0.004330807183873657,0.00047614377658542536,0.0037605805399822416,0.0008203202771086275,-0.0007917116938445943,-0.0003201358519853729,-0.004965231130686346,-0.008083185464578188,-0.006954580253054737,-3.9740619215365956e-05,0.0008164443651178266,0.007982469177506531,0.003572917771974602,0.0004552742073031565,0.05808254493126168,0.0006653182607123587,0.00012739758237393164,0.0005635170184294089,-0.0016070286693671571,-0.004629515662388778,-0.0009214273128448211,-0.0006655308338212105,0.021243445320538613,-0.0027228751473233797,0.0005710949849032738,0.0019691757836633275,0.004865582615937439,-0.005345346761626395,0.000350663542615762,-0.010059016259245171,0.003039269214010931,-0.0005249513178364881,0.007543443296020392,-0.0009231848637050342,0.013571436448704967,-0.005788082771421654,7.980898892852176e-05,-0.20775586548720645,-0.0007380074005037358,-0.00032833205490841606,0.002098551526311379,0.0032783034511371955,-0.02648811101775123,0.0001249243603626262,0.0017135956856221782,-0.0034844745151505555,-0.00828044131389808,0.00015645640278291495,2.6946318308984635e-05,-0.0012099772337110896,0.049170797962780635,0.003527175068109808,-0.002024306408080063,0.003827737210908729,0.00024174661548500827,0.0015254400094917274,-0.00016916430845823917,-0.0020783949124896176,0.004943796161518231,0.007845070306775996,0.0014662710844674872,0.0004090659260202443,0.0014787432288452182,-2.5814471682518436e-05,-0.002468219078544817,-0.00045489083184591166,0.010093322540050423,0.01112630299193932,-0.001898973229253973,-0.005145729480990804,0.0071702671583870866,0.0019606408941567994,-0.0005381709058382344,0.001371680859162781,0.006829147795008398,0.0006348983616093421,-0.010314122172035471,0.019015082944244834,-0.00011363596368010176,0.01851307194409137,-0.0017594910684830926,0.013768230422110674,0.0009972363880080954,-0.0002533500314307641,-8.486601129107903e-06,-0.012062692618806516,0.0018769038408975528,-0.0014128922457055217,0.0006091624663239212,0.006141237013209013,0.005767062282689997,0.11178638538832981,0.0019702222949027266,-0.021947260319748314,0.00037133519507548613,-0.00010520109387922346,0.0022610201395792677,0.00115213570801929,-0.00022762735281194654,0.00081640052266809,-4.760696629134333e-05,-0.0004626483985994377,-0.028911657052242846,-0.03994097789925219,-0.0010387382626733405,0.004731404477280078,-0.014890646754494325,0.0007386315144583606,-0.00422359778036007,0.12466244728781307,0.0003078531924683248,-6.635573587614207e-06,-0.0019617065588934638
93,2.2529590254449237e-05,0.001444736645677442,0.0007249918698921832,-0.024543739252534256,-0.05628474944883398,-0.00044793701241501675,-0.0002616892398907278,0.00042350416890282305,-0.0003045839406796032,-0.004191931743743482,-0.004258466185335352,0.0727908684647748,0.00010025491587131209,0.0004408308589647055,0.00031240039566087126,0.004559075797647074,-0.0003165768871346116,0.0027389484990653734,-0.002112452082565819,0.0001463551612912485,-0.0030161517127167414,-0.002475927921471972,0.005657689205639896,0.012031328014459917,0.0005463260399538963,-0.0007960088827856696,0.00014825406443239947,0.0003972735815415823,0.0018706096308584662,0.08628485517164373,0.00129606425461789,0.032379631134022625,-3.0862736739209126e-05,0.0004999495291469424,-0.0007685101461399144,0.07258530231429453,-0.002233762027619801,-3.5187204759584885e-05,0.0007881475969858682,7.124893142790485e-05,0.00046417560749730414,0.0005671269241843625,-0.005421134693150244,-7.435204571992998e-06,-0.0017550682493980112,0.004918984909408821,-0.01172644165209924,0.0011768798706076253,-0.025522254157852912,0.05489227998438537,-0.013864103576142869,0.005049842952685301,-0.45265420881376783,0.0010696879067702996,-0.0005086613993961764,9.702111968555908e-05,9.566957007916621e-05,7.814440544875973e-05,-0.00010684650342736394,-0.00017042450059500552,-0.0021711193839287287,-0.0021537933771740036,-0.0015643715603047101,1.4330132671040773e-05,-0.004784857752635801,0.0014251645870716626,0.008181882222849447,-3.1044022704778944e-05,0.0032073383255111863,-3.8652496542480874e-05,0.0011563130520632313,-0.005849123705978024,-0.0002827451003834249,0.007213346478049889,-0.00042190548007093806,3.704690434616197e-05,0.0019635760398687835,0.0002311981629604591,-0.00166001601927495,0.0009745902685879617,0.0007897598277219265,0.0006935595136442264,-0.00025298022119546557,0.0031444294452392892,-0.004673776758220785,-0.011888498792935135,0.0009926672798387538,-0.09059282047975048,0.0010030138785104069,-0.0003582046440863129,0.0036013334001883525,0.0003033181604873384,-0.0047540517861612425,0.030003050839701652,5.9988877630068414e-05,0.03340289611831495,0.005158256528949044,0.016821252548648708,0.0017692545331801056,0.0033244178908506576,-0.004616469802436127,0.00854293124176861,0.0265751975440164,-0.002935625035493961,-0.00014498129878183583,1.856598267994746e-06,-0.14946082261047652,0.00037508128703278814,0.022992485943884255,-0.00021587953322944252,3.317270080707875e-06,0.3566422291347246,0.000652891353719162,0.0013624296626771996,0.0010461122136872017,-0.002308627834949128,0.0028079341873683385,0.007783169229983979,0.00034668136026846745,0.00022620402913371942,0.032249321559214256,0.00031610967911181834,-0.10220537780541113,0.0004044393275619399,0.00030772546306100817,0.03850273068682882,-0.002515301745691615,0.0003689983892199122,-0.000416376587569673,0.011710650252596223,0.0009132210244881396,0.06274045617850445,-0.07749477821318491,-0.10438338033065934,0.010399805119747859,0.049438989738510464,-0.00011977562256680098,0.009189492070545745,0.023850778106155438,-0.002064337358843705,-0.0024892661946539253,7.989031146108955e-05,-9.627501403567705e-05,0.0006594001650771312,0.0006866540587837099,0.0011328815241387073,-0.0004466371950322968,0.18984903123815397,-0.003518771221164424,0.0009332919821979696,-0.019352702394743584,-0.00033125140287887237,0.0001303049272749834,-2.0277503081485307e-05,0.04732036913243244,0.000224949091428594,-0.02070454971470089,0.0023627892933322284,0.009047310241531974,-0.0004054410824687509,-0.0009479219538803867,0.007217710442951044,0.006998254433854634,-0.0031891295715617343,-0.02757665588529953,0.0007043765389316418,-8.108723154284352e-05,0.0024825102360506845,0.006891629254361528,0.01048761990615797,-1.4862203413031029e-05,0.011227711106207395,0.0014839368435982394,-0.04597410805796214,0.013643590466602818,0.00023812573550867168,-0.00012283498857098757,0.006693315780275461,0.005529928642571473,-0.0012959743421064648,0.0003382060373932766,-0.13769321397895842,0.017169390395608494,0.0011627318559672929,-0.0023604171536946005,-0.0004464218096024012,-1.0592939725986936e-05,0.019042686108202252,-0.0017900542450027257,0.0033746735753316685,0.00013190366436525514,-0.0046631471676784,-0.005229523188266411,0.007478534934581069,6.64835615050239e-05,-0.02760465224053417,0.0002473935696515638,6.716315336745876e-07,-0.0006506845091261313,-0.0006819940627124542,-0.0008272684015497686,0.0003659019964029758,0.0011285614761582983,0.000474176367643582,6.151401773443546e-05,0.014731529988370967,-0.00048020912384785265,-0.002556449522528155,0.004367184008315438,0.0008676286816971213,0.0016967058868765069,-0.0056549534204505935,-0.0003139773860507987,0.013578813254495847,0.0018193180826062312,0.00045662096936608136,0.0026547320110629907,0.021168826712397115,3.872921627171705e-05,0.013301074760602839,-0.001369056723580987,0.004460788988663836,-0.001469848430063933,-0.00011564436095996096,-0.08246166779431385,0.0006836928694948979,-0.0001598610768490876,0.002583932971889257,0.006834802846808571,0.641581709714281,-0.0006551150449722537,0.007529700840279602,-0.10460108132209998,0.20231241901562733,0.00026354759788957795,-0.000350002718652966,-0.0009634381846741192,0.008292481055530725,0.0012073161629682673,-0.0237887227096336,-0.0008375768555464618,-1.543094520439016e-05,0.0010083932158612794,-0.0003948316719286548,-0.00030614902688204555,0.002791973912415872,-0.0008375005355370131,-0.00035633833788424,0.0021679818910755404,-0.0007469326261333162,-0.0003284165233732317,-0.004008371535861981,-0.0014781766240574905,0.16167777459010832,0.010668635223648857,0.0006948727166162852,0.02236234353090749,0.0010741720465685194,0.001209814008716914,0.0006428816009076523,0.0010372222798861737,-0.002792999099945135,-0.001520526955108929,0.041629438609664685,0.0012029323569531197,8.35111150878528e-06,0.018258472439910408,-0.0013343581814588418,-0.006627988967606419,0.007743615032839119,0.00028828885099509106,0.0026461487935330865,0.00271959854623638,-0.00012553012917835166,4.348684081386219e-05,0.0004295011570979825,0.007770679941008916,-0.00261027817154854,0.017927099517782884,0.004206323235337272,-0.016773967176578905,-0.0005415167686178748,7.480044242453624e-05,-0.015772339714316186,0.003933720491301885,-3.692853653337683e-05,0.00040421623611780954,0.0020155793040573175,0.0006734083381905673,-0.024657377403708297,0.0030549231507768383,-0.0025532066782107884,0.00601102629892763,0.051315660674514284,0.0023217223630835303,-0.0025070716186805318,-0.01305791005008789,-0.00019328876238007694,0.00017415006216595357,0.001259218335403702
94,-3.2612914086961755e-05,0.002309570096158771,0.003219909585111465,-0.15066696022236986,0.029129460642831277,-0.0007799372617910048,-0.0009142116787497182,0.0008882376416454413,-1.7111017685066295e-05,-0.006900913340454197,-0.005199352298724291,-0.0956609537015787,0.00019998725681943377,0.00028483217363744866,-0.0010396971821816708,0.00632282612538013,-0.0007636739137930162,0.006479791403618656,-0.003935043069638546,0.00039525045875577706,-0.007341773419764301,-0.001273600890013267,0.0035665222991058737,0.020421637350452545,-0.0006497504711594137,-0.0008902581191212056,0.00023955654703509543,0.0007495332609442941,0.0028891575031268647,0.13405560886861623,0.0019407089827922774,0.042765605511549946,0.0003914028852938893,-0.00023876319261070637,-0.0007155868868784082,0.20461539771703438,0.00010905710612961819,-0.0003386514108438129,0.0011876880402790068,0.0011701783748830192,0.0011792918802180966,-0.0017511159619981744,-0.011364971358931176,0.00024226813988278582,-0.00028406563296100827,0.009965132247677266,-0.02198552591445979,0.002512245743512947,-0.07705677106025569,0.08350410282354626,-0.01652600726218639,0.008146708795133238,0.2929275622179622,-0.003629816884773738,0.0004597174345384661,0.0005259070453518134,0.0001713253906570275,0.0006389995663171713,-0.00021081475546750271,-0.00015486863022783418,0.003046164164245724,-0.0037847859692982065,-0.0016035600342993335,-7.339820684715374e-05,-0.0065698224725250255,0.0032482253711315296,0.023519784344374153,-6.035093823479501e-05,0.00518636936217437,-0.0007434619360513137,0.0027482752108097526,-0.0052873213166567444,-0.0004919477589708131,0.010182706946043164,-0.00014084343482483118,9.328534692673585e-05,0.0031453844761276544,0.0008429814816753971,-0.002218171614367586,0.0014056994073368438,0.00010183770690348385,0.001226311414844227,-0.0007725635454941,0.007396948349424115,0.004372911530370012,-0.0202368174249504,0.0011495157481705223,0.058077435712102804,-0.0007417466052021971,0.00013227096393826632,0.005363987394079279,-0.0034419107254779657,-0.006915082735763675,0.14246048775557987,9.393956132530842e-05,0.039298411153013385,0.004784148935259228,0.020793560068255012,0.0022234744830304347,0.00516188888084205,-0.003984639918168429,0.01589542419692778,0.033174406070718025,-0.004695248281155634,-0.0001626331700284346,0.0010764997550514765,-0.21676788385151866,0.0008773787054374336,0.02953944897285195,0.0028022245297093075,0.0005371605457296629,0.5049559003465534,0.0005429643173722916,0.0015895141235087729,0.0014863260766562036,-0.004836173288817833,0.0037872940897101977,0.006806231766671937,0.00036503993818628143,0.00017296826419461574,0.05052845544871089,0.0012055923856719671,-0.18178663069095446,0.000570805821355089,2.7943549923897977e-05,0.059419675404936374,-0.0019584491167356803,0.0002611218560608741,-0.00022491889325349824,0.016068374865248328,0.002639332294198623,-0.04390209807552093,0.06631597194368513,0.06562554645329159,0.020536587603426484,0.06635254478390855,-0.0013238746681232564,0.01393239580933811,0.03779613125728818,-0.0013859261929176064,-0.0034228186418818747,0.000730262948533233,-0.0024844799737828243,-0.00011203544681523322,0.0006811814242488222,0.0023517603773133954,-9.650747805996023e-05,0.19206052395657014,-0.005312971659690968,0.001829446701791905,-0.0172512194626549,-0.0006822049525330317,0.00016634659028148054,-1.1147048056801465e-05,0.06882835496352825,0.00044881452552122334,-0.04533120994520602,0.005488100356054656,0.010893697794534252,0.0004986268816326383,0.00046683080621586805,0.009020649909095402,0.009640069443399492,0.011217355454740929,-0.06341291940553825,0.0005923934021056954,0.00031125050723937366,0.007473204699307382,0.009009839732561482,0.026040183354104896,-8.76070373435709e-05,0.020532844070771546,0.0017970968768055717,-0.06674883685844911,-0.006623053719531343,0.0004124512516750345,-0.0003908957797044133,0.009496014500246345,0.003252362731717669,-0.004274024715464983,-0.0004666926623582354,-0.23508721559859702,0.017540552908498173,-0.0013857442204468404,-0.008764951596231724,-0.0008849812559508126,-5.057127765214424e-05,0.03336997798500348,-0.0021703706931557494,0.005899200918107911,0.0012624368943309604,-0.008791418260258248,-0.007220282911632949,0.011972660834897366,2.3540954231657946e-05,-0.03843499270546771,-0.0009024113116880336,-3.4612713644643326e-06,-0.001744781240068785,-0.000701176575559006,0.0006072390919575309,-0.00784926165368021,0.0008312884170156394,-7.556861675611865e-05,0.00041855996901336357,0.023846595775824504,-0.0002879730854183091,-0.00442539500975014,0.004156967929887207,0.0012671437026826554,0.0021927352698504956,-0.007256312513303944,0.00023766011610100338,0.015415543312840516,0.0033545036230559697,0.0011675262153135598,0.0003315023898598987,0.026803626877575943,-0.00031956421493615356,0.01713386088119446,-0.003162855865532063,0.00676281497265308,0.0011644939904489051,0.00042549355041906177,-0.09475713599852349,0.0010154243382952165,-0.0003917361117269137,0.00448343491814615,0.01236571765042622,-0.4102498022902951,-0.0005155647152049063,-0.00038461448360416206,0.06672733135075629,0.3026696333403098,0.0002529837954486965,-0.000711181267340964,-0.0015231305669610043,0.016782087007638717,0.0030009391198382164,-0.033720685238313286,0.002018202500200208,-3.902645742153961e-05,0.0020141640289357264,-0.0010808647259806523,0.0002880747500923833,0.003511333319902114,-0.0006658830127917889,-0.0008426015880817132,0.003476791196850781,-0.00018086647334966156,-0.0006595896650774258,-0.006251681391881184,-0.00011465944408389767,-0.11255721945670814,0.016323353160780475,0.004126370604021471,0.02514056242564572,0.004913541921759927,0.0018931807250104704,-0.00042008612111580496,0.0018488387071224754,-0.007998797123415228,-0.0003572405854302997,0.0605820183238481,-0.0026268467821856144,-0.00025233941690256344,0.0128922089934054,-0.0017987258832903538,-0.009223972105872997,-0.0017372692512212164,0.0003618985693599178,0.003798003825848083,0.001841480453867964,0.00023392639491356623,2.6597092110113973e-05,0.0001231929171263222,0.013771423454531669,-0.0032124440313771054,0.014315367571668257,0.007334713077733893,-0.026410137771422953,-0.000700525746637622,-0.00013675091991281199,0.011031137744696502,0.005502782778047938,-9.644783083761653e-05,0.0010445935260306816,0.00035492194407657105,0.0004278268974631516,-0.041650056321136615,-0.0003387333255749801,-0.002984534751909032,0.006038938041601625,0.07110718264177945,-0.0010760980273833332,-0.0026539316488253077,-0.03804115139108934,-0.00019301743393460111,0.00036506059985930324,0.0017545864314008287
95,0.00034060263347000504,-0.0009713764747476643,-0.0005144711653242715,-0.26074799235755264,-0.0018707128380040829,0.0044979645909594,0.002481159516720198,0.01041056603302512,0.0006393958219888321,0.00033508422475029415,-0.0028208471345973,-0.008174322825015484,0.00039577500937417603,0.0041674683375139895,8.870624378938541e-05,0.003035365562341699,-5.43645940625395e-05,-0.0010088357494334559,0.007264336195454989,0.00022313640944620489,0.005320511182119396,0.004990350211804296,-0.0005202870528411944,0.006673273474224306,-0.0006876535815429213,0.006372076968677823,0.0005899420764515738,0.0001713686422753491,-0.01476168639828307,-0.6236762808686245,0.0004843725646914085,0.02086591275779901,-0.0017696793916070624,-0.00032826602697464975,0.00039910417061453374,0.1514464918271582,-2.88137223297541e-05,0.00046791446543086816,-0.00010456316176122769,0.0014257362608100788,0.0007018302475502699,-0.007457877629653354,0.010593461851656636,0.0004268695220589081,-0.008054773128482136,0.0019750471827957167,-0.013664320517834363,0.0019337157031341784,-0.06624300112379147,0.020410210884615636,0.0039621067805556826,-0.0016534981209144458,-0.02878113865932003,0.05991627795058148,-0.001962329044691246,0.0005740470341943308,0.00014874520662219726,0.000329337879402581,-0.001560684859821847,-8.397218019608882e-05,0.00044917738184512175,0.002508455995998171,0.002445731581142358,-0.00024319201314409273,-0.0026019899048168316,0.0015698470581523545,0.007309735812137928,0.00027428406538232506,-0.020755746276075897,-0.0024010574188366163,-0.0014467632437796443,0.00035167114037626575,-0.001219879625497481,0.003728896184986125,0.0012325679828501367,-0.0004860775987396704,-0.0022872510323154946,0.0062239105517807244,-0.0004957096312913946,0.0005696934245343933,0.00022428004100063484,0.0015476239150633425,0.0008121329336660058,0.02956487801611085,9.204435382839226e-05,0.08027560352592948,-0.00036671809675092176,-0.0062620180996639865,0.0010903684667689772,0.0009618802345752464,-0.008287833176628154,0.006675742428230205,-0.0028134187416321774,0.22142070127481495,-6.415572277691545e-05,0.01717659468559305,0.0025009860239979574,0.00676349839898277,0.0020403851874195578,-0.025743215783339456,-0.0004233318970752742,-0.008769600148903878,0.013877589633960788,-0.0020133339894147784,0.0001767514901042811,0.001174598054350294,-0.10751413886280622,-0.0006580026366351313,-0.004984365195929798,0.0010713770830122074,0.0023389615390262512,0.18025108574816154,0.0009124522390852527,-0.0020309724662513143,0.0005295736019707148,0.007215933448494173,0.0036756208811353245,0.0027902453539188823,0.00011653071636854966,0.0004103255782861486,-0.2658429503060901,0.0013420139769434562,-0.10454350138246196,0.0002097046236398353,-0.000438840390760524,0.027201823526851115,0.0033155886863210937,0.00033186323354897004,-8.076481627625198e-05,-0.076314691479067,0.0010431846875973722,0.002649558932153305,0.0015815855205834513,-0.007107367278239782,-0.0013895135244236245,0.031144435871574026,-0.00031783847179416014,-0.002597388403840002,0.013659917215432932,-0.012708310965952813,-0.0010889292090740105,0.0018338509849334036,0.00048019510934914724,0.00026453699610420634,0.0007267737828768296,-0.0078114747094411435,0.0006975478500819161,-0.3108866941491109,0.012137386722872866,-0.001697739963158854,0.027534087532306725,9.186810814413443e-05,0.00020865147715681646,1.8163874621484905e-05,0.026470634911215145,0.00014461710712340795,0.05364103009608437,0.0052976606233783,7.698528815416623e-05,0.004503394642765113,0.0007780435571020728,-0.013304143918800356,0.0037274082597335083,0.0028177364153156963,0.11150602684431135,0.0025977889301066143,-0.0003621376124001985,0.08119796412120855,0.006201157450063439,-0.026930675500672484,-3.964123369182629e-05,0.00405862536323353,-0.0006713356994337274,0.2594879195307471,0.0012861492240616515,-5.634955951882713e-05,-0.0003425975870036191,-0.006748322287919541,-0.023051698429199633,0.007759697764484902,0.0003355403270600965,0.18973935919424825,0.009820863800411916,0.004798832528362563,-0.021365771188946413,-0.005845163862661679,-0.0002044384304158084,0.005082803344623223,0.013073486266650614,-0.007861123291798226,-0.0010105792822413806,0.014910334553716507,-0.002395648760976324,-0.0028856934781133978,0.0015035929914729695,-0.014822767523617213,0.0005428921472492802,-0.0007557937526218588,0.02181702269171373,0.010711789469857414,0.0002553768055918188,-0.043230746209533835,-0.0005836793147582369,0.0001082592344852501,5.856056206789053e-06,-0.09132690174800118,-0.001426619194259359,-0.0034633354584195017,0.0002846098785655466,-0.0009228537060240244,0.005817847803614679,0.0038685998242859593,0.003709832918669516,-0.02450740125793177,-9.828692368318848e-05,-0.0016608024424520956,-0.0016719956014450135,0.011916468150957118,-0.0006948246224026816,-0.03338435587141115,0.0016928269658314328,-0.012620016723925858,0.003132524746675386,0.0010090239150127647,0.12501824435124487,0.003196352373309703,-0.00023806805806072823,-0.012408806704881977,0.003645960794683669,0.037055561965613736,-0.00030667369562964626,-0.0006078177192473735,-0.006272520903274348,0.09584131405491618,-0.00028536200365347417,0.00216050881326676,0.002645272053715824,-0.004281953183169089,0.006702824231989866,0.1806229705687865,-0.0006461840107733182,0.00014255469796930695,0.0019186973604665303,0.0002791775196485292,0.0007869543197265433,0.003206562211837152,0.003387712859983539,0.005316343043476031,0.0016992342295750174,0.0023581499000152224,-0.00013100106294924863,-0.0027629843846533374,-0.001120514781598539,0.00888329493720913,-0.03190656914112087,0.0036340243346688387,-0.002981018481037559,0.0016869789962573834,-0.0004914049838575479,0.0029043317154857917,0.0023387607870733254,0.004873858872672193,0.0019142532303483353,0.0262032676298551,-0.0015678461428509012,-0.0005471061715154385,0.010627023001670722,-0.00815529919796578,-0.011055328232046243,0.0009149654104662695,-0.0010365095335731437,0.0006084279754229724,-0.01057539989977676,0.0020073556987382775,-0.0013629206344219508,-0.0025043121897856454,-0.005575255528040732,0.005545398097655805,0.0015887814555524769,0.0028900212149224856,0.005648818127661885,-0.0005041346009458381,0.0017578876879045622,-0.0021910852266996492,-0.001063044462261166,-0.0002900761171395578,0.0012353376589723918,0.0001990182183791364,0.0001273959988382367,0.1210826754162964,0.0022914723088556244,-0.00030456874511031184,0.0029371154367965925,0.03353980102183491,0.0009880591217518962,-0.0038303658169895095,0.01873053741084163,-3.37387017641487e-05,0.00020726636818361403,0.00238388785126024
96,0.00025272128325565967,5.777843853301337e-05,0.0013132623006779452,0.3922461532059644,-8.858429781574001e-05,0.0016460754259167223,0.004817905792002766,-0.0112767562776619,-0.00039814112185560663,-0.0007507426710371395,-0.0009080514471912723,-0.0186154645305865,-8.159420652428112e-05,0.0021502284752638046,0.001890308388472109,0.0014200857887957385,0.0015118914905595312,0.00036002092453599893,-0.004327916771973698,-9.61234256349891e-05,0.001875477617414717,-0.00427237236328043,-0.0011580297794400868,0.005034440349127298,-0.00010723495985263953,0.0020556859410528344,0.0002569106044120837,-0.00022521540078936086,-0.01017405031080975,-0.3678184551940781,-0.0019836409129208588,0.011384516336369072,-0.00033914534736752266,0.0009605120981366587,-0.0015295413595305951,-0.36784096568174557,-0.0002233296653605249,0.0004349328912966856,-0.0005850213924394471,0.00010449167351176032,-0.0009140333359543046,0.006611097831975861,0.0024256108018725093,-0.0008944991885313379,-0.011279801629558266,-0.017030872519770944,0.024757831562247836,0.00014751711584735754,0.008785246680733046,0.009966878924401155,-0.015357280255651529,0.021586361591311012,0.05352191852441818,0.03567896277961416,0.00265591805185518,-0.0006693750372940115,-3.258552171098161e-05,0.00043188130993749977,-0.0007116028447677646,-0.00043743867824680427,0.0006553905073444074,-0.0015193133053078458,0.001210502639930829,0.0009721275163305063,-0.003075809022769882,-0.0029175627972341262,0.018425882834347776,-0.00039304767260773827,-0.014716355846451229,-0.0010092301913461749,0.000819326052371284,-0.008705126440050302,-0.0009194807849632646,0.00342857185467863,-0.0009696255969134023,0.0008275872523023364,-0.00465373425402448,-0.0029979211056151943,-0.0019571997057661154,3.7921579617840925e-05,0.00054750671263671,0.0012985185874836399,0.0025210562034359493,0.007172689541660957,0.0006676511757515119,0.046775384294790924,-0.00041239568943170213,0.010066872174346243,-0.006699014281990996,-0.0014355561031882402,-0.00043401611416340677,0.01947954524213886,-0.0013054707134398658,-0.4243629055959293,0.00017110499280902926,0.012097119553142984,0.0019716415503937944,0.012830781830047721,0.0037014375384978315,-0.017181442167962486,0.001843894229751173,-0.015729052303895014,0.009816887206401493,0.005839757508425126,-0.00034531628972267296,-0.0003213787551733646,0.004567558905800906,-0.00015997509423989039,0.010299538316325595,0.0021972268169706084,-0.0019013832733137948,0.14837883312278852,0.0031877707992971974,0.0027385616412912784,0.00010044068242204274,0.003790188891116156,0.0011361481721420242,0.0014106432246253214,0.0002934998868982207,0.0005336965859169592,-0.18458276656940792,-0.003778474041907117,0.006400125096355626,0.00016627890626804586,0.00142225160240359,0.007049365000719751,-0.002662959480649328,-0.00021464735134784675,-0.0007923019945298634,-0.04720736396074404,-0.006538321040632509,-0.008135177799589402,0.017344503495511976,0.010547120014128494,0.013753145456380596,0.026777270491881364,0.0007838082230579857,0.002905745850409071,0.008516637725013938,-0.008261561841055486,-0.004215443200530505,0.0002800352317525452,-0.00016929079272732129,-0.0002913054925450256,-5.411063932758264e-06,0.003088510998450422,-0.0049442807552073096,0.4072938840527356,0.004963248157044124,-0.0019537510439349283,-0.03974223772048649,-0.0002022316210258605,0.00021453831365297836,-0.00015172108090152686,0.01852984961377653,-0.00023225208681702128,0.03325221897136882,0.003287639566594054,0.00456175959973875,-0.004786973666090055,0.0004092949034905434,0.01918269710484373,0.002581589847787637,0.0006403345463622655,0.14852172795019203,0.0003076168503977351,0.001370041641085491,0.01640707152916765,0.01426018784032591,-0.05570986657193984,0.0003514676930158958,0.010637487301580255,0.0023268749310290777,0.18756081492207938,-0.000737275526197961,0.00011893354844965439,-0.00018999057736951322,0.009666643409854285,0.010693218008986923,0.0019772294588596678,0.001365582492674093,-0.15907263497661617,0.004006326658752904,0.0024952577360871694,0.01704323739756589,0.0006982382707691505,-0.00014601782346575134,0.006140596528648172,0.0066478468512952,0.004971548530145031,0.001584018444382199,0.001928396856874878,-0.0021334160379257137,0.0043505574803316925,-0.0012317222271088918,-0.007689169040747415,0.0005637619692958019,-0.0016156089401210818,0.017119191084198314,0.0008062969775864102,0.0006898947158980231,0.043867346841770655,0.0014976131290675068,0.0012241940978552244,-0.0005151567372725634,-0.06436741398943807,0.002751464934806918,-0.0014097236401990846,0.007937685937852235,0.003100049623719313,0.00046628580659921915,-0.0069423413317049,0.0007948339380966572,-0.01769598304094515,0.0006590289109285503,-0.0031765400911413894,-0.0027496115665182497,0.006827592716404103,0.001135760436790187,-0.0013559452499406714,-0.0005273431178600061,0.015514774380190048,-0.0024028967100543537,0.0008169384415455325,-0.13586606318499014,-0.0005431367360464719,0.0004071127847914435,-0.013045343187900968,0.0039296599602927276,-0.07102277874334861,-0.00014245763266216855,0.0011625395497588458,0.0127470947106062,0.07984551917625936,-0.00012791924267079458,0.00042620410106845516,-0.00020886672126814313,0.0027560069542847364,-0.0035904167300735744,0.11389044889598449,-0.0009219362418541191,9.953122827076246e-06,0.0006110540375261,-0.0011506242231337056,-0.0007265423988360789,0.0022800130263277065,-0.0038406614597639678,0.00013244768402389043,0.0003899903873542963,-0.002670520353338847,0.00023327110197010614,-4.682798530659341e-05,-0.0019473398974637745,-0.02179246372678001,0.013383158949200967,-0.009430601657112367,0.07206187958480087,0.0017274633179432633,-0.0065995530185283206,0.0010128528822033744,-2.9565405521325347e-05,-0.0007135287435505247,-0.0019890609039939153,0.010150354835327037,0.0015232311066627358,8.662755362639e-05,0.0038608290672481616,-0.0030007040783799205,9.31204170532586e-06,0.00018000455709039573,-0.0007541324953035484,0.0005772451292863628,-0.01052482536873588,-0.0017177566204209277,0.003097402318627586,-0.0009971318140390845,0.012112378812364346,-0.010413350004858768,0.0008908068289140746,2.213480205403781e-05,-0.014870514990211362,-0.0008024399622499137,0.0013215974367987591,0.002919867346868538,0.0062603121810272805,0.00038747934444070754,-0.001352661956101139,-0.0026028324398981043,0.002713436778804444,0.10020526269726111,-0.0007506293756482998,-0.0017991353115631298,0.0025665003667743828,0.012246905271669523,0.0003783185498172099,-0.0022369607933452867,0.009258542777177952,0.0008441097833073053,0.000168579337091647,0.0028662396287307563
97,-4.2902407198623016e-05,-0.0005850992164311733,0.0060080477696553445,0.3220098898285611,0.0014806429538307638,-6.529171961312417e-05,0.002389390203007139,-0.006071188588660385,0.0003642430813576912,0.03172782451302868,0.0009363943545902427,-0.01524017832520802,2.4699586564732104e-05,-0.00178364953902377,0.0007513185490650503,0.003026290454814295,-0.00012922971769304968,0.007805698190710111,0.003049977986425943,-3.752144029310709e-05,-0.008596545561275419,0.012028387637103028,0.003388994213049887,0.00802890722027123,0.0006537260059617037,0.004140372411827577,-0.0009556590466241912,0.00010762498024124902,0.004913306654387873,0.1276970425240949,-0.002600196383652607,0.026025459874293392,-0.00026601700520317677,-9.68140542565235e-06,0.0012908499370925357,-0.1786550333457239,-0.001855225117978511,0.0021333584752613564,0.0037169468987569808,-0.0005921838854028301,0.0010383035347211976,-0.001020622782543836,-0.013766546692897374,-0.0006247683430490171,-0.004603239405230764,-0.007829993942502424,0.008465946863700476,0.001827781873473093,-0.0351556479774054,0.00495103496104643,-0.008480990483306503,-0.035221273462598256,0.0021455780403429135,0.0015891285821798698,0.002443506979633813,-0.0005429099526821114,0.00019522680772802135,-0.0005301816672932419,-0.0005417209032530098,0.0004534383095538136,0.00033565113648879267,-0.0024528766178597184,-0.00015437545445841935,-0.0007617505342225311,-0.004994208335367373,-0.0018672846735816571,0.001942397081175708,-2.5073479847934196e-05,0.003789959647560577,-0.0011075306354865408,0.0016841166104218353,-0.009640698142186297,0.0002750127069241536,0.005931757651007441,-0.0006195138858698917,-0.0003301270352733532,0.0001520175169423682,0.015191119707495617,-0.0014723033005416934,0.0008580701760038676,0.0008831453908376296,0.0010373252485554405,0.0015786768192710531,-0.006212058454632888,0.001077186727736654,0.001100680562215666,-0.00010901647649665114,-0.0028332206792374623,-0.002939642279255936,0.0018787383268981939,0.00300097102835371,-0.05937559467354427,-0.002934565822469884,-0.2953687282378363,-0.0007778137110603068,0.02341858223262476,0.0036179605513140876,0.013409880640346879,0.003617761275457481,0.0062198074224903074,0.007635275600361039,-0.001092793307259629,0.014082629400635642,0.007166833934217159,-3.3764823326561805e-05,0.0012693807373189625,-0.03724956084568524,-0.003923925338175126,0.0032454162697274406,-0.0026614221501833424,0.004041488439662955,0.30384188690961245,0.0019179659681855766,0.00015622304956928665,-0.000772265261339708,-0.0059444578018609025,0.000756251903291213,0.0026819113218630774,0.00023509850867593405,-0.0008546434806173642,0.0780832330223554,-0.000940789683197045,-0.082003061749939,0.0001251348484288072,0.0018759115608542516,0.03595057704911883,-0.0014583007163150397,-0.0006494268273284936,-0.0004582795850112953,0.012418364124907759,-0.002496606158551339,-0.0017932982463369817,-0.00515900431143876,0.00816056272075174,-0.015108289153877512,0.031110002153116083,0.0020466331927243182,0.006495405164751444,0.016647514319506774,0.0012534712383778027,-0.0027789992551935996,8.470380959811619e-05,-0.0009484224558482834,3.5080301250462804e-05,-0.00041277846556614416,-0.014347177920947833,-0.004425829987973926,-0.693009900666968,-0.005327598019219734,-0.0007240447020821562,0.06890671686223274,0.0005767420722997581,-0.00023843124666835967,0.00010371969492594735,0.03839067126694583,3.541078367292759e-05,-0.05888332788696877,-0.0002571367768346136,-0.004768281308338916,0.004948553799406929,-0.0003628646682722683,-0.04342075302781404,0.005709765479346217,-0.0016118757658898468,0.027052823227813317,0.0001801130674458011,0.0007893321366572636,0.0017686038635554534,0.009519526080021448,-0.005789573595079606,0.0004286652385922674,0.017332011897279502,-0.002135141966636382,-0.03896236445170671,-0.0018976088051882653,-0.0011695702684839343,-0.0008465033850416229,-0.018078409149635908,0.007129001028806269,-0.010737924109850343,0.0024551420914028926,-0.1640640922348967,0.008246166524223988,-0.0023288137138346154,0.006248343171977262,-0.0009139126265276624,0.0009956911715682318,0.0020916632440661116,-0.003949463897978844,0.005227575918089875,0.0017989873037471526,-0.010187740414895303,-0.0037048912715346577,-0.006999695946395601,0.0015380398362412565,-0.01358050402780336,-3.479374849615414e-05,0.0006144680076870562,-0.003504959121877157,-0.002878798326860702,-0.00010242541722530179,0.03877575073024891,0.000892325635964178,0.000361272908421955,0.0001686065715135951,0.010669765450843579,0.004817633409116176,-0.00022933577356228085,0.0035235866074971346,-0.000622843882100804,-0.009725318191790767,0.008751536395224066,-0.0008202165045937014,0.007137077707013897,0.0031994380477947254,-0.0004379988974484489,0.001819694123007247,0.01707275668884313,-7.480026110941868e-05,0.008119040333647699,-0.0022572069244180264,0.014873996857472389,0.0019437779188546112,-0.0008707608997132691,0.30588681489768044,-0.002929550520783492,8.064448030597245e-05,0.000219737227947821,0.004676358463573333,-0.007328738647094126,0.0007470319076175354,0.0012567075618459475,0.008477705224833591,0.07685479418150433,0.00019017142815014234,0.00020322647252465854,-0.0015930119791865466,0.01192660300001773,-0.0037125555432772654,-0.06333216484640587,-0.00042565640217041845,-0.00012915660947161083,-0.001357344308618378,-0.0009489094166400677,0.0009897071930922707,0.0032128079621836737,-0.00046720841468605236,-0.004113099505160778,0.001874612541026276,0.00670886829952645,-7.136977547322898e-05,0.004245585189882911,-0.0014641590712213778,0.0209436132358787,0.018033280099287834,0.007224506662758341,0.08151486046455134,0.0035912957702929622,-0.0014676648468789607,-0.00377200125612033,-0.00042805342131516794,-0.009741668344945342,0.0016574479062140162,0.0006151650524947611,-0.0009692288658071762,-0.0002559263166280239,0.019056970840323918,0.00042062414180858536,-0.00990905423404898,0.0017752234529004472,-0.0003213294482878206,0.0015080721697783676,0.012830614166952147,-0.0013076459244928007,0.0005022564846345404,0.000952471296093904,0.016089471667134862,0.013852356851791361,0.02438345649735162,0.002749737144898589,-0.013263467080073324,-0.0017300873695916194,-0.0010313399336773174,0.0015217356437911534,0.004312129845647037,-0.00014132404590222534,-0.0012921119457698469,0.003469312301781988,0.0011587969012787427,-0.018157136241665678,-0.0004903185087447421,0.0012027344707722931,0.005992856838204447,0.010151024202605979,0.00011954959822573115,-0.005360137111920347,-0.03761100457707661,0.000679836841169618,0.0002624311615557987,-0.002272904805262221
98,0.0002555857179288679,-0.0008642999721342054,-0.005231908629675616,0.06766016181211139,-0.0028982969688704178,0.002454829135316975,0.0016569102117153407,0.0003123443637578528,0.0009250343955838937,-0.006264040800444279,-0.004243807730852032,-0.013396154511523498,-3.5035676875821986e-05,0.009887262547650356,-0.007153197989032592,0.0028413320852241943,0.002337831629432286,-0.0081437879653047,-0.0015466682438763507,2.2886997940535503e-05,0.032705246901780984,-0.0028252341267272236,-0.005430342093312373,0.00856662740251049,0.0009145487702201319,0.01715034512486277,0.00033566209954747836,-0.00014246435934025733,0.005438126621099396,0.15383880520153453,0.0009712911357215651,0.018201407014297795,0.0007673807764528792,-0.00027654891894697575,-0.00015631476450763196,-0.21597843817684942,0.0007879697393902915,-0.0007179408607753104,-0.004669402246828787,0.0012301029069424199,0.00010390966622298494,0.005088767824755166,0.05859950081328843,0.00043810377498844583,-0.004742085716463246,-0.004388595977585058,0.004988735863924733,0.0011591227106233452,-0.10233949283712102,0.00905579685479532,-0.008112903925828288,0.03478861532411454,0.02062184201472913,-0.010140167559277543,-0.001365938376517408,-7.111160432847572e-05,-7.424307884018252e-05,0.0018584510661233456,0.0019258882738810784,-0.0008337477439448668,0.0005072158969820764,0.007796726916534932,-0.0008137259971798581,-8.048141200245952e-05,-0.0040959746898802975,-0.0016769968097256045,0.02369636214238106,0.00016508295845350145,0.007388214800091435,0.0020433480039477314,0.0011680218221564818,-0.006607535058224161,0.0030289375504844803,0.0036798450538723304,0.0010132428955223496,0.000264315144489706,0.00341560436129559,-0.0052170703800912925,0.0005009325249493123,0.002129517720444722,-0.0004455138184551244,0.0026933712831610523,0.0019495954646911347,-0.0011962074001677396,0.0011382588843978489,-0.03265135456879734,0.0012359319321576627,0.007500225147189413,0.005636999045984692,0.00028836504706361565,-0.02373985856764179,0.0620559012486468,-0.0017528155692751908,-0.07552237296326855,0.0003544453152176608,0.015248549937658385,0.0026764360143883654,0.010377746836299127,0.0029154586953877223,0.01045048096881961,0.008124625052215171,-0.0018653664413331474,0.009674778233286377,-0.004282138530001554,0.0009992866778938932,0.0009304105909955303,-0.21112795594419412,-0.0008400991344392123,0.018647604636901273,0.0034183874209705147,0.00020588437281246312,0.18244868642755951,0.0037853378834874383,-0.006304590562688839,0.0006584875504620953,0.0345281705223466,0.0018029098553343122,0.0010866408607681627,0.0007081971947329544,0.00228075556734928,0.08621340597552177,0.001553907393653941,0.18683589754510424,0.00022335131868978457,0.0009166090013058518,0.017251639088792993,0.00936405203778604,-0.0003327670445223969,-0.0002925501638341155,0.03160808816092384,-0.0004331280546238398,-0.003330611157784831,0.030350157560475884,0.003359762043003243,0.003360881387286575,0.0032135604858270304,-0.0018226349886138506,0.007019382330335134,0.01358534180396927,-0.003514201024859151,-0.0035986647186634947,0.004401149704673594,0.002020445278927196,0.0003961867509567438,0.004021522023633933,0.013842095721341435,0.0007156941387972404,0.011147105135272669,0.0004888884059607349,0.0004841330693244587,-0.00014761504620578077,0.003952973578917874,0.0005969693245681592,-0.00020418392262283223,0.028789778293628776,0.00018556260090519654,0.2968049889642418,0.00989290121278149,0.005771122600785351,0.002457442642629792,0.0035312545818015715,0.01064775366882695,0.004373793547692953,0.005557814371869831,0.022097833144585032,0.006421332361240255,-0.0006505651919532268,0.006559112196463494,0.011147213822409182,-0.013433732795397987,3.556048451175409e-05,0.0023841397151718735,0.0004503096605671308,-0.06154075720729593,-0.0004824947313430256,0.0028762500483755777,-0.00022326894893850627,0.0013594332146350994,0.014696718620754123,0.027873444081948896,0.0001693031021876082,0.7636646170876944,0.008330449022742499,0.02111339338005669,0.011967995518853337,-0.002330977464265002,0.0006003013215231919,0.029169462879135622,-0.002499107042593915,-0.024859813598804563,0.001499826068082884,0.0508153118223308,-0.0053830743711815125,0.001313516146393059,0.0009106577226336201,-0.02125545392261819,0.002732314687473183,4.429441043779525e-05,-0.004404593871379698,0.003821709721234024,0.00026307703432223474,0.008927784255440496,0.0002727576792921942,0.0006585986169462058,0.00011842555177044218,0.025701127305233478,0.0017126074918868903,-0.008421289811417019,0.00026255306151426786,-0.00047063184147773054,0.018922603207480328,-0.0012539519954431616,0.004368957566190567,0.01517663456134238,-0.0029452897934382164,0.0003487895494121258,-0.003997847694347793,0.014347728882533646,0.0010416621305210302,-0.028446620975433552,0.00932496045814892,0.009136759722653917,0.002015183112895296,0.0028279342797082156,-0.08058647714123342,0.009417861162797149,0.0003615351182818848,0.005260293203686596,0.0034359173853162686,-0.02040753969011086,-0.00018015046904074186,-0.001928845490312212,0.004842935413778889,0.2317634545329466,0.00030070649361300505,0.003659659471298256,0.008129956455316268,-0.013146799876438737,-0.002514601908168072,-0.05975786553346715,-0.00268980836937836,0.00020894551003030736,0.007209775220599333,0.004620072133776225,-0.0016904308677311766,0.0029110508129828764,-0.0009506445168580182,-1.4554760956470318e-05,0.0010311592395998292,-0.0009471444785137083,-0.0005622979682074307,-0.015394180289678722,-0.0038185615672133594,-0.04389040061128061,-0.052144767388454666,-0.001201175689076854,-0.05095143731814877,0.0003852038395353309,0.0009396382919766941,0.00545517929022272,0.0008679029187140339,0.033499477294096476,-0.00364832375075774,0.025838472978526112,-0.0018602979897962614,0.003236451302869597,0.002315151852456875,0.0010136766007965581,-0.016861126086293886,-0.00024051222492597782,0.0008284261445697021,0.0016909440828855144,-0.04476503121032241,0.0009841365967334505,0.00027965972799322714,0.0010617788461895162,0.0031709799603739635,0.0013715988828398224,-0.014814630066333316,0.0017523414615195953,-0.02262924320956097,-0.000573585526213255,0.006652611559070497,0.001423899795949396,0.0003297791723262772,0.00016376097913164408,0.00010929769806867584,0.005014483664689193,0.001734492227394288,-0.037959138504484874,0.002185715688416556,-0.0007775869052014002,-0.0003639475760890635,0.04671740911470909,0.0036398718579209437,0.002194288485170822,0.049491245111341675,0.00042584851273726534,0.0010316964525091542,0.004028608602866525
99,2.082322726888405e-05,-0.001212916738942656,0.00566251422900672,0.2670559610656424,0.001703670213174747,0.0007564881329001486,0.002545867910097527,-0.012149584887726508,-0.00018875311025858704,0.026563474182952768,0.0011762325735639348,0.011945974250263487,0.00021562608036458783,0.0020876937655705157,0.0015870183977857014,-0.0003235034809754029,0.0005601728055198316,-0.0045739261583391325,-0.005687573128096475,0.00040829282265900796,0.010400329892237607,-0.0013701191836702116,-0.0033108399775644897,-0.010116164538572753,-0.0011422827676899703,0.0007394891940125103,-8.976743384893566e-05,0.0006041142468799646,0.0011362780078329063,0.01083695965587865,-0.0009067235127286984,-0.003587654131539179,-0.00016642371958709452,0.00030570090716072144,-0.0005180238176214352,0.28310364775188374,0.0003095613422003712,0.0023518052123518707,-0.0016099043346845601,0.0020501906400328413,0.002176553972638269,0.00045374271196334985,0.015950240715129398,4.638197790639547e-05,-0.003140550369797695,0.010329088341565484,-0.04115044655472487,0.0024540347852149355,0.02855848105921825,0.024492983970188488,-0.016829975479645647,0.01753764178320976,-0.0016970464976614266,-0.01156209352560868,-0.0026717977614385234,-0.0007841047458122617,0.0004824590744042529,0.0016180558961157768,-0.0007505218958675006,-0.0006584800165357271,0.001685188044033285,0.0015276580870295668,-0.00230139036525766,-4.294179413504503e-05,0.000934782113032967,0.004592251653192498,0.0010533037594533195,-0.0009283892021647918,0.0009856476877059947,-0.0004644580857715054,8.894101544830012e-06,0.011245572621385421,-0.0010100678697099088,-0.002385773183909456,0.0005439639632512949,-4.2566521377129796e-05,-0.002508690493636858,0.010356268337000468,0.0008099708491541152,-0.00026765714432435816,-0.0007642666439123208,0.0003693664027229009,0.001109791779765632,-0.002281635132095259,5.917109206964114e-05,0.011083327986277371,-0.0002498606480251589,-0.0004979278473466603,0.0007947039905793906,0.00021617935426145214,-0.006266978913923365,0.028123312898453413,-0.001091959754618864,-0.12087066957857048,7.151907396194034e-05,-0.015282442132807793,-0.0010034858713891797,0.015149482542455912,-0.0001797057022353797,0.002307126667678637,-0.0036585999164039495,0.007765388334279097,0.006523500313982513,-0.00427740208857477,0.00022644177868914872,0.00038278381636058356,-0.05373888329022467,0.0012670263198990657,0.030106063764542085,0.00355120965228308,-0.0006558406212133598,-0.22510862446380855,0.0016050398249768593,-0.002771455771157335,-8.258986379310052e-05,0.008598685335984685,-0.0002136282155076794,-0.0018644135575908508,-0.0006853517945627453,0.0009564354026126163,0.017825930338631363,0.0029832375915349726,-0.7533649033108974,0.00073393772040383,0.00304467032180074,-0.014182053266547222,0.003786349637829189,0.001106424410083913,-0.00010919366296290034,-0.007254583769065645,0.0010958773800787626,-0.0010106011896418806,0.0015335421111985917,3.679423245704725e-05,0.015495866378917924,0.014726663916017643,-0.0022953955150051327,0.014229317864447076,-0.008114922483505567,0.000733966166356354,0.00671352210840738,-4.544814301222014e-05,0.0024588635310794447,-0.0001529784788046615,0.0005552625620727301,-0.03857488251137881,-0.0039026408221766915,0.040922448297412296,-0.008739844073979776,0.00022517552918522232,-0.01270490603096215,0.0009806834082108275,0.00013759968098149425,-2.70386917084607e-05,-0.022449671157671377,-0.00010377636440711399,0.06365524817833193,0.0042099829333494465,0.007485280879664068,-0.0002888928850496896,0.0012705671751430708,0.0052817168026519515,-0.0031440511407360375,-0.0033159970113816033,-0.014572016228781135,-0.0013484575872734848,0.0007814053219434663,-0.035862411755712774,0.007689539612139138,0.04589552057327346,-0.0003075743362681953,0.033981054437784375,0.0010980019794338302,-0.0026745810878572706,0.0002971401229989283,0.00030134690027576303,-0.0015153217222573137,0.0005452794339237716,0.013207701572976916,0.008350819337408194,-0.0012681930614560008,0.2635495077435153,-0.002210368826463026,0.00478589667360779,-0.019707719223116364,0.0009049130306003923,0.0007151335446106272,0.0036187207531255174,-0.0010543895926206776,-0.012478717302374815,0.00032830391809357453,0.014162333858367309,0.004412376458468346,0.0045213972483454,-0.00046287016306783765,0.014491900237944468,0.0002660199432983012,0.00058789273586434,0.0004740570959878702,-0.004270594384771712,0.00019979767250427865,-0.03888994268871328,0.0011306524799582184,0.002123555318936203,0.0009801050020952881,0.0039930652288360504,0.00442764276853908,-0.004515519198187469,0.01010003206087999,-0.0011633409148049697,0.004304152334366502,0.0008283745533323693,-0.002840896826589543,-0.012752617077656195,-0.0022470409878045453,0.0008924006001214239,0.003986863238671224,-0.009112440058995051,-0.00021072720457114558,0.018820516238538327,0.00331978678237745,0.029176535839121727,0.0013152456739136346,-0.0014715675345031204,-0.05010373284804878,0.0031223894961168895,-0.0005032271089619726,0.0010518527672403312,0.0004433645918954704,-0.0015895806597555524,0.0006754633460885657,-0.001960556937464197,0.002460706834050981,-0.02288159171541775,-0.0004645460599089447,0.002916093193006238,0.002003172723682307,0.06386501425759411,4.441033826711532e-05,-0.025730075097021965,0.0028047795452757745,-0.0005025245198785347,-0.000760208769468191,0.002016569013564359,-0.0004059889191852725,-0.0011195067591652963,-0.0046631664096125685,-0.0004843591354367963,0.0005775748018268713,-0.0005890885062621153,-7.545707296112425e-05,-0.007989071206697678,-0.0025749858826861665,-0.0018475479522380564,-0.025600307535552695,0.006026046993306282,0.26468466793871054,-0.0004685915707648932,-0.0014750261749325007,0.0034225569279036083,-0.0002818511048108107,0.011639708352499431,-0.0009743687003028025,0.04487599883163395,0.0008609514236874983,-0.0002829713729985046,-0.00519653323682199,-0.00310467805570646,0.021454232842296098,-0.0002343598044335898,0.00010007457912675442,0.001053930328275745,-0.012108022292561683,-0.0020204834028998125,0.0003894859751002978,-0.0005929601300142303,0.03554543631476963,-0.0017475834262954439,-0.009493978885256767,-0.0005023180083091317,0.0030847169304476967,0.0002099022556353719,0.0024183967851053798,-0.0004504445205874975,0.013234462658891444,-0.00114724644223069,-0.00042606749171626495,-0.0006236414212973382,0.0011100381138899659,0.01647597571866275,-0.0014530003457674922,0.0019100351603318043,0.004677454668285119,0.02801033171637158,0.0038002252430381052,0.0024592231568645127,-0.1783829348940943,0.0007697012704224147,0.0003221525758559016,0.001070140818711185
100,0.00040610283425330574,0.0005250546065305658,-0.01006739221652882,-0.040001082372279236,0.0026378863769652497,0.003539451345238538,0.012021582000295933,-0.005425332122995077,0.0019983917054657227,0.007119280467662938,0.005583575605154378,0.011514881854260126,0.00020468744190618032,0.015552038309057097,-0.002326643222266389,0.0026901569193773373,0.005423076088951132,0.006088088050440414,-3.7595620908506544e-05,0.0005621255729788555,-0.014625804603960964,-0.0016437121400149357,0.004156024058351755,-0.0030644973571463813,0.0006155390131823701,0.007683131696097897,0.002214677092577621,0.00053075383039701,0.0023255744063513523,-0.006188515040526046,0.0006969217276645845,-5.552873225410154e-05,-0.001573398856571387,0.003930369360749126,-0.0002685879443314679,0.004131333132889332,-0.000141228288704171,0.0006516288401991934,0.002715354742732376,0.004646307755951911,0.0017215806648974976,-0.0009198202394169845,0.12040168021459352,0.0025252026081876945,0.0018801244969391829,0.0029619329206053624,-0.008866314858083474,7.897646342828178e-05,0.04198776680403831,0.07770964425124299,-0.024709051756495744,-0.012594343904579742,-0.005040283277910666,0.014597986312177902,0.0018438126197961816,-2.3806270421115536e-05,-2.5959928616096223e-05,0.005435645528673832,0.003407013131990025,-0.001489183066434196,0.00024354827677202425,-0.00014724275101213118,0.0020049536099584955,-6.050538164798389e-05,0.0034141454602607335,0.0022212134601928366,-0.0014246548506758824,0.00017677573254253434,0.0016593618123879844,-0.0021550405737805894,-0.0002327387664179583,0.006895756838673548,0.0016836659368082857,-0.0029302991033312398,0.0019528174894475844,0.00015510602008229207,0.00016067772246483938,-0.0025283642411914843,-4.923447651121243e-06,0.0033456736072226064,-0.0012646458831046992,0.001445210654571615,0.0015864199236208954,0.008720006453883225,-6.702440879835601e-05,-0.005309735481652849,0.001956410659985034,-0.003843547839244026,0.0003424887056778044,-0.0005472393568112799,-0.018030753769903964,-0.030346048253186687,-0.0016040485146787686,0.00488057220486042,0.0010310090338099746,-0.016199439005377014,-0.0018132174225556487,0.018235072404703286,-0.00029988123688719573,0.001114815031656304,-0.003624806661279954,0.0008542249306080262,0.0178390367204524,0.007357164060195223,0.00028240189428178734,0.0004481052372814105,-0.12512045215458983,-0.0009793266219781222,0.031471593562028236,0.0014473610241536401,0.0006619841278184459,-0.28927863186170966,0.00791271266019775,-0.004959620548244646,-1.6499593696685244e-05,0.09158672519758505,0.0016873132564422942,-0.002947027874540578,-0.00023356306208924867,0.00621671949663935,0.013021649231169122,0.0014106135966522968,0.032743696038672374,0.00017155559712544945,0.0010543778686070249,-0.01315622688470347,-0.0007554265603662807,0.0013253107036275604,0.000538639146349891,-0.003498602768357336,0.0005756010571499059,-0.001222822291568074,-0.025863172971263403,0.002866923141746601,0.014263277024048844,0.007681216513836225,-0.006998510317326708,0.01342120855712564,-0.012132000176652155,-0.004576425015610029,0.0017074354409188867,0.011295149368152228,0.006632088450845206,-0.0008658464781353753,0.004576364825384187,0.003567597870989996,3.778841625898416e-05,-0.10140538738296521,0.0035045036927774595,0.0005774297952464936,-0.0031678485677472876,-0.0009822137226894103,0.0024545517586789492,-4.139804285056446e-05,-0.01945430119382131,7.452780866702616e-05,0.7788126269413531,-0.001153842569058362,0.008792851165244291,-0.00027652326447506585,0.002197976744964884,0.022178024702866533,-0.006519948411884135,-0.006307837510988621,-0.026590853386674156,0.010273703910392605,0.0011531358792881926,0.04176254609938563,0.009487874415612664,0.004877529841551827,0.0005253253083662771,0.023184945453737355,0.003191721601270065,-0.011938266940953304,-0.00025068475988310104,0.000405597690595115,-1.7599411046075265e-05,0.002969710833772467,0.01618798299354285,0.07474924657416374,0.0016248823476814403,-0.37169170845160876,0.0004314084104860925,0.048197680927918936,-0.009239334722710595,-0.00015684263844641328,0.0005944411594410884,0.027920313501965867,0.0004806376583009141,-0.027168506125064405,0.0007270704129817884,0.11091846150892988,0.006199333688391826,-0.00020131729212937745,-0.0008679104832687613,-0.004541409710922045,0.0036331748866642354,0.0008137290313656063,-0.0042148053946191155,0.005697743698095672,-0.00030376455039188635,0.0002224303866615457,-2.2803090434893303e-05,0.0009537983369451641,0.0008935051669655831,0.00019638928687691105,-0.0002510425161552851,-0.0015862589781166624,0.0020479277436637,0.0019211188258856406,0.027053681357227372,0.0037753938914045094,0.004880649509681408,0.00629178521486253,0.003988260648893968,0.0004235188859768331,0.005869952610687298,-0.004292916628640843,-9.673775126299924e-06,0.00943296634930034,0.013771812869933679,0.005756107811101605,-9.951472414478644e-05,0.0009664351352847559,-0.0066757170375621915,-0.0020391258602661896,0.0005375639952075308,0.0019317881521222864,-0.0012263230979698168,-0.006260922678641201,0.00025531980093424894,-0.0021818930336559594,0.003767978948639901,0.2445609017801146,0.00018318398879338111,0.007885237900025835,0.00862391121897506,-0.01044624205487035,0.001418368453076368,-0.008810704255956847,0.0003572215247371162,0.0003672001976321939,0.007106778728062373,-0.0003010562283209258,-0.0001383941009653819,-0.003067264796727369,-9.869621494056484e-05,2.44021592128588e-06,-0.000788607849770549,-0.000546261911633629,0.0014658469050656195,0.0014021895947219556,0.0010349204837137433,0.04415564427278835,-0.011745328773813124,0.00123815204760472,0.009714457883593167,0.0009081072986342161,0.0016597105331987675,0.008243806065062564,0.0011705698043478858,-0.006391159059712444,-0.0019283781950807084,0.0582899399271073,0.0016952729167601483,0.0027422047005972792,-0.006118414468539396,0.0005167840849365848,-0.006911518294847272,0.0011258758334841655,0.00023596765700626324,-0.0005305380913085663,-0.003800797194626385,0.0025144952173130164,0.0035301232446885208,0.00012059797111810006,0.014558067323322843,0.0016430949285477234,0.013136219874964918,-0.0003908916108457608,-0.021631562280217963,0.0004690833683337623,-0.001896461593266262,0.0005750747640105129,0.004070118854197167,-0.0005582969370761949,0.0006729656555597347,0.0039849874054940625,0.001464230224035891,0.0055084656829579685,-0.001291724080226781,0.0018138417765226505,-0.0015131486699537207,0.09719061011378925,0.0003839074788563176,-5.431213030091366e-05,-0.0002139352491710815,0.00105750085279475,0.0004438398298415567,5.016676294302639e-05
101,-1.1259406835502189e-05,0.000977928877975003,-0.003955432565277671,-0.001573392825367636,0.0034008919524101387,0.001700424915518587,0.007425218709734735,0.008424512934363785,0.0009247724133144647,-0.036107226963574636,-0.004578235592957047,-0.016560478569095153,-3.610426668831392e-05,0.009229178156857802,0.010233019016961147,-0.005168731208367285,0.003848056021040676,0.0026396059788066605,-0.0015359920449223917,1.5699226737849728e-05,-0.0008296636364061604,0.0013516825981262225,0.00012670855104104874,0.003876592285634121,0.00034148719337807236,0.007256942164245416,0.001320359296364753,-0.001081839787342047,0.0020431133791401447,0.040930011225031294,-0.002836928879856754,-0.0017575686187245028,0.0025890776326817555,0.001710878745954965,0.0006222237568533628,0.09378910221838932,0.00010398641583809348,-0.0003542339523326315,-0.00019302417021283775,0.0032825831589608457,-0.0010436642409588587,0.001715774273851749,0.07446951144002015,0.002225288499432221,0.0029502727157114097,-0.0012507750187162646,0.01296138827701544,0.0006575620841028145,-0.02697194925713311,-0.14831643920820667,0.0331444986450387,-0.008789410164982074,0.0009116034371676606,-0.0030929767608830396,0.002748917368377098,-0.00037080769115099816,9.252814168122202e-05,0.0036940006213869218,0.002335539233546292,0.002315844417890937,-0.00018989056132072396,0.0035164229165524025,0.004059575593311389,-0.0005973658592830114,-0.004634556270301104,-0.0029074438564555883,-0.012522945051676894,-0.00014303946296360286,0.0031601012684711128,0.00045663252051876893,-0.0007547258881034466,-0.005635640066931714,0.0005379631774619109,0.005034398727745296,0.003320674170713093,4.115434135489038e-05,-0.001030092014820132,-0.0015287502025809127,0.0010862201436542878,0.004064593923131559,0.0025432730372539902,-0.002260853819052305,0.004189647821135425,-0.014871289517227897,-0.00010237467421164975,0.00048331954271443964,-0.00012619077727415128,0.0017575837599819774,-0.0009133631345603596,0.001089424511690723,-0.005267159360440551,-0.054224394441718976,0.0008473137896893154,0.03311741225853371,0.0007417877519187445,0.02715449019883588,0.0010602815050121477,-0.03579343283015385,-0.0013788223305180262,0.003470370596529462,0.0018767360897532308,-0.009689349047461588,-0.03898536993722518,-0.001167967149733308,-0.00033458092168351,0.0002746365540735995,0.3078074501163109,0.00048761127508714083,-0.060843359959154034,-0.002682224053316423,0.0005498096219182357,0.47157518734943427,0.004559152987558305,-0.002576165958775266,0.00048002149718652173,0.055475676366743984,-0.002678075377688697,0.004410120855373152,-0.0008190041098530195,0.0030353726877593904,0.027959871617934975,0.0022232376613396643,-0.10243868210068159,-0.0003766613262846764,0.0016975757809277892,0.023755674621304117,0.0013309080663915012,0.0009198358419612506,-8.607001770821049e-05,-0.0008884693925719874,0.00033455116598522273,0.0018355505334651584,0.011292021602776666,-0.00027512147722523976,-0.025599589471473515,0.006910163582970564,-0.002047396509624346,-0.025982912489647483,0.014637431535915195,0.011725497389990151,-0.003345077924615339,0.006936238541707751,0.003438062806866358,0.001004978702789446,-1.7338262621356725e-05,-0.0047002786148770456,-0.0007082598744994647,0.05405387533942018,0.0013482371535127086,-0.0010090020737524804,-0.011372778997160065,0.0008209364025751171,0.0013029501667784732,0.0001391286557750035,0.03135196148947194,0.0006119354515278012,0.4507861306557662,-0.00314222355085192,-0.018887980330960872,0.0012098801422925007,-0.001417566773091753,0.008067424899525758,0.009877464185576805,0.003715922131417372,0.10732031410101878,-0.0008892259559970931,0.0017496291895156837,-0.038399827445989826,-0.019943604120184248,0.0015411702650120912,-6.930991918271436e-05,-0.03413882153563998,0.0006120222738456181,-0.014800127146898925,-0.00026991954756721333,0.0004127931894359409,-0.0005334986695463165,-0.0005795875800980117,-0.022854967651638004,0.042122028959920677,0.0002290445827618304,0.009026220922091653,-0.004796817810347862,0.021332516428901414,0.004473561263868782,0.0036018057394965634,-0.0001869498670106595,-0.06322953993026091,-0.001818576582835612,-0.014159171757856765,9.296941847612207e-05,0.0650208932303779,-0.007534554508482956,-0.0009937427517911395,0.0007026408457756041,0.015301515041342922,0.0017820157424577145,0.0003251714913155969,-0.007622164429464242,0.0007057712434006585,-0.0005050264057779642,-0.0015813493476954836,-0.00068461370682105,0.0023025513302284057,0.000598315652279436,0.004931302532360231,-0.0029263413963514706,0.01069024258194084,-0.0046867470392083456,-0.0007445895902634394,0.010315013169748654,-0.003095493144923877,0.0010468134160910975,-0.022325327782207346,0.00039355422694418215,9.547171541472965e-05,-0.007270351776359211,0.0027808441560221737,-0.000614217760778584,-0.0051934163813054275,0.009061496493014206,-0.01385282123524457,-0.00017765587297029596,0.0011449461370896758,-0.03597007631373675,-0.0049407122208430816,0.0007489789947687044,0.003969332155898,0.000914604256137279,0.0025153749474218436,-0.000864571752824664,0.00491464453838764,-0.0012381371279744503,-0.5652833750009578,0.000425834466762304,0.006068786072129996,0.007177822264201519,-0.0032906340191143015,-0.000972010752897568,0.00855161918610418,0.0004691929174860108,-9.429657625908917e-05,0.002491899091491437,-6.256575205178647e-05,0.0009462715102963037,0.00742200366153298,-0.0014558669870473496,0.0012485149120449546,0.0012968306031630543,-0.0009503408092190221,-0.0004036226552268877,0.006084777720343847,-0.0007925193482024331,-0.018659678455249427,-0.007735444995104096,0.001179443299208579,0.004071964406576452,-0.0013451204038623934,-0.00035156170726746033,0.004432369470776671,0.0014421585592439856,-0.005283845577682985,0.0027270472400782266,-0.14861347182050982,-0.0006724922593840485,-0.003175193173347557,0.00619427505118644,0.0015496206698187368,-0.01495464881572072,-0.0004559036094160062,0.00047488815228758095,-0.0001024487275560736,0.00458617965535108,0.0010139700690023343,0.003997146051231781,4.173052024570797e-06,-0.024619500972182268,-0.00247156462620242,-0.015410731356139693,0.0022013029073094863,0.05637491205843429,-0.001258876573191417,-0.0008222766743645355,-0.0007150029635673976,-0.008092121485797896,-0.0003185780973354071,-0.00026143457848231983,0.0030302715044553006,0.0021111846051164816,-0.01818653179372786,0.0004998006786817856,0.0006289721991283473,0.004085377151251969,-0.16618733650054382,-0.0016183012813427078,-0.0010491152203281184,0.009232224065876557,0.00018729366694459227,-0.00019494106171943622,-0.002323567335212139
102,0.00010049138147512473,-0.0015438238662189869,-0.0005714158867409678,-0.019831236138554073,0.0019766501252009867,0.002907101192220059,0.004463395723061846,-0.001094232880630222,0.0006868748220122782,0.7449784908495134,0.0007202795247018276,7.428498727478014e-05,0.0006801494154816887,0.0034260872680143065,0.0012813190192886969,0.0005471598526161584,-0.000522730020054675,-0.02187602745301747,-0.0003859452740056189,-0.00013103017193880594,0.008760278430761756,-0.0013894795605389138,0.0012217128591519924,-0.0011121899966885593,0.00046751018295706007,0.015388751394621506,-0.00061628361243171,9.079190824232489e-05,0.018324426986233534,-0.16927527302019443,0.00016814155618159743,0.00723825299435695,-0.002712298178393949,0.00026453756548518517,8.435815231969124e-05,-0.0039183160507670275,-0.0007932548048579791,0.0025577964123815054,-0.0006980689730573496,-0.00018341454419322414,0.0016696691938746684,-0.000771024979559942,0.00026929081079748876,0.0008524747160263413,0.005668337912034804,0.0008275162348961584,0.0024456552857838668,0.0015070875564117403,-0.010065827722228436,0.001254334203181712,0.0017222867735327638,0.07659845428572991,-0.0014760705475546677,0.059015202826323825,-0.0008213938334795529,0.00026399780239543674,-1.4024039682508649e-05,-7.947308112881205e-05,-0.0003224411786665926,1.7675457638602343e-05,-0.0007111349077585207,0.0007981894678264791,0.0004356111078156813,-4.008797789765089e-05,-0.0012963444919848188,0.0005652207101658545,0.11943304702323228,6.439969746019911e-05,-0.004429884337220608,0.001991845882356874,2.2736193100430374e-05,0.000562181000993648,9.713352203089421e-05,0.00024302584285948794,0.0007672690184925314,0.00033201175623162604,-0.0009030043523528992,1.8062041859168154e-05,-0.0012353552715410748,0.0004506141915999115,0.0016609995560464097,0.00025030713904945073,0.0007651375723190766,0.004124674284162857,0.00031045235138381973,0.022175607376197892,0.0014511836475099155,0.0012659560767215722,0.0012687093653566787,-6.604085906505852e-05,-0.0012356524565059071,0.16155397211542988,-0.003131620514671328,0.017477855357815972,-0.00020484824618153923,-0.00017645481799336525,0.0021086918159601287,-0.001970303277501917,-0.00048593073944880154,0.014570952790127168,0.0010986673139275031,0.000323776020289648,-0.00037493834176357405,0.0002636649189367568,0.0005771684899088594,-0.0002757682746249712,0.027706568334199332,0.0014761524410696245,-0.003094308167194695,0.013143666798336909,0.0005067155185790873,0.01454046653191534,0.001100540817391655,0.001157786540104233,-0.00010181147112318933,0.0015251591450925151,0.00855932745547917,0.001085302136514612,7.682393722357322e-05,-2.3335283671736253e-05,0.16767608740807674,0.0013801383446531731,0.013434747142744211,1.6508830359537353e-05,0.00134510607488877,0.0032477769177918954,0.005507702037833695,-0.0006306051276203711,5.060853888316785e-05,-0.021762486992625275,-0.0002663159418844832,0.0001873942974173707,0.005102616956563912,-0.0018714812107312282,0.0007614627188360958,0.04666018101230292,1.0646823997872978e-05,0.0021808133495998805,-0.00026550231285513495,-0.00952621400007099,-0.00011605873359142593,0.0030252039761356417,0.00013700950706029848,0.0001063568824304033,-1.1555354673745675e-05,0.0033216527987879295,0.0006316994232687593,0.020572505742341488,0.002459185210226502,-0.0002602646667509796,-0.005424933911074693,0.0038759412698362063,4.477186589720017e-05,-4.671428058674156e-05,0.0012700631200696921,-0.00010727402343064291,-0.006517226773872795,-0.0004792214166155024,0.0002568091057729878,-0.001343144176986985,-6.316945125407411e-05,-0.0021518032331994015,0.0009446986101650096,-0.0008335828286627246,0.023116344279738372,0.0005912272252379999,0.0006025873452348953,0.2611314217380049,0.0021298393906573863,-0.01917939103707569,-5.3590069711617616e-05,-0.0012944179346543842,0.0037775608235210254,0.01576456984636642,0.0003444584225332503,0.0016026409093477675,0.0013178074000538163,0.0015390464043432712,-0.0019226867509096433,0.00013839287895723446,0.00018612497914881029,-0.030486256842550276,0.0010169582295107282,-0.00023796653840428388,0.002095222284266998,-0.007214422761424616,-0.00011160144752331985,-0.0011247739623655786,-0.023474847111954467,0.00037074780432254026,-0.0008799154490976915,0.00032675220722127836,-0.000141692871776275,0.0013653623753753438,0.00039971486687559454,0.00281415965669872,0.0001936849125245164,2.3032014505868816e-05,-0.007009049152966036,0.008362572527197718,0.0014185439415553142,0.0010786546117539444,0.00044804292376127673,-0.0005461363114122389,0.000874486918719693,-0.02355622216255414,0.000909568372647971,7.469308315743908e-05,0.0014857004046961676,0.003290546154195914,0.00897155947409247,0.00012053930997479173,0.009498758371492548,-0.046790761682205584,-0.003201071729505678,0.006167678036711401,-0.004409399044407153,0.0005373753947033773,7.980082919101239e-05,-0.021513399261597496,-0.00017785702978295737,-0.004064104176894663,2.6972891464756288e-05,0.0007662368040773776,-0.03474821587988911,0.012245017857764617,-0.00023860466329928562,-0.005547120723659404,-0.00019002176430873811,0.0018074181882302407,0.0005158748769084338,0.0019861305889614074,-0.0028857536359141733,-0.056871349943458965,-0.00017037357424534716,0.006670672702724574,0.0030294998199229956,0.004687066481632564,0.005948772197978981,-0.4908745397604695,-0.0005297611406712768,6.3595740315090105e-06,0.007565584380964406,0.0018528148079216028,-2.77356273222229e-05,0.0013035302365924772,-0.0016543364298197073,0.0006710314044864303,-0.00014670683754012897,0.00034824954248823805,-0.000193918668937601,-0.020937284632011763,0.0004053243194840012,-0.009090596084220907,-0.050226445430293365,0.006092455226432184,-0.01029363737171926,-0.000336878604779863,0.0023444264421951366,-0.0008458594330930935,0.00037564678426080245,0.007785199173510206,0.00021289813957221446,-0.0047775349184009525,-0.000179749261043404,0.00020994219685293268,0.003341676744440171,-0.006063375253695602,0.0005728122250444152,-0.00024270918668914572,0.0010900489441390828,0.0002801545996759635,-0.06882207599783545,0.0035063047125723137,-1.1636977030850953e-05,-9.25282241655348e-05,0.001665934949899358,-0.0003195205260731098,-0.0049843791263706454,9.81604372178313e-05,0.0092572504245713,-0.00013098636845543243,0.0031991651715919,0.0010232195522793183,-0.0010980848758300518,-0.0004441622729557411,0.00019530694407664945,0.040414769691559674,0.002519332028482625,-0.01948870299891457,2.4111576830819492e-05,-0.001087916229594997,0.0011747643626974086,-0.014390442645785345,0.0005167177139625972,0.00021598101451944518,0.001509849817481975,0.0004768552392525622,-0.0003095845619929434,0.00993823877195474
103,-0.0004144662598926025,-0.00010100204973686328,-4.685005668883871e-05,-0.010760747467352061,0.0008238747943453036,0.00025051803765049896,-0.00023228479302647015,0.003609672989049191,5.839001746693606e-06,0.00012191370211822941,-0.0006942991603645347,-0.013077282438110314,-4.5920921870612474e-06,-2.4969427778527564e-05,0.0003935487811917576,-0.00013912882869737686,-2.5821491128659967e-05,-0.001897386372730521,-0.00013320903964015446,-1.8090604886805695e-05,0.003292678176849896,0.0005490666510007298,9.552722740457584e-05,0.001774936034125811,-0.000184674891182679,0.0006690075206304893,-9.813267497165226e-05,-3.2889027259182246e-05,0.00032155779153192343,0.007799444965445573,-0.00027191468303518207,-0.0018351397753052449,0.0002583868783309351,2.8878609307535718e-05,-0.00014290643015968905,-0.0038307264501783803,0.0018221747853381064,0.0003031919013430673,-0.0006580670199211567,6.545883884265483e-05,-0.00024786318590087913,0.00010626060206676835,-0.001986449648670563,-0.00010074799836761651,-0.0017943070565464387,-0.0010041844160355515,0.0016211918918116464,5.508895858564382e-05,-0.022410843123225794,-0.010209702187945651,0.0010758878137983735,0.009228865062721876,0.01978144557671912,0.002270082927723467,-0.00016534742608033913,0.00039036602080144516,4.763054432649003e-06,0.0007996952204587581,0.0002530267753146916,-0.00028165230780995837,0.00113779682657033,3.207273998261789e-05,-0.000543821841078068,-5.172863950375178e-05,-4.983751827551848e-05,-0.000246351181276459,0.016924122510834305,-1.092934461571131e-05,0.000672100767243887,-0.00010718347363803532,-5.100161488757332e-05,-0.0008179992397980276,0.00014916586454022065,0.003034044296004344,-4.4635025021134804e-05,-0.00013933864392614843,-0.0002740762970710592,-0.0008375410006337438,-0.00033918934705897547,7.149231588692148e-06,0.00016833656308437085,0.0002462607927146438,0.0001830947703347699,0.002033479381115035,0.0020574486033619584,-0.0010462319072453014,-1.7588035728342832e-08,-0.06554750404247184,0.0019568022332547676,0.0006053534661915102,-0.0010014347739990426,0.02125775755974338,-0.0006775775830590771,0.004190351427511188,3.183065562561028e-05,0.002109661691758969,0.009643524187929834,-0.002495895184569937,0.0003952377025938543,0.0009660557059534872,0.002379571340704784,-0.001083603464686317,-0.0039184141306688874,-0.0021001942943684607,3.269793633275085e-05,0.0005531776028191975,-0.0009280742373148076,0.00021925725415385187,-0.003200833646414247,0.0008956906282515657,-0.00020368839201937708,0.02756275027714633,1.7005267435876888e-05,-0.00020801757460899278,0.00027259696402839656,-0.0020667074939203682,0.00010281673912806728,0.0016189046172047947,-0.0002937068442471568,-0.00018633653072620083,0.009205405927990103,0.0008643996013176054,-0.004098983664558656,4.7012769569397496e-05,0.00010782474752778475,0.001604540468789148,-0.0013329238334980013,0.0002220914287674964,-0.0003008082107059484,0.0022646128372829175,0.00025572131281007145,-0.023260171394175532,-0.44627291494845467,0.08280073703604304,-0.00017542869488212584,0.008356068058012294,0.00022621322297128668,-3.374118433503194e-05,-0.000945238066963539,0.0012948288743867085,0.000979149481835655,-0.00025839425072375546,-0.00034642456058132346,0.00022895987187739476,4.804911816889832e-05,-0.0004206155406415845,0.000322471348105732,0.027399341581943855,0.0011710313930392603,-4.171977764587143e-05,-3.9480430657569225e-05,0.00024196876612716492,-6.280376701459442e-05,-1.2467438014086537e-05,0.002496893309271865,-0.00013473677436736758,-0.018656067670812453,0.0044073721340271346,-0.0008596670434173033,-0.00040206960487463705,0.00015823247057569051,0.0024092940748261155,0.0006513527897293152,-0.0565878115618337,0.06117655457056568,-0.00018518228438065432,0.00024538723918460584,-0.0090996455463829,0.003173689331794908,-0.005642354061419049,-3.788379513841632e-05,-0.0027077716774669674,0.0005233891289447254,-0.006037160872516087,-5.643540784126995e-05,0.00012042014485944008,-8.900080536529634e-05,-0.00022272369038890986,-0.0031582442740848322,-0.0026568912395712185,0.0003675128976316378,0.047904779027647365,0.0010517175686869697,-0.0012743567125150903,-0.00020975397404664545,-0.0007680699887523228,-6.66975033745841e-05,-0.0004789412785701566,-0.00010178493014995895,0.00020021797868580247,0.0006899319186241173,-0.0016603466465247478,-0.00048472996326755745,0.001274446125361357,0.0007727062500254116,-0.001341094606573068,-0.00025048244746072836,0.00011167172484033238,-0.0027477303540811796,0.0003970124712839903,0.0008082499368865005,-0.0020104289772947814,0.0002973529935634588,0.00022654699453616717,0.00038445608587849147,0.0005798757843383951,-0.0005175297408122753,0.00029662687947098944,0.000489412427292085,-0.0002928886871411731,-0.00027625085761908384,-0.0008289636498707738,-1.0073538420467245e-05,-0.006137370785618919,-0.00044893811370822975,-6.408122021958425e-05,-0.001085237756195488,-0.002977680390895539,3.891238615313496e-06,-0.006092520189871383,1.6013404905708623e-05,-0.0007765853356394041,-0.0013005398968695694,-0.0003928927950277686,-0.0135739313640778,0.0026382680095137258,-2.3747151285844707e-06,-1.4482425219381097e-05,0.0045142113326983565,-0.24632151598608207,7.009336536723849e-05,-0.01238020585670228,0.06919001781594163,-0.0060881987841967565,0.00016118728285804984,0.0002446500596022527,0.00019580450115914993,-0.004952102663671732,-0.00022745818836694028,-0.004430976030314361,-0.0008959174392123778,-2.2628247587277084e-05,0.0003097278526128667,-0.00012341948200966964,-0.0002879815043212409,0.0025635239240462365,0.00021078008699332003,0.0004143667702385359,0.004492311573203702,-0.0002589219352753403,-0.0003335857903823945,-0.004293411448723307,-0.00035848025605968794,0.8410290681980597,-0.0014070841145216312,0.0008293243237745343,-0.008401107854593748,0.010300194974074172,-0.0003943539033547283,-0.0005452876028836113,-3.274295996162407e-05,0.0031509313233219396,0.001291758029392538,-0.005403652500809215,7.394582558577364e-05,1.2512638275828632e-05,0.0090517446563854,6.526208583024738e-05,-0.0011514659032163272,0.028871294717622963,0.00012425844004093395,-0.004523234673250261,-0.006723488153250062,3.641985405195346e-05,4.9716395209435486e-05,1.2766159160417802e-05,0.0016598328730300649,-0.0015418487255115798,-0.017213353821075493,-0.0007627827294565865,0.004796822123105538,0.00012108799361589331,0.0008503075929653168,0.012264893465405989,-0.0010896610307581233,6.0534326399537606e-05,-0.0002598319186004662,-0.0004470179966992343,0.00028943205579643264,-0.008790756600807689,-0.0006845471969892519,-0.0004212477712423585,0.0006594669725176671,-0.0059677003254363925,-0.0006635214594755152,0.0006358201346453075,0.002583747767822858,-0.00024211215188958327,-0.00029922411095152743,0.0019141698366526305
104,-1.0959668118124693e-05,-0.0002708722481970007,-0.0001925645596767583,-0.20241842268609175,-0.00012974199492852634,0.004068433111110633,0.005823061961926529,0.03896449319036,0.00021010361909301362,-0.08107627415827788,0.001293086733000742,0.004907458999833357,-0.000258757958308882,0.00048576852095047864,-0.002683068329807981,0.002029610657457275,0.0008478354547863854,-0.002206631066229496,-0.0025882413117793643,-0.00029291045663696366,-0.0045803483819263306,-0.0009627946520045047,0.0029265585676853194,-0.005313344920278717,6.779722089277356e-05,0.004754940063372507,2.759828155751915e-05,-0.0003930620845704751,0.001217147462524852,0.11776092216559354,-0.0012455298312368463,0.006246946920952512,-0.0015926101970561658,0.0006327171660731358,0.0004870453842711897,-0.02961698133121961,-0.00045528124062672523,-0.0020472917284047156,0.00044030800544771903,0.0010666378731044798,0.0007327447532630498,0.004772036191037675,-0.007676821263957079,0.0008021789033593994,-0.030591879762207168,6.169444560696902e-05,0.03858961727627427,0.0009999536309232577,0.010956203337674053,0.004793670063615515,-0.001416734485068516,-0.003377730671783983,-0.00357914251858991,0.07312628258015258,0.00025251404483346215,0.00016361162487331295,6.990099430018853e-05,-4.0880144628147e-06,-0.0003199600322224108,0.00027872763874373443,-0.0004206452777408188,-0.0003634185889173901,0.004608067177660783,-0.0015779327302539205,0.00042327108229182897,-0.0024674797762366148,0.020793243454644113,0.0003628222358915728,0.009314481047831424,-0.0006868749431352267,-0.0032056496580232918,-0.010827070387811173,0.0019257024772916247,-0.0005285434889658266,-0.00014658843113759526,1.800585643500774e-05,-0.006831580490509039,0.003460875389799431,-0.0025698944507263725,0.00010284206236784148,-0.00012824383179305593,-0.0015230193653238198,0.0008876287483422203,0.01981619219715882,-0.0003943465301054828,-0.014570021159792508,-0.002192661816151374,0.004428090393481812,-0.0006220987903774516,0.0006996639291525289,-0.0038762221477142257,0.010053657803228661,-0.005642172945145574,-0.06159135524260828,0.00011716449332953234,-0.005379439484217441,-0.00018660636321643278,-0.00280589886921235,0.0027673395303740266,0.007989728240211743,0.0005911067164945452,-0.015955945184474365,-0.012234873226816458,0.002284461505892652,-0.00010496917409152061,-0.0010393538827478334,-0.007752559828149875,-0.0011055096303009496,-0.024811372095531033,0.00021303708430280702,-0.0003142869616564424,-0.09971992253021976,0.004672284672884746,0.0009341868073580017,0.00034933062841034646,-0.0042846013013939895,-0.002255319830826866,0.00026189878023982673,0.00010440858032687711,-0.0004991756372994087,0.09100169900522043,0.012925979962189065,-0.10965789134708782,-3.3837093916030214e-05,0.0014047734135317746,0.003436963255511969,0.0012471928138827512,0.0006061622746727326,0.000513728920473043,0.03135890300192697,-0.004403757142306805,0.0008962247072992125,0.027206926137239594,-0.003940359502343991,-0.005672847122211719,0.09157051835477359,0.00019803207125120622,-0.013157792493419855,8.57108307660314e-05,0.007161539734452367,-0.0064088371842612995,0.0009154050785946065,-0.0021416100039458245,-0.0003777501495886054,0.001457313361536885,-0.02427934458104694,-0.002692245729571414,-0.0012754327905630106,0.015419700999937605,-0.0014739584012859249,-0.0015040094011357515,0.00026586469145034597,-0.0002011574045807427,2.184102166334444e-05,-0.008802366587030023,0.0003754410954464162,-0.05608767519826681,-0.0005770395950315667,-0.003836050215409851,-0.00040941277985472556,-0.0004473340455626544,0.008720877039903926,-0.002456866575065121,0.0021534844139769575,0.8941959664176014,0.00019013821614772224,0.0026999483129842065,0.09191267385318964,-0.015228394545791286,-0.06082808072218265,-0.00012284217440850995,-0.03575112470326214,-0.0007298721654398909,-0.10699690503978149,0.00039662807550655934,9.190764665699234e-06,-0.0011472786766992527,-0.0014066818273362161,-0.05990730923435399,-0.004350318696869964,0.00047022054534941876,-0.03986172606205469,0.0007317785578193976,-0.002911074242114793,-0.025985502566649867,-0.006374470013774267,-0.0012289239317394892,0.004196125933567557,-0.0032015744745363776,-0.00020816170891589138,-0.000738369045512925,-0.0031615639324346174,0.0027085615520634414,-0.003134074378373539,0.0010302623907476015,-0.005316316106024774,7.003941912374595e-06,0.0018520773699151054,-0.01526978700621412,-0.0005515655487547327,0.0004276779935376458,-0.003722491789869737,-0.0009967120919981353,0.00452769746251859,-0.00237765008372348,0.014884596176467485,-0.004488793878093167,-0.003981877083622243,0.012025294489444345,-0.0002825467033974702,0.002300798604177214,0.0015214301713556474,0.00928875461433492,-0.019460425440995514,-0.00038766349840783226,0.0010246739399253383,-0.007435512054105339,0.0006379588301613183,-0.0009492516592188296,-0.04596115692523256,-0.0009074794759083124,-0.02968893374391966,0.00011863121466693279,0.0004214923790210887,-0.008581765268167401,0.0027999780715106237,-0.00012554187760093751,0.006712505751010815,-0.00013586744446957483,0.013902753930755598,-0.00011682717885816988,0.0008482611568552097,-0.00042043546187077105,0.09019442091598803,0.0005566520321060543,0.00043547291911886837,0.0008828794363850017,-0.04776154991114276,-0.0007529391359079276,-0.011635068083376263,6.176604910466976e-05,-0.00016985579984744306,0.00455489244954979,0.0004505543952789677,-0.000546658311776093,-0.0008436373107092905,-0.0005260816620933991,0.0041110862543802884,-0.0019187902242028404,0.000844609782397962,0.00010355492206216843,-0.0032430450780039353,-0.000793551664559973,-0.051064512353908666,-0.015445196836445435,0.01048525699260743,0.026674357515021424,-0.0006245294038264224,-0.001881892863529363,-0.003500637756310588,-0.0006473094912760029,0.0006234064309782357,-0.0011869417518394869,-0.017135964829023638,0.00023803305026174563,0.0010499412928139406,-0.0014576882985903618,-0.00607264114524628,0.0036784345044871673,-0.0018551357016686463,0.00044778294481425795,0.0005994320025837486,-0.00883309035986198,3.5898568295599084e-05,0.0004417420108651733,0.0005006331804850717,-0.017741539169456543,-0.0019311463309598766,-0.009221853057650038,-0.0010115987183773403,0.04602340036745669,-0.0002485047662259543,0.0017179293502867271,-0.00022342818268467394,-0.005240462009236136,-7.007045192305403e-05,1.6144171079977496e-05,-0.0013874968840584673,0.0035225828411269058,-0.13326803399893197,-0.0008544332721211901,0.0008543079415522584,-0.004311616082891803,-0.0007562044558849981,-0.000788918949157824,-0.002438214006922489,0.07742666336405109,-0.0007652112899121473,-0.00027914637749227277,0.002015217580452536
105,7.117715290117389e-05,-0.0059824047843900635,-0.0007402775933886565,0.04443289746960415,-0.003825529717201748,0.0005633737308876558,0.0003349944946279418,0.008202894974164331,0.0021073581030995477,-0.23914746704877984,0.001076123097414077,0.0047920696271821495,0.00011603688950570946,0.0031740007998088196,0.00030555635770055864,0.0031357969930993646,0.0004514735246137049,-0.0665663440777,-0.00018087953041232875,-5.39444149028831e-05,0.06867777376384374,0.0011277389715062102,0.001119702083689543,0.0009827728569049426,7.032509630553602e-06,0.028409230026781224,0.0005726807986735898,0.0003504814147046115,-0.008638798809898984,0.10497431525799064,0.003513282145378339,0.027747584112278973,-0.0025030730301414846,-2.383233035116797e-05,0.00028485065532552097,0.005348423755998472,-0.0009542332320100697,-0.00016479933911541498,-0.000962638048145021,-0.0015472498616678583,0.0009877704407583818,0.0030768846416001825,0.001809297847502602,-0.00037246786457950307,0.0009343300469754484,0.002888389407372842,-0.005343433811444688,4.936224179291626e-05,-0.032114487174066335,-0.026485933216768225,0.0004960923003787948,0.28419871386644774,-0.004890729699288513,0.08305144808370571,0.0011908369378546974,-0.00016211596180129573,2.1850624617359045e-05,-0.0001992635561913924,0.004655988258366662,-0.0007627256246740752,9.904256703466838e-05,0.001956448153419391,0.00048564838862351844,-0.0009045892137834975,-0.0016949438248713838,0.00047013152045964336,0.4956921126202106,-1.3604126324822958e-05,0.0010119074432844526,-0.00142734888066319,0.0007581887118141718,0.0006452122553034009,-0.0002680692765737578,0.0009175257053820494,0.0031082199218567487,0.0005110122832345139,-0.002200564068903829,0.0016007309827114936,-0.0010479125172199177,8.660854007593553e-05,0.004425101018303612,0.0005056468529006184,1.2177221048582584e-05,-0.0026860960541007827,-7.754938458785906e-05,-0.004485395315318563,-0.0004680930430123742,0.0023824293537295545,-0.005015122982541215,0.0006341380895877186,-0.01491896550135567,0.576953238889418,-0.011483745775659384,0.014550453973000338,3.438772793505542e-06,0.0023741637640535907,0.0023639234801296856,0.0014574567380337515,0.0001616396303055316,-0.008894289012431167,0.0028184773922750646,0.004776354386393528,0.004986903331595393,-0.0019856495339565473,2.5755406738223532e-05,-6.169666931482576e-06,0.027592541376069472,0.0003931507777849081,-0.003540245626264933,0.05251401682409092,-1.7598281185856463e-05,-0.015965109301841758,0.00020927116787442315,0.000877978529529087,-9.353227108289952e-05,0.006112900210248434,0.0053372814538386265,0.003896493914839495,0.00021528909690967865,-0.0003364498354602899,-0.10850958999847818,0.0009708272316100949,-0.001398926319340756,4.3214314795443046e-05,-0.0003780711322493341,0.009580543465618034,0.010801777998537727,-0.00017091427459974126,-0.00023308112110084767,0.019356571958346745,0.0005802596346039326,-0.00017294290204907632,0.004623462767324714,-0.0018711902824789612,-0.00751822302679578,0.16349817924552168,0.0015571216187637692,0.0039939367456158885,-0.0018356042163450886,-0.004734699948699586,-0.0012066858846498138,0.0032532248864829538,-0.002357397921964921,0.0002672617037610445,-0.0005942847939344223,-0.0019528363867264472,0.000961873263140414,-0.06358150411312914,-0.002132634611443127,0.0006510377928973968,-0.0020660206497892775,0.0018569920694346204,0.00024903389000489363,-7.889100083218663e-05,-0.0013382247135993227,-0.0003217053804778621,-0.0034011572621103336,0.005942038203825398,-0.002317248788225457,-0.001674801020092596,-0.00043518747044067434,-0.00745285931388003,0.0016457126091709553,-0.002047373219593635,-0.0891070937324021,0.0024465155877125915,0.0006005402216857369,0.28718422975071406,0.000878951481618785,0.0023000017183485424,0.00021724856107128987,0.00041117683111189726,0.011742169195474977,-0.0359002549805891,0.001235511691786522,0.005333781077386391,-0.00011281560281390594,0.0016875239956756277,0.00937642392106882,0.0037140844391026443,0.0001005310988085803,-0.075785818059198,0.0004945086181571724,0.0006689640512224436,-0.009112744155464723,-0.01280005787888451,0.00044192569474495527,-0.005066577068205916,0.0013493232108554715,0.001946237088679891,0.001107422286848023,0.008389024136419114,0.00018813671908080726,-5.1499325168870985e-05,0.000858668189828736,0.0057921327583121685,0.00013480724554246204,0.0012120938453117744,0.03191782302253848,0.009252471926289972,0.0006192135569735337,0.004922385935943585,-0.00014107680455621285,-0.0010998792930235896,-0.00024961871451895535,0.013874928924898246,0.0013614181804895696,0.00013138450890622696,0.00343999441794457,0.005984250077839803,0.03824201561597866,0.0018920417863884601,0.0005986188761089167,0.01839174530514643,-0.011441342456939278,0.0008159886862595147,-0.01256667506866263,0.002056450292981334,-0.00032600937666483337,0.015203653057745087,-0.00011474230190352229,0.0032453504683767707,-0.0013231181030420765,0.0002376539560697069,0.004408096161962324,0.03187162769030741,-0.00030945593118749553,0.003338820827313592,0.002416318883531118,0.008488678247761705,0.0005895932658257197,0.0012596893247229946,-0.003060055672199833,-0.07040921014271544,-0.00025294426885269245,0.006877667543303301,0.005632999728048512,3.526537125527439e-05,0.0035671299144323957,0.15281195584330237,0.00030528660344096743,-4.111237768716176e-06,0.012628460120345313,0.005833390721997955,-6.522182064362756e-05,0.0003049864718822704,0.0003321073414857265,-0.00032630221240429,-0.0006973028269779096,0.0034355074919446187,-0.0006765481327558459,-0.08139937087429354,-0.0005723902230070358,-0.011740333165610297,-0.06135194574926767,0.018111549321620422,-0.015167725615808186,-0.001137399556666384,-0.0003695008052081051,0.0009441646508908845,0.0005830704472337758,0.01667650901870255,-0.00016209322470091183,-0.017007401923376034,-0.001974995107374814,0.0003761401308686454,0.003952524503765624,-0.003804374316448339,-0.0007363431201175561,-0.0014108881054511434,-0.0009771671738510372,0.00037820181565837146,-0.23588488841300914,0.0004247246535991197,0.00011094408574610724,0.0012483866974065307,0.0040504808564219355,0.00018117377894702382,-0.029610923153179446,-0.0004488781717341371,-0.001966779213992416,-0.0007102653411139026,0.011112524519104678,-0.000897352406957982,0.0005526157096433335,2.7800553910268074e-05,-5.088964618515934e-05,-0.006396072168183041,-0.0016539868992959117,-0.02042300049631391,0.002840823945672524,-0.0014342817750134448,0.0008493832286182411,-0.025239665476871523,-0.000941736083034413,0.0018436051778847225,-0.01596823012002065,0.00028549063253384584,9.347471979778005e-06,0.03593068514051095
106,0.00018651970408015917,0.0026386792354983635,-0.00018017739421989968,0.028375746105613595,0.00040136450505362346,0.000599275176614518,0.005641861534019327,0.014720616210898815,-4.088310082580801e-05,-0.06609023152973884,8.903210172959244e-05,-0.0025379042910645393,-0.00011673412774831915,0.006482819472840334,-0.0020905655869979944,0.008900991793506736,-0.0001325720016283928,0.019006726609653413,4.0485432656351544e-05,0.0003202322729071866,-0.012790825938800909,0.00019935920065792916,-0.0016770805253035984,0.0006610810684760729,0.0007539330240402646,0.0072195571855318726,0.0015577672489832713,0.00040528706537066965,-0.007739240928305632,0.10190472395396068,0.0037199555510827875,0.04272749192640252,-0.007172564306313002,0.00011332537136465111,-0.00048434121077985115,-0.009903746127626798,-0.00016346554178223865,0.0016500337042038966,-0.0011433824759422054,0.0021904655253467027,0.0017934016564311974,-0.007763801157276447,-0.0014911953986312954,0.0011363755664434458,-0.001375282958772376,0.013611935400232042,-0.0044423558342869636,0.0027187790966563836,-0.0036086451720431134,0.07034205231121837,-0.013410081076073537,-0.10841864131375473,-3.569324101848105e-05,0.25388623707756874,-0.0023166790326245097,-8.38265975222042e-05,1.2236391575600608e-05,9.328226419108985e-05,1.2282845787153275e-05,0.0005152730192704083,0.00039639491743050656,0.003875470712386927,-0.0008385155010812106,-0.002347222235993032,-0.0028542885734729588,0.0029511926565758905,-0.27275940687823774,6.358718094402071e-05,-0.001216568142655267,-0.002213409122684473,0.0007417949877650141,0.00033880835207640786,-2.4585322128026682e-05,0.0077520721186259125,0.001908122451678953,-0.00027318493585896074,-0.0067897633377277935,-0.0017295237636274384,-0.003332693158187558,5.152767953501029e-05,-0.0003071539427626069,0.0014285081972547993,0.0016559563671228086,-0.007204835595254968,0.0010701905134006926,-0.001654730823607463,0.0005607562312260513,-0.0010629995601494225,-0.001496468458956903,-0.0007254851435138654,-0.0019297318138672094,-0.29862923661118845,-0.028280892875839236,-0.027130206054046518,0.0004219419843933738,0.004441638740190114,-0.00019354190608271492,0.009401985729245183,0.0008002986314766779,-0.009662577771715405,6.62425215812079e-05,0.00969982464782065,0.013465186103971504,0.003164937233736699,-0.00019834773733830129,3.4149203758443956e-05,-0.0033593559339076904,0.00232618051863207,0.005492024814088807,-0.029836600774206537,0.000726231381511842,-0.03381906115784432,0.0013535888044531133,-0.0013419905641118331,-0.000714933058636796,0.0009488061899224787,0.009163013805101301,0.003299103269767842,0.0012981440809272085,0.0005306263416253744,-0.14399236864570145,0.0018926222684588578,0.01380842494768935,5.3380099561986944e-05,0.0011159819812963019,0.025946076583114864,0.005338887739124438,0.000534907762118677,-0.00012296749270093027,0.015979570867862454,0.00124268049869421,-0.0009939430197716055,-0.004071973269400692,0.0005946839016492335,-0.001130075842498082,0.40403503927003015,-0.00040133668248669294,0.010962624095549902,0.003778858248335625,-0.01691814660683632,-0.003553144992457997,0.0037484902928537345,0.0010299388787254728,-4.4298541693470124e-05,-0.0006919121029601424,0.0067196072854001886,-0.00022707232957368321,0.03167281925513623,-0.005947143590235026,0.0015049847417833938,-0.011436168436547775,-8.820968335267318e-05,-0.0002962528400579109,-0.00010785629136099298,0.0020962056472016467,-0.00022791518093175572,-0.025404822004488112,-0.0002006408188411624,0.0021901065531334824,0.0005070000878011657,0.00024230732637834073,-0.005333074560817463,9.578291766026383e-05,-0.001898888902815865,-0.12370565504887175,0.0007365142541343164,0.0004934684229650477,0.6827890839391518,0.008559993439799986,0.02017518091210596,-9.255981665577304e-05,0.01396748330207074,0.00020362889794811243,-0.0820329460050957,0.0010090613360902723,-0.001403318544138293,-0.0001967044547404177,0.017076353379621295,0.014337718301620672,0.00012498185496031666,6.123148067169182e-05,0.05361191062680054,0.0011365759013977012,0.0003943377649501074,-0.004029508581957979,-0.017567434905423743,-0.00030746109511981483,-0.0006130417593179917,-0.002326980050048659,-0.0002553603593979353,0.0011411484561807354,-0.005163267684381313,0.0007541414351069572,0.005869781492514789,0.0008952969037578345,0.005174978637080321,0.000856538951321906,0.001116189602711285,0.03872016591510281,0.015774136070650136,0.002129003691550279,-0.006936198348780058,0.0005992569254914267,9.346280423629203e-05,0.0011661816381774311,0.010870967743923293,-0.0003361383911878882,-0.0006416329035106496,0.004445924807421587,-0.004136514662546205,0.00617265189935494,0.0011686946994381095,0.003142621929097026,0.002747920583838263,0.006118870459819776,0.0020660915630700497,-0.004704803719146665,0.0036716234779075865,-2.097263136390838e-05,0.007872447807713939,0.0009478464072966426,0.01069906559152136,-0.0009469454618675315,0.002743913857573396,-0.024092612882379013,-0.007184434445637605,-0.0006913638001727503,0.00556386277790577,0.007338752019699394,-0.01304204080032331,0.00047570457837594487,-0.0028627916964674336,0.004232017321884805,-0.08620425624386177,-1.4790041545284342e-05,0.004032395953492647,0.0021213689967706406,0.0019058336952555623,0.010862762223482926,0.06587271144594306,0.0005333054353756294,1.8541878432152712e-05,0.011209847552413237,0.0007167953668942949,0.00016165027681969667,0.005914598572827113,0.0007400648578826338,-0.0015862006858373251,-0.0018707993595091794,-0.002052328338665528,0.0009793911858641015,0.04511693682776699,-0.0008005502271926436,0.017578552824578413,-0.1545115738695637,0.03760672161631004,0.01933179405393118,0.0032481143299226936,0.0011354721588624197,-8.235777192024086e-05,0.0015358390982623694,0.013801959272206217,-0.00020929324298718695,-0.005141735584668433,0.0016358297684221134,0.0006273141676791471,0.011575401459795543,-0.01173447031729465,-0.002891840038055489,0.0008687416383880988,-0.0011101903032810702,-2.0997155785359902e-05,0.07846744760974872,0.0004959765768730826,0.0006727927816613257,0.0004866602547173766,0.011829562486046347,-0.00023517157773592567,0.018519220283585828,0.0020046697056598246,-0.007316262662034594,0.0006080524677929966,-0.004729769053866879,0.000633024159196994,0.0022025302212275192,-0.0011637761247440964,0.0005279009950068123,0.002975754081356098,-0.00015467328241363818,-0.010911731456138486,-0.0008121777957714529,-0.002227526892413581,0.0038695860731002337,-0.02331621286740939,-0.0007673878029647065,-0.005910051002364605,-0.0073288665972420595,0.0003751293818754814,4.661010433791102e-05,-0.015019964780587746
107,-0.00010396683136111007,0.00043566612946426084,-0.0001060209394446002,-0.013986297964514801,-0.0018745918171153442,-0.0013742637985467033,-0.005747823073778659,0.01753816917668878,-0.0009285437707821833,0.07448178359873782,0.0007091066592174458,-0.005739531953148597,0.00010397005935358639,-0.006926125171196057,-0.000273902220612101,0.0170770628797403,0.00034704726248492015,0.00454907486531297,0.0005915198055463609,-0.000158196720062561,-0.004542437189634509,-0.0012339022406436737,-0.0011275268039160633,-2.3762481128918045e-05,-5.858891032342953e-05,-0.007970916517180952,-0.0004476297443198451,-0.00024636593122331733,0.0023337745777960647,-0.03247544736720461,-0.0028415102914177565,0.1027603837741252,-0.002928004529798308,-0.00022360888625156316,-0.00013114316865024287,-0.02950487398638322,-0.0009414343827493978,0.0024280679001821544,-3.373918845779453e-05,-0.001348309566941355,-0.001123240658911995,-0.009348318257150625,0.0008464611987084912,7.819328382154943e-05,-0.006598993906679675,0.01632749263683685,-0.004755909294955835,0.001030457695836322,-0.033286388917227856,0.1129343993915767,0.0030476088265288387,-0.019620963667255558,-0.0021923285005675686,0.22199557497809386,0.0015539498273427653,0.00041590136505921613,-2.644332210038295e-05,-0.0003838462091633552,-0.0004071794666687745,7.798518257785825e-05,0.00010216970081325318,-0.0011172867948912204,-0.003209943407555186,0.001964011816302416,-0.00022224403774795398,0.0011384265472785934,0.012712491347657449,0.0003649667713103781,-0.0018808141279767075,-0.00017609771174551068,0.0002547177421333294,-0.009882537158168165,-0.0014817457200922176,0.01133132956631794,-0.00034141584640144207,0.00022822815780217803,-0.0006878657412021901,-0.0014238159495805758,0.0004745066088181829,-0.0008271196407457389,-0.0006454926696483444,0.0005766220071904662,-0.001377494265885567,-0.002834156785641469,0.0014037350474526706,-0.0052968523862019865,-0.00034257913391104976,0.002403200210199105,-0.0012540068313638365,-0.00017379803752538316,0.0027701372148907686,0.05034359054206205,-0.05282631794372755,0.01751303870217113,-0.0001439146682787704,0.011235905635318068,0.004056313145847353,0.020087573145600314,-0.00043573439055695495,0.0012907544716163697,-0.0009949778671284647,-0.0009241824989849063,0.029060763939957768,7.391582977638901e-05,-0.0027613547137938822,-7.158352542519387e-05,0.00011864152747590069,0.0009927240826373307,0.004221919441293301,0.001526736463429957,-0.00020340214528345203,-0.0724540462600766,-0.002833872638772752,-0.0002643069697156053,-4.754631632970319e-05,-0.0009018414510082477,0.0014402206178203735,0.008982718951191555,0.0012689803557273,0.00016754685961761317,0.01611764850690343,-0.0020111025027099096,0.030795190100309136,-5.0780513904418855e-05,0.0005471652066848506,0.06558629248852538,-0.0037375904725760745,0.00010924994211558049,0.0005281598412641003,-0.009598730993666788,-0.00042699746780486443,0.0005254240106547627,0.004640242733336215,0.00019948981739768617,0.001651764435707,0.7757792132820093,-0.001857280512612216,-0.0007349222742599835,0.004269603371990858,-0.00544288774398308,-0.007976253143779612,-0.00409551943931656,0.0012724612572983067,7.054353051568725e-05,-0.0011176722016005341,0.01376264934445797,0.00039727374976115514,-0.00861316702666101,-0.0012951565969120185,0.00021585391365960718,0.00620932451887257,0.00016363957821826768,-3.416406139598611e-05,0.00012152592105687827,0.00805879471461908,-0.00044879456271451883,0.009578657668414276,0.0002749998537683578,0.0017259934764915774,0.00033358436515218155,0.0006133750964158829,0.014857358835617989,-0.0004193514759029866,-0.00253127449121566,-0.028006410510253602,-6.44320760195688e-05,-0.00115262245494138,-0.5220986163907417,0.00943429473270702,0.0034072840785158375,-6.715048371539259e-05,0.007719497649940697,2.262739952731314e-05,0.005715571358583468,7.524043916695526e-05,-0.00044180723418477575,-0.00020393780598198608,0.0225746338168006,0.003105560125050574,-0.0010749774240535713,0.00016017210993911693,0.01898654162221733,8.537978311835923e-05,0.0008403291148983542,0.008896531429240347,-0.00010119628597490393,0.0006844396152071604,0.013761833102170433,-0.004804653387444664,0.00018580101046696202,-0.0003709961885875459,-0.00047666964592479964,0.0009746922274714229,0.0013937218791777901,-0.0002245960637970619,0.00490505044540311,0.00025973867512415496,0.0009369393474828177,0.006004264992870842,-0.004680480619054833,-0.0010602799733615883,0.01737640542453785,0.0007057924944603717,-0.00017977904840675948,0.0005407495417220809,-0.006516398978101254,-0.005448907463155477,-0.000887030328142014,0.009274525258457898,0.000382475231555725,-0.009744753130557721,-0.00031324585743945383,0.0031576491720379475,0.025084543729516195,-0.00015747174543173648,0.0004579718736856663,-0.003948678764689599,0.005526930560820522,-1.051936951814575e-05,-0.008313521743862823,-0.0002343397388662881,0.0029811770702312104,-0.0015666858050301371,-0.0012481929554798853,0.012332550722735041,-0.003198911696999437,0.0005838224667965586,-0.0027419243022862,0.012259367064788475,-0.0003853556213443132,0.0001256654620278117,0.0018219726309297198,0.009795166398156094,-0.07446003186126189,-7.230270193970276e-05,-0.0049546018134067815,-0.002317043024584747,-0.011406438530747636,0.006612394637238662,-0.03370945007908053,0.0011591372296349423,0.00011385994100495994,-0.007734974342721912,-0.0016636082479997826,8.693187371879973e-05,0.001256646151120424,0.0012810597028534087,0.001253051427788796,0.0004857825732624704,0.0016781119501197324,-0.00010222028222937711,-0.006687161083187379,0.000745007305641642,-0.009871191910427604,0.08468786153128088,-0.0020822343448545807,-0.05634717262630595,0.003045721296623973,0.0009023173883119002,-0.0008909035333502483,-0.0012263775550405802,-0.0044007090336909815,0.0003079355981134822,0.009255276847665615,0.0007871703208536278,0.0008191707084362592,0.027135786820107095,0.007414794599288784,-0.0003480406829289082,-0.0003793068926777934,0.0007867259103259204,0.0006146902014646391,0.004325207595921168,0.0023432439561601997,0.0003080945897886533,-0.0002760460351204901,-0.0026430294454565404,4.9191068854599184e-05,0.02145502040346764,0.00247577609163579,-0.008789669576757295,0.0003188215741786668,0.0005385652474577255,0.0012733525966665377,0.0011944229328591514,0.0009383455048588516,-0.0001360828000474528,-0.0019489139472765361,0.00010152654552792514,0.009468572850838157,0.0010781095281456351,0.0007187420360858943,0.004017231432119194,0.001808149720159068,-0.0002373484898399213,-0.009590621728027226,-0.006843326038078356,-0.00014921911353135112,0.0001948413720347002,0.001955762103696989
108,5.479235382913371e-05,0.00037537429695740695,-0.0001092173353555652,0.013492663267895706,0.00026926943551543485,0.0018776747959124884,-0.0007220665840224003,0.010609891782640511,1.6020066442703172e-05,-0.37341008110207197,0.0009095955949616362,0.0007464459501542119,-0.00012445116643455042,0.0015580793951266454,0.0024313950699136003,0.001798845863056584,-0.0004783863474326097,-0.0034601453162361527,-0.0016853873305705271,-0.00030718449960611023,0.008815235738133,0.0007590834966603698,-0.00011086730972751009,0.0008525448964000594,4.391614437116928e-05,0.0063089979056232814,0.00020015536297145978,0.0001715042644177922,0.03594097063765735,-0.3504103567565668,0.0008575191357287175,0.011375356199204283,-0.0005005096954246251,0.00012074643535710684,-0.0008723314925885989,-0.01090444283339198,-6.195113160859314e-05,0.00044023610631462734,-0.0013053125985523217,0.0008797875416769174,0.0007154476975520562,-0.00234852973164311,-0.004108908353260717,-0.000103824642291089,0.007121900345460529,0.0032331584934375867,-0.005334771257885961,0.0010408008899007795,0.004467036123672904,0.007523059813970485,-0.009878998530483123,0.001692199121492288,0.0013142114047501787,-0.0037955757634083598,-0.0003389132369962036,-0.00020823053261939325,-9.499723230887991e-06,-0.00016041542533559282,-0.0010049040391446064,-0.000384383432589952,0.0004713188825131438,0.0003170045218474554,0.00146209848407439,-0.00042076634862966647,-0.00041426874340254327,0.0007315995433253924,0.07711392881782587,8.132174476942634e-05,0.03440037114307674,-0.006061646707073411,0.002969778664598295,-0.00032071556161498895,-0.00033336731847578784,0.001566762268570588,0.0020381962415886436,8.686978759071817e-05,-0.0026394456481059134,0.0003722981163932909,0.0005561491544148062,0.0015357215879340247,0.0007541355723429074,0.001796819598794637,0.0005665969830600977,-0.0013866700663326828,3.807590144648395e-05,0.03498046407836822,-0.0009973654969082438,-0.0001278853380150928,-0.0014778434937911707,0.0006501839471207138,-0.0002052755203082457,-0.0816833676823283,-0.006406330598952903,0.0045316401707678824,-0.000337889837233981,0.002086936694730205,0.001276623373644892,0.0020630960710709494,0.0005774901934196483,0.05549262767092317,-0.0006016903916049587,-0.0006476829985764369,0.009268952744311863,0.00040530294205705364,-0.0006796428782168025,-2.9775341867727817e-05,0.00032724075965232663,0.0005789315060110833,0.00734604239098732,0.0049551566898945205,0.0005591612016972586,-0.009484653825527259,7.872960701775684e-05,-0.0004564905443035054,-0.00035622973760655874,-4.8127602901102545e-06,-0.004200425193720218,0.001282024677961252,-1.6078273419650735e-05,-6.320130178209902e-05,0.8104773213944014,-0.0010825471555139694,0.016269758565813263,1.4036331266269663e-05,0.0015093549860702177,0.00425332475342716,0.0007032345702435601,0.0007012227415216024,0.00014525776251841926,0.004628405394283308,0.0002404748003605522,0.0014163386402563385,0.0006102287433603199,-0.00034777499610966385,0.012327062829846375,0.08760562147124086,0.0015018001597023184,0.0005878713272401501,0.0002910211176347439,0.005720120157624508,1.592931884666915e-05,0.0011896000931388446,-0.00011517390829591945,-6.930695209180876e-05,-0.0007585849625542092,0.008701265530588826,0.0009318289839419766,0.022809460029422204,0.000836340778527696,-0.0007629327744547326,-0.007425090658177191,-0.00033689103409532614,-4.195013868770955e-06,-1.9942645623754118e-05,0.0002549776919262073,-0.0002554482111436796,-0.026715746019401347,0.00011078240665321395,0.0002375630799368372,0.0002537242524347392,0.00040033857519789287,-0.004691575430301585,-0.0001244496553887821,-0.0015726066357210043,-0.07874478333697237,-0.001365938561592288,0.00036560798818802316,0.12655302866323484,0.010855918754069943,-0.005928458002428671,-0.00024763161937173955,0.013617508246361572,0.0022180310229965258,0.08134448681909046,0.0006706680497690215,-0.0001478851360357747,0.00018509693310192216,0.003000995512949468,0.005237870653942317,-0.0019748477723894806,-0.00020141902449873766,-0.007083931670141354,0.0019888621510452814,-0.002367296369781346,0.004893764977098154,-0.003587742180925231,-0.00020589842941653655,0.0026540938642055454,0.01989696651208714,0.0009686460543551142,0.0004896899340236273,-0.005620455300528416,1.2299318812931254e-05,0.0022792662323862477,-0.00011403060167667484,0.002328307172402971,-5.640739049288246e-05,-0.0006573041773099727,-0.06564703887059221,0.0003995983075730791,3.68995071943351e-05,-0.005249387798926725,0.00019939629603040604,0.00023528511868190632,0.0006187255277969464,-0.032919512649690716,-0.0007664931366262173,-0.0005779884280280242,2.3200403317932133e-05,-0.0005997706267718915,0.000507996817940351,-0.0010501207827469158,-0.000917392105928126,-0.07172772069197979,0.0015483550864055853,0.006241800528178534,0.0029676080190025296,-0.0007295593294710102,0.00031944431348900765,0.0024902238527412445,-0.0003360508091797736,0.004415294012630964,-0.00039763210326633144,8.828882430300666e-05,-0.007188275054060491,0.0009310982254071406,-8.692748542712611e-05,-0.004719610811299788,0.0015533960043240232,-0.0014669673656953226,0.00019509368859340416,0.00018028267314041703,-0.005420859705852182,-0.025601367208129992,0.00010366095677939377,0.0005808385838714366,0.00016384233999866982,-0.00016200292099585387,0.00416659247151695,-0.08067131864230777,0.00016351748339911085,4.084010082635193e-05,0.0010030801373621355,-0.00035716173175446425,0.0002111207233753444,0.0012450775614321502,-0.0034370169189169987,-0.002040336241521817,-0.00037153613062164263,-0.0004947673598432352,0.00019123500301233137,0.0029270757508123753,-0.0007741696814315769,0.0007707200521987548,-0.027113316951185823,-0.0009396520563701604,0.02904485680379193,0.0016890343662580053,-0.0005172532875331193,3.644032187576779e-05,-0.0003730547627914388,0.003906560158670927,0.0008168467202745652,0.015179710504852893,0.0002883981058296641,0.00010264705379562332,0.0032962179803137357,0.00012593846259174868,0.003936494239321462,-0.0004153037458616332,0.007373756374340652,0.00042863846344002205,-0.012749394800552196,-0.0004273421403395558,0.0008910582573689622,3.556342221687492e-05,0.0037619191963671446,-0.0013624518086779022,-0.0008011389224406463,0.0003005340348470331,-0.005341662027261925,-0.0003851144703450743,0.0015667244815924075,-0.0011021101571066449,0.002348589364634024,0.0002054485719362605,4.983532194043766e-05,0.009190969624219798,0.0007724199554418193,0.015549202876466592,0.00021037943883031943,-0.00036793793474212966,0.0016323194696139867,0.017387004136566388,-0.0003566902790743359,-0.00036146441242840277,-0.0036526718891841913,0.0001864526851219038,-0.00010823270374415994,0.002573888278914274
109,-0.00046608015708964843,0.0008757258576543511,0.0003386084013415765,-0.3175633434375303,-0.0011119820898152534,0.0007478597901919466,0.002932427132807877,0.008771837481739167,0.00020523949367678984,0.01542600230648724,-0.000298162970314948,-0.002132714542787812,0.000672033538434702,0.0005488131750023134,-0.005804355541950738,0.0013732444962464008,0.001897296141671636,-0.002230080944714113,0.0008056845496830708,0.0001804241764365791,0.009378145990005603,0.0013514048678064869,-0.00011306529549278202,0.008378114587436515,0.0001796328436393102,0.002968568076375716,0.000228151095633157,0.00250308007968064,-0.0001736160261922165,0.03280316647745628,0.003810837595675104,0.007298652457884504,-0.0009036154660421059,-0.0004245522385983823,-0.0006043174651823024,-0.16547004020965772,-0.0010573519716929793,-0.000949186570510014,-0.0005925641518092911,-0.0003089906143371483,0.003701858848449367,0.0009523858619805304,-0.001680236789721918,-0.0004865647284098811,0.013040391262262419,0.0357947059644753,-0.08689680176379885,0.006993284387405712,-0.0004312822535662269,0.030597051789725528,-0.09079168523258274,0.004351355359076667,-0.001977760344356422,0.013057688378857742,0.001004188122479148,0.00033012168059996967,-4.171938818308893e-05,0.0021398096366864196,0.0012773491827526439,0.00028398486978067905,0.0009998219325562056,0.0003417037337328794,0.0026995432338208602,0.0008754642518632891,-0.0010618260018565168,0.01888769267289011,0.07240204844124931,0.0006163927413443168,-0.001008860335781077,-0.0009865235719676742,0.0049292518661554294,-0.001016481617817938,0.00025822597406211715,0.000989218666458422,0.0008422561798160774,4.265228347130612e-05,0.0014118416639260292,-0.003151710610590633,-0.0012818290283902849,0.0001546211246251641,0.000787820822617085,0.007629948550356123,0.0007544627913774584,-0.003749860762956721,-0.00022766707651384905,-0.0050206169742982,0.0034744274428141902,-0.00161720510538612,-0.0020450090214476913,-0.0008487846714562257,0.004559626930779501,-0.022606531417459254,-0.0003952436921611721,-0.05541485073859708,0.00012487954570771572,0.0006174903672460548,0.001283975651558988,0.04122151530916674,0.00017240756373454978,-0.0005184517385826517,0.0017065925404627785,-0.019339765194374307,0.05550068926220442,-0.004554443153462729,0.0007535401825454744,0.002601572907508142,-0.020160655395598602,0.0015012203346478647,0.101594561490256,0.004950239584038024,7.009491799399303e-05,0.022652552099415565,0.00239596823754463,-0.0008376936159817071,0.0002841330570847733,-0.00041745453125800573,0.0009620511645841512,0.0009095646676468882,0.0006915973875718192,0.00046325966993178094,-0.02776210465260908,0.00354573693281839,0.1723821752453472,0.0007850583777872108,7.44252480343148e-06,0.043485727210871045,0.00017846197006751914,0.0011175013032563971,0.0007101246530091185,-0.0026470002289747142,0.005938568543583255,-0.0018381811105764004,-0.0030722363994370276,0.004059453662836967,0.035083870759926694,-0.03249355747729171,0.0002939723495978923,0.06604421958131716,-0.004128066735815038,-0.0007000103246373552,-0.0031525545452429733,0.0003729845021816108,0.006103932865818383,-3.191358616236758e-05,-0.0007194136126355655,0.04080578948235478,0.00103091622652404,-0.0068007981694191266,0.00213810346715667,0.003156192500800968,-0.0075512620979242134,-7.613929204861036e-05,-6.748208069392789e-05,-5.2140845089233834e-05,0.022042590640401243,0.0001511932163091391,-0.012321003791936708,0.002008531048173499,0.016620649072756948,-0.0004185421619175419,0.0031633259724169064,0.0029510858773897112,0.0008267726517446861,-0.0005248189433805124,-0.011005868129440124,-0.0005948320922349285,9.868834628995547e-05,-0.04270303585556213,0.09810987200399955,0.09117689771839857,0.0002791694576555863,0.16375381573394024,-0.0007671081262860312,-0.016219413110128644,0.00019368115616262907,-1.791638495157342e-05,-0.0006132620368134733,0.01077601544410119,0.1294955379635624,0.00044267492376941827,0.0007091254252808085,0.010338879007920894,-6.584021716312533e-05,-0.0007281660408107703,-0.059887714575872615,5.964538601737311e-05,-0.00037161214539072757,-0.006832160966754373,0.0007844819930592946,0.0016071884480730759,0.0022978930415819554,-0.0022422827218612044,-0.0008030023248971271,0.014343214004165763,-0.0003712430916271575,0.008756672616500615,-2.428447856259847e-05,-0.0004853907473671983,0.012148802782808695,-0.0015217109566307268,0.002419173424835869,-0.020010558420957954,0.0023645119229055273,-0.0012260302074767289,0.008614220419303396,-0.006932945558473198,-0.005872212118512662,-0.0011443293675400326,0.02650535261074894,0.000742710680003988,-0.0013234790586403406,-0.0015577258622692207,0.0016691896854262194,-0.01800918479498663,0.00011324685560911568,0.0006003916047610661,0.0030037167142394454,-0.0023765109820766423,0.0011985645939608797,-0.007643784019093928,0.00013064848891473023,0.10930012408846905,-0.0009406286666368315,-0.0018028496577256956,-0.015307472942236302,0.0014059872917641632,-0.00024990523409644636,0.0034996800549334916,0.0028932431132642844,0.001559381304102915,0.00025142104741229934,0.0014633672755368001,0.0010250673057583398,-0.19442395067472495,0.00011518473109053495,0.000782611294209013,0.0002934819534610583,0.0049327053989703315,0.004050738187900597,0.004185606519173933,0.0017706932695466509,0.0003251958319192927,0.0014848012844213467,-0.0010965510344486012,-4.124563390353608e-05,0.0010315336889678783,0.0007035499503481751,-0.00017308217511010932,0.001894474361390772,0.0010833508371491905,-0.0002500535163160317,-0.007333930751638902,-0.001022405531695832,0.0030981924512785003,0.011784159027850814,0.005286912450632774,0.7757569452831183,0.0005419187066283338,0.0034011862063109697,-0.0012787860762243156,0.0019382801743879196,0.001449685631198321,-0.0009628633460779593,0.1600334219402944,0.0006137347352403328,-0.00046402578537696167,0.0061744918084892225,0.0006894436409376967,-0.0044438022383123145,0.0004406182204639993,0.00012624441646237415,0.0007832988114856894,-0.013857436201665244,0.0014596679276719852,0.00013120707867663047,0.0011043915994367924,0.13788051020846218,-0.0014222351237135333,0.01213463956046689,0.004380815081484947,-0.089547257907641,-0.0002623700339507845,0.0006348242743584374,0.00046922481780428855,0.031213676589097804,0.00030084348910592695,-0.0008166782886640522,4.9644369460209335e-05,-0.000266583261430111,0.0024888185039416873,-1.9551525358884464e-05,2.3710377323411802e-05,0.007618474420006984,0.08546901891304404,0.006612225185262163,0.00037964641817450195,-0.02394713925234775,0.0023052612767781007,0.0007136797869220632,0.0011963676088765066
110,7.306781799347872e-05,0.005624267162633254,0.0008331769927145505,0.017387849570066408,-0.0016298502120794338,0.0008879066788888244,-0.0007520789557385306,-0.0060086397847022585,0.0002669096834129834,0.044928182993462434,0.000907253876630557,-0.006137818162120254,7.979257344378331e-05,0.004757813090627453,-0.0004902623264812517,-0.00028862321981369676,0.00042632609926145657,-0.018558276192114875,-0.000820913428003567,0.0005289275574410432,0.030470543563475783,0.000488899112469343,-0.010440165355740716,-0.002964874140121394,2.15933491833787e-05,0.028943642886173543,-0.00015088257754257775,0.00019510536552437444,-0.0035310164817952466,0.02868929027216123,-0.0017969642620618998,0.0003403846422886927,-0.0008141088020876637,0.00019514400294731152,-0.0005604732817312721,0.015656241010848428,-0.004650695550394603,0.0005655607182852373,-0.0015638939854711413,-0.00014931214096340184,-0.00012592219990606196,0.00362197481378903,-0.0036954052526086355,-0.0015191140957153235,0.00039342905734435565,0.0011307171580177975,0.008076255690019532,-0.0007805754505736907,-0.02955528315338843,0.030888017824715095,0.0027758153889874833,-0.07687551645622988,-0.005034203975999383,0.034882363516534426,-0.002172713426973054,1.3855592949022031e-05,-7.220178909191771e-06,-6.569925041274261e-05,0.0025315385350797087,-0.0005634127023257749,0.0021886338639516816,-0.0030531160640194115,-4.8906855066245154e-05,8.68424724687419e-05,0.0016959897883706571,1.936885892741019e-05,0.7039045128347649,2.2432836781298337e-05,-0.003049900367967156,-0.0007721905267561256,0.0002141435139700722,0.00038628338691592623,0.000410933101136188,0.001691356823839124,0.0013355886145142363,0.0002178475549791288,-0.00016513277678859972,-0.0009418765883369371,-0.0018952259022499709,0.0007292980937629533,0.004998894775645973,-0.0007272985623786408,-0.00042374606747322153,0.0014768691804887069,0.0008548841480440913,-0.005157285810489885,-0.0007164353840533703,-0.0006919116286124762,0.0012115129065858976,-0.0005659862676203817,-0.0030987754048897582,-0.5845900150728301,0.001498927029810999,-0.0016447092458006557,0.0002187542516677585,-0.003409365227052684,-0.0034710897695999165,0.0032341145523874263,-0.0023981117737493967,-0.006378139088349927,-0.01231336448989224,0.001721248007124635,0.00043642583921172425,0.0017543685950317522,-0.00018176583084711286,-0.00019592497620965184,-0.011880376603688647,-0.0010619494646316677,-0.004815280449349362,0.02605571566283383,-0.0005713609769072937,-0.036939691274617235,-0.0003657661442990699,-0.00044374141481914094,-0.00036410456333182614,-0.001634748306594199,-0.0021642471524814166,-0.0010264901226654073,0.000370196552859445,-5.6356366040794166e-05,-0.0842234459518095,-0.001444371592394426,-0.013244133854875701,-0.0006094821180192678,-6.913140372905919e-06,-0.0031502202291513494,-0.0012290770913036897,-7.082685604449502e-05,0.00023094074449574523,0.007523575482411277,0.00117195381780557,0.000711815423470379,0.0036347541633082476,0.003184061918998158,0.010267391561162393,-0.021206750799922885,-0.000400819796632498,-0.0021534869578106706,0.00048359311292868316,-0.00033703028387290944,-0.0030546493636766942,0.0012933405123704061,0.010780244746464163,-0.0016833928130552528,4.7415793839152324e-05,-0.0010898233234218188,0.0005748099498987481,0.0180038965686192,-0.003119636844845898,0.00020024975053143556,-0.002475328637556513,0.0008149531953099767,0.00014945872663446055,0.0001379698000600092,-0.007583643530919617,-0.00030784331068468314,-0.012807189374930972,-0.0073966389277215815,0.0005758811256195535,0.0035978662967487496,0.0002766331509082868,-0.0116758573486787,-0.0005069757749218842,-0.004515572286769668,0.006488563863735723,-0.0012122415602292013,1.0665615325085678e-05,-0.016451866103813335,-0.0013345064043916834,0.02022184725555074,0.00019980248956438795,-0.0030266674594255707,0.0025139616243902993,-0.004513453773824504,0.0009654798443522582,0.00250558727920159,-0.0005726167440842035,-0.00551095123558183,-0.005454122705019488,-0.0030023267304605463,-6.298692523851526e-05,0.04202852825933609,-0.0020876488477812134,-0.0007878584313177484,-0.004927619373815529,0.002374606676844365,-0.0001669092524456883,0.0024549659781375214,-0.003868300937729944,-0.0016809091990705888,-0.0008314675218760075,-0.0026989507135765124,0.0010252674959597722,-0.000679943729022919,-0.006215340657524981,0.0034734654993467326,0.00020409472608645945,0.0006880859954341316,0.015480331718355469,0.0038792338344750222,0.00039412304488157385,0.000997245276208623,0.00019605740649564544,0.0004806641047395161,-0.0006791582707144458,-0.001009957835738855,-0.00040154140694351333,-0.001956960306896529,-0.004204289367985981,0.007228560040424817,0.00378292532525681,-0.0009727414994830648,0.0002805888121955121,0.0022731583493928414,0.009262266465392195,-0.001713889235416113,0.0016296108001201792,-0.001874132189943728,0.0005796301902230056,-0.005147259397587577,0.0006837977036367529,-0.0035441698297590933,-0.007730647583845307,-0.001616625439668418,-0.03788301598773049,0.003020836129466396,4.186071418787313e-05,-0.000189211764590412,-0.00033478289891080803,0.0012604698097947189,0.0003162358253161684,-0.0005228223223041151,0.007405865066511462,-0.015189470295369873,-0.0002662787234762056,0.003802937973137287,0.0006609255895858279,-0.0015698484001787057,-0.00023765928718440986,0.002118534257805469,0.0006656288037791072,-2.5794232591525776e-05,0.005786589438202277,0.003444163780395961,-0.0001718445852442593,-0.0018250377204259384,-0.0007085894690567645,0.0020413709660877543,0.0006183020100031729,-0.00027780760182404864,0.0007454281570189094,-0.018305773760076506,-0.00038754539789875723,0.004678628597755239,-0.00826837000396481,-0.004515194621136951,-0.08553038213446904,0.00856408955171987,0.0011710309478411805,-0.0004836649936104786,-0.0005981444629950157,-0.00327937023753892,0.0013357809811756969,-0.007946931402986692,0.017695436939213976,-7.547531901263486e-06,0.032560844529193146,-0.0010496675655676448,0.0022355706132748693,-0.00043092827612036596,-0.0007354541455579588,0.00039781419021864235,-0.06877353822873015,-2.8119240075142986e-05,0.00035810146679245223,0.000439454566920855,-0.0035241659049501835,0.0002788099442694253,0.3414337680258068,-0.001468394012772543,0.00736666013179922,-0.00016444941805399127,0.0027717960999543052,0.0026913559146474154,0.0003322404238880776,0.0011412738815902894,5.302211936547899e-05,0.0009538598704234802,0.000780042524189832,0.008226983269552728,-0.01110704146121367,0.000797181364907305,-0.0009119503541428955,0.0009497370114231506,-0.00033447019458956323,0.006580388906435634,-0.0007442297915651716,9.871165500405579e-05,0.0001442588452174071,0.021636637803246123
111,0.0001410281493599498,-0.002242693569242985,0.001297118985935953,0.000642136370038271,-0.005271666989754953,0.001011889896084861,-0.0004564382868981146,-0.0001648136209507576,0.00030528626613621386,-0.027093158486303764,7.175759486954271e-05,-0.01891078680850654,0.0002080484177311489,0.0003817003385073424,-0.0016594215675662868,0.0011504419847436272,0.000819240521712227,0.0030956137052987978,-0.002131847310568001,-6.938553184473659e-05,0.023405850765270974,0.0023616840077882173,-0.02879309931012141,0.004209593864327796,-0.0003807412079288412,-0.004444530051175961,0.00026765009195772564,0.00019317618195160925,0.0011856525738323034,-0.009404976000425353,-0.00029620138025653053,0.005178076068435351,0.0009384054613820801,0.0007156320955858472,-0.00044452867089808234,-0.016172664980208553,-0.01396542106569492,0.00021782264787479234,-0.00022565747423728904,0.0010729023288736793,-4.75368728296286e-05,-0.0003936944070375807,-0.0005356703408326384,0.0003649955958828072,0.00373237534119118,-0.005267338338411595,-0.006126933276432909,0.0022058013268272383,-0.14945253789384846,0.14475508132490755,-0.011239163591752315,0.026057871974386356,-0.004085819952532998,-0.06787655535649775,0.0002179963884344988,-9.175125850925409e-05,6.569693558389211e-06,1.1126256637910116e-05,0.0014448696873802132,-0.0009855269163868124,0.001240216249198498,0.0013764161628982536,0.0013591727787702081,-8.092684664761456e-05,-0.0012242207661325851,0.0026540446177114024,-0.24329860159786587,-3.4210785797440476e-05,0.0012780717756454756,-0.0003660675225636359,0.002110795828478699,0.001113233219576911,-0.00011275556502896088,0.0029960661744723215,-3.4223213690618586e-05,-0.00021129129806136786,0.0004514202124005841,0.002104843137584817,-0.0017169551839117609,0.0011595704545247915,0.00440591208395414,0.0012295662703020438,0.001641520766409017,-0.0023867792761554686,0.0010474341834840243,-0.00533441723047732,0.0008993641441130441,-8.616222641855695e-05,0.0007705275959604011,-0.0008213862443259244,0.004517527108707428,0.24572952589415137,0.003924282479539166,-0.005844978815794441,-1.790035078617501e-05,0.002567651161251191,0.0068586638018752685,0.022229884602443822,-0.0011992766355690323,0.0007991824060355178,-0.031111547343891252,-0.00017410432700910774,0.03976131024462723,-0.01084702620510838,0.0002542725388409886,0.0008942760003879045,0.015084158569649203,-0.0012654001566941892,0.01994523126178224,-0.01049426377394549,-0.0010819454636219856,-0.012034262272571868,0.0018559020484742682,-0.001206867617324454,-0.0006679879820014134,0.0005999079265325774,-0.0007155982235063189,0.0022388189770146776,0.0004894078972627535,0.0019892911300633882,0.02926332719388405,0.0004741373131437899,-0.012082136467261324,0.00010176914138071651,-8.448076590392592e-05,0.01474736662386518,0.002504818260433443,0.00044148101400116966,-0.000282278513843234,-0.0009536295317251701,-0.00039626555655299155,0.004275248247386072,0.0035250965619434485,0.006022216619450025,0.03781173384141604,-0.05185592699609004,-0.0010390992359244344,0.011984659830824569,0.0026568933239342635,0.0033986799114463025,-0.010397166115198517,0.0010619245198099667,0.0243607275461843,-0.0020280143557623817,0.000681706655895507,0.003921178068275892,-0.0014972977485940464,-0.009112514683432781,0.0004608678345643781,0.00015651524238488126,-0.0035348274780501935,-0.0009601756164415206,0.0006531770554161321,0.00042543749447145675,0.0020821731283631236,0.00013622945036563812,0.005111170325136784,-0.020364825452924305,0.006705578646427015,-0.0015676887460040017,0.0023669721656881717,-0.008847106798866472,0.00440135627212585,-0.0033865169917282525,0.03658866466784844,0.002345097761017315,-0.00031049909782243396,0.02241914223640257,0.01503761949744157,0.02008302250869562,-0.00016407505951195923,0.020983018869131436,0.0004976830979717684,0.00039411034134676816,0.0013977508560758742,-0.0005354354278432592,5.824253217777704e-05,0.00032336975098352705,0.016237062889351752,0.0012488433253227266,0.0015053410732529145,-0.001083378177851986,-0.0019249653833311154,-0.003672837011063434,0.00030002342827542257,-0.0006662871881039749,0.00012129896324451512,0.014054990110236382,0.00212572426086756,0.002519281612272578,0.0009162770514505687,-0.0016613981160257313,-0.0001279485136074683,0.0018731296432650314,-0.015893389602786797,0.0051924392681984895,0.0006668360173770848,-0.0004670806049992357,-0.0032694650442891297,-0.001267027606743704,0.0011012963453616849,-0.005741253257866993,0.001798674944921573,7.295786775834544e-05,0.0010082813261282986,0.0004156251001448275,-0.0003218804017782943,-0.004458975817758211,-0.002491057005847637,0.01857811993807249,0.002939848232143037,-0.0021593654930582035,-0.0011943480864999067,-0.01262986472395037,-0.005318255530077982,0.0008708251782641714,-0.009218415448943716,-0.0004717995426234572,0.0003919606700002569,0.0001800223071317991,0.00045812591169826775,0.012807551875669815,-0.019445048877131384,0.0013084096178351285,-0.030948180250797687,0.0006576005268569356,-2.0024784768475678e-05,0.0005546405073827642,0.001025469870088093,-0.007137149376243084,-4.976830548699066e-05,-0.0029296695612757496,0.017633813587831743,-0.1153060849613647,-0.00017838695693119249,0.0009560729537683517,-0.0008867654448771137,-0.0011549170952334835,0.00020242000705755845,0.005068818627697965,-0.0003968039111550304,1.975490900653213e-05,0.00048490535660593596,-0.0009678965462602579,0.0008246534389315923,0.0036942062425893768,0.0014259055220948414,0.0008136672472927755,0.0051128440293695164,-0.0029973480481899073,-0.0005204157665378286,0.003442270517257093,-0.0008789146403876452,0.008440933783801483,0.0024544215489305183,0.0069475397673124575,-0.06875574394451733,0.021527559495720883,1.4921717629760942e-06,0.0007682331249226064,-0.00035124738634566516,0.0021921968859550146,0.0005570660951633006,0.06377750470093536,0.04495536172951922,0.0003251056723387293,0.10160716693503286,0.0012135545142178475,0.0008617163447949075,0.0008264214027739099,0.00010716162981491329,0.0024894958494206905,0.014417599602109544,-0.00012479557520585362,0.0006072372379163012,-0.00023545352079298908,0.010915151506271138,0.0011327551457210173,0.8764531493010184,0.002073973513859921,-0.00328402404682174,-0.000977684391648398,-0.0013766529294510187,0.005427565579691554,0.00023666974232176995,-0.00045792304874045996,0.0010400738036679923,0.0033171992529530585,0.000956774219744137,-0.0014670454491656649,-0.02644082826878604,-0.0013418948862834231,0.0038434544757455207,0.07992577972027991,0.0003310261894496505,-0.0031615990082658006,-0.0069130606326408515,0.00014607399367996083,0.0002635989127075589,-0.005943593314738152
112,0.0008062941958490342,0.00013370662317493953,0.0007871818887396505,-0.002553964220647525,0.00019191130572607934,0.002602811240007233,0.0021128738978775582,-0.007129603030244104,-0.0004644424760836263,-0.0011486393136806994,-0.0009657675044477815,0.00364568414280185,0.0007934254423767328,0.001206523547581273,-0.006643840164965137,0.007424669192523728,0.0018645764910030088,0.0005722874424913538,5.7598867098745954e-05,0.0007926299130764369,0.006942539110361745,-0.001986275336384513,0.006032953334479321,0.01164797018804483,3.245267216711589e-05,-0.0013890216436783093,0.001480271657258725,0.004511068927923427,-0.000983082691310408,-0.005195024701409576,0.0014904275687133706,0.03607028064308199,0.001167619719424133,0.002253429743784042,-0.00010840932597624975,-0.01094658710060363,0.002541144600367269,0.00031772764663968826,-0.0001797565983649935,-0.0004939640758762059,0.0025467932039435707,-0.005522836787007761,-0.0008141424060948664,0.0009054769655711986,0.0009989111525839558,0.003799914942800572,-0.07357764507306476,0.015555828054508745,0.03909553736451165,0.20009099305188388,-0.09908125375525575,-0.0015450658225276094,0.009348626080042407,-0.14402195549408656,0.00027922193253738896,-8.634673408043116e-05,0.00023697771701567186,-7.284158801747589e-05,0.00041591817969578943,-0.0004679864384200365,-0.0031645927478461964,0.0005718831989104912,0.003941374920182919,0.0004958646877377246,-0.0003253940307817465,0.02279671089542674,0.017399367069380493,0.00016018796280373865,-0.0013047973858763622,-0.0006764658206236326,0.012324062325510442,-0.006973418144905606,0.0013309741645259265,0.0030625600334467347,0.0012454125798664192,-0.0004515728895007603,-0.0023485754223191587,0.00015413634938214217,-0.001025939303249756,0.00045393946587373585,-0.0005772444818597554,0.014179018437214934,0.002361947030847888,0.01909891849416804,-0.0013813620400410422,-0.014731997241904743,0.0033993486373548997,-0.0010026854860196509,-0.0035738635163095394,-0.0008432946884298128,-0.00037219970138775964,-0.02048111302091924,0.003201380705235176,-0.058966327897746695,0.0011800302458660219,0.004013179046848051,0.0004457787849658336,0.0967702250557671,-0.0004898798979468683,0.001137902046760511,0.005253112550458721,0.02189445060822242,0.13061484689420474,0.0020440177801833003,0.0014983222048823627,0.005007185366004096,-0.05903901149036793,0.002911566988950085,0.1320804969096405,0.0011529121586808884,-0.00036569090572128714,0.023947847854596496,0.003236173157311224,-0.0005746951062371337,0.0003652013616658803,0.0010968911362753964,-0.00448942919301951,0.0022267731710831373,0.001369152864684776,0.0007898220962950105,-0.01700277679527718,0.0008065133290738272,-0.03451281776470971,0.0018317214188181548,0.0008134540733742736,0.05670589190377141,-0.0007509488981476765,0.0016519239813521315,-5.025044539148666e-05,0.005393042919507408,0.009276565704178369,0.003980707331078642,0.0010653262277364323,-0.007956777881260974,0.09818512262592913,-0.04514601333846658,-0.0012243326371066668,0.12734115782790084,-0.00017178952464227178,0.0006918041601086493,-0.0049565757464450425,0.0029715358161871153,-0.006301557612294631,0.0003015837506578246,0.0007434393448352132,0.041045758788718384,0.0007204775065768887,-0.011531061937287939,0.004830480958855847,0.004439449449455396,-0.0005564162014153693,-0.0011386784622720893,0.0009626381965814222,-9.412006551975981e-05,0.022385594337278242,0.0001190021535457487,-0.011474910655427592,0.0037776315683029325,0.028484438189594837,2.6769902548796822e-05,0.006098247159536899,0.005008301647105549,-4.694222908644937e-05,0.0027693439705579583,0.12643399306803507,0.0007853450394101373,0.0002453884133624788,0.028042799041934525,0.18604397016640728,0.2346694533801062,-0.00014036999922112728,0.2861048776361324,-0.0003740432492996169,0.01004923996201447,0.0015490781178370914,-0.0006662177199229615,0.0011051707538015899,0.00819523272463361,0.17719466471465875,-0.0017817414342284794,0.00031063883805727485,-0.0006780492568018905,0.0010486730403169546,0.002276902001493355,-0.03968578948359839,-0.0013177344022508985,0.00046475368096328667,0.06276098378680893,0.0023238552094761427,-0.0025933498985629922,0.0065772766434149255,0.002515710976075898,0.0008728660314100932,0.016897047209678613,0.0031755053810944675,0.01909552042237793,0.0007646049806029557,0.0019392123259631398,-0.005302314820075742,-0.0009640668049712324,0.005951738999394326,0.006918785172514555,0.008075842903276021,0.0012684705460999646,0.014118484805494954,0.018648695377325844,0.0048529652718053515,-0.006277460050402552,-0.009150771783675796,-0.005113384823854191,0.002304761763159486,-0.0019005094269254948,0.0010017001127697284,-0.005054991601623406,6.884948298270846e-05,0.0018568128027348068,0.008385087482100543,-0.006622555076792585,0.0029160775896742708,-0.005333883910655183,-0.00020887775389087518,0.19367870178716104,0.004647314831070745,-0.001092211043361646,0.006592326795104795,-0.0007103807587365622,1.7044249562350733e-06,-0.0034407752234616065,0.004296374068014957,-0.0012697610503133935,0.00040034847617820073,-0.0015938311835220903,-0.040156251194835846,-0.3104767959906406,0.0005353799691322054,0.0007287752780680205,-0.00021941120492647648,-0.01050134900110246,0.004217277572018476,0.009237257371493876,0.00228893782224596,0.0005227108301717629,0.0018218798421924462,-0.0005433621933675212,-0.00039941618840242093,0.000816166544114017,-0.0008482361911836904,0.0018831815219235194,0.0014649268604022391,-0.0005230524770226218,0.00023290401732159287,-0.000934175403987172,0.00040161461258011316,-0.002912690765519338,-0.00043824079668099494,0.005960122894102573,-0.46142006189834384,-0.005967217544250405,0.005985068026712383,0.004013253199738297,9.243546150995707e-05,-0.011538746570199328,0.00021445022982873778,0.26402211115168456,-0.010789363382888368,0.0003689384969670303,-0.02355370732093271,0.00012113179468850079,-0.0031871647640785584,-0.0018545053229129878,-0.0008545068789627336,0.003840792645853622,-0.005493285665693541,-2.1077265473390546e-06,0.0022446948405155384,-0.00039831906033602725,0.20280013622105278,-0.0018109397586480707,-0.20036951109379877,0.012016340587566496,-0.040681838210376305,-0.00022349162572473432,-0.0008787344238604076,-0.006037961072577855,0.02112130986953757,-0.0003576580311114133,0.004080410119661733,-0.0024306507117251835,0.0026007230947116336,-0.01019615903304535,0.007410031151466567,0.0010519194250018168,0.025769830943520283,0.3020226452340403,0.00016641611765480166,-0.0005581208491240996,-0.08511406632858312,0.0027375187046207,-0.0004853692235072173,-0.00014816293330151818
113,8.233334351920719e-05,0.0008182482298301533,-0.0008315995620449745,-0.030641625154428608,0.002524864180822778,-0.0015913418906626483,-0.0012648956532357635,0.01162408409624743,-0.00026473324816621204,0.00883499908995404,0.001248326284761549,0.0014777849833257596,-0.00038691253224527357,0.0008283582398537614,0.005617383283140532,-0.01261890791229894,-0.00030258236291197697,0.004196379965693774,-0.004206932887819722,0.00012262863673669772,-0.0034474352540917784,0.001012349493339863,-0.0014674034946974713,0.0007131736061215333,0.00023427287855474002,-0.008860593269470977,-0.0005792575483790363,0.002762221573568144,0.0009761088144936538,-0.016771221622916208,-0.0001960334823464492,-0.04468896217127797,0.0036250904686461415,-0.0002760502841679767,-0.0004389785512879871,0.023288739626960323,-0.0017972061589271327,-0.004087360828975249,0.001215722078977929,0.00115385031128922,-0.0010177573768590533,0.014642121418250099,-0.0026310325714702866,-0.0003269850790447022,-0.0045994550935185285,0.012699877392531632,-0.04987286343143207,0.003317379866287386,-0.011520833189561108,-0.898901704815688,-0.04031423238168697,-0.04453014549492484,-0.013234802588912804,0.07663758423574085,-0.00020774888002142564,-0.00023761176524491408,1.574137347642459e-05,0.0006880531829124815,0.0006230092908653584,0.00038633147075937263,0.0018838706592982611,-0.0003174324057580736,0.0014242861488556419,0.0006961028258484404,0.0016480026132872673,0.01027677279450966,-0.02981677429281735,8.636093306388562e-05,0.00044572873792923806,0.00039558214741521915,0.0006711131037866645,0.003976756371421134,0.001452045665278042,0.0020349552007731127,0.00038931131544795306,3.2734774210471315e-05,0.0009739941171057092,0.0005519174456299009,-0.000528084712963027,-0.000203413577291542,5.7191844959095925e-05,0.00640612649250164,-0.0006635058756598521,0.005811671797529295,0.001471256298111822,0.006143618861173884,-0.0011921640100598218,0.0010911324714585884,0.008510607972947554,-0.00012119164894248925,0.004789968764328084,0.009129169858246168,-0.004053339629991318,-0.029438221081079123,0.0001721622172441482,-0.0014868230476048432,-0.0017024174240860615,-0.004846986468247475,0.004224928495396445,0.001704328904594053,-0.004529762009593093,0.006874685294370518,-0.04518739269169037,0.0017359748124354249,-3.4519342094262856e-05,0.0011087760481403143,-0.024610021134407186,0.0034352908119406407,0.03168555669727027,-0.005668062804527509,-0.0002603312170221979,-0.015682428465994432,-0.0017675439967403425,0.0016120282326352632,-9.476540619396748e-05,-4.463665847834306e-05,-0.0027154613727029043,-0.0029575243368645597,-0.0002216914444731032,0.0006228769673888443,0.0008923651836137796,0.0018433885426281961,-0.0192289277629979,0.0007799280529039699,0.0001745988500813164,-0.041187278910759434,-0.0019395916660269437,-0.0002891485202239731,0.0004312324098931508,0.0037947389673841044,0.005835601533117913,8.74901107815503e-06,0.0003266439231426895,0.01848768248032018,0.03586355060521047,0.10791919825239613,0.001177038379789132,0.061729825525809884,-0.002409912774167355,-0.00341291873761833,0.005694641354809095,0.00160052650974931,0.0034645218215848188,-0.000765410717752935,-0.00031763538982177987,0.042011988149435055,0.00042502388021209696,0.010327662061289246,-0.002637170864886602,0.00369450348977941,-0.0034150823835097225,0.0005473439888336558,0.00025756820722552115,6.92886527034027e-05,-0.02163769672064595,-4.14242147302479e-05,-0.00536964183918065,-0.004981629900940587,0.01143328347180446,0.0013764392259681853,0.00012090838922384313,-0.004750102399813318,-0.0013463278768978467,-0.0015558676457811107,0.009140769459940867,-0.005160782592088723,0.0005586014486785667,-0.0060294243226360665,0.08685291376794368,0.1479661736740017,1.6278172084825118e-05,0.12125888901382464,-0.0007954826413912352,-0.0005473336424160922,-0.0036786198792521122,-0.0012805674025672105,-0.0009522766043559541,-0.0009167342099653316,0.13615659735598912,-0.0009311493850476534,-0.00041865277658113646,-0.02426366154331988,-0.002759926751158384,-0.003499176109046962,-0.019104617999410402,0.005882439501228152,-0.00017135691264535003,0.026234878382622746,-0.0016999596681532524,0.012307075169175528,0.005428346913318941,2.7275886205263035e-05,0.0006031637241037664,0.0015815379913467335,-0.0028895022176020167,0.002548413248831853,-0.002486537976759881,0.0009974785699134133,0.006150278491574519,-0.0020542331271933235,0.0016534724887026955,0.022545797948538573,0.001707314408358291,0.00017837641483001198,0.008037382904495741,0.010180647645393831,0.004197179575626595,0.0025113132567475957,0.0003273307278965366,0.0011306520067999712,-0.005931635848500079,0.0006496797363309316,0.0008296333453452799,0.013112943772525091,0.002840890129307557,0.0015082207529346478,0.002413415858064729,0.003225959617615464,0.002311548415090541,0.0004561586807062502,0.00017896630586747232,0.10882780034917813,-0.001512704373759163,-0.0009396307628277176,0.0017904488423823293,-0.003418622205110607,-9.933872983744687e-05,-0.0004792638368194173,-0.005421535034563022,0.004306126888131605,-1.9092806148077904e-05,-0.001499295046864882,0.039546673067613225,0.12475614413713089,-0.0008826069514556675,-0.0017432305171302537,-0.0011429116610461793,-0.0049778138131945215,0.004862926432484944,-0.0071525230636118676,-0.00743530926802246,0.00011066180685095561,-0.007635651403389101,-0.0012395985403605733,0.00010997877122075669,-0.0029473601460421267,0.0026877569009041845,-0.000821321706773373,0.0006193445348420222,0.00010943567644315384,-0.000330154266423157,0.0036983775765437555,0.00325965527705609,-0.008541223596567445,-0.005135287090003856,-0.005846293032355795,-0.09207514984971146,0.0009129328127853516,0.0015267566593773507,-0.0009772093474009922,-0.00013409688983757645,-0.011802196210759425,0.0013125945832306097,0.07495339929794653,0.005603074041780533,-0.0023278610052072522,-0.003786559628762246,-0.0018621275252524473,0.0015609225060823273,0.0003455913407904733,0.00024767657801559215,0.002395842449237225,0.014684331933223469,-5.291786957740083e-06,-0.0008485678507994725,-0.00024482447523570066,0.10791917238234164,-0.002007750382325247,0.1303602248169482,-0.0007791944243423449,-0.038348861705971585,-0.00012211405834485455,-0.001828739182969205,0.004186436534930571,0.013047681525337043,-0.0004777730388764375,0.0017627666759040049,0.0027231766926443207,-0.0016359571823595857,-0.008600254038516005,-0.004950805151070266,0.0010613512875989797,-0.0073677708902611895,0.0735899354086198,-0.00043197680700881355,0.00029559421927153294,-0.034412143718512034,0.0009362077727481617,5.4240898102737276e-05,-0.0016458417885961097
114,0.0005105835368713444,-0.00016672883276184353,-0.0004165523781021231,0.014103589754863304,0.0025772675778321825,-0.00042648020889854074,0.003221237219576019,0.004386851829369848,0.0003061785834407513,-0.03208193256935989,0.00025686796500554946,-0.007396569544748675,0.00015861139721150275,-0.0017510962953959375,-0.004223093111658034,-0.005114155355176224,5.67638252708981e-05,-0.0029200321623933396,0.0003522380487997398,9.612523259992095e-05,0.013170946627209648,-0.00235259378740095,0.0015567508892878543,0.0013018498679137104,0.0008443061522874079,-0.001491680063753692,0.0005802185241268881,0.0008855306037061014,0.004113182559602194,-0.005885210250655339,0.0011099499345450098,-0.043870166852253936,-0.013801677018909362,0.0005080571362326668,-6.306747257765581e-05,-0.007428295144512279,0.000797107437208238,0.0020044464963887474,-0.0008714244796630306,-0.0003275191641775259,0.0013951250661596237,-0.0017325964515245427,-0.0001916867076521625,0.000716221066596925,-0.003803578176285148,0.02974526558504994,-0.01083957011207243,0.005094328960314366,-0.0008043551948330712,0.06707959458138074,-0.010381162305754784,0.029891708786518686,-0.042186367771245195,0.8884481750261665,0.00042291478701333974,0.000661329365933072,4.659211809227709e-05,0.0003302050470630598,0.001030649620217303,-0.0004225965715991091,0.006160137014861991,0.0005512271386497491,-6.793864797313405e-05,0.00046135829031889353,-0.004500682844677665,0.004635470784782279,-0.03059688830486156,1.273870007347563e-05,0.003232681133915613,-0.0022389107413857082,0.002260005262212789,0.0036080092995094282,0.00011513470933339967,-0.003560161112756829,0.0010829597097472103,-0.00018437841072429,-0.0034005962237818603,-0.0008299213332509641,-0.004352315279159327,0.0005283762296995381,-0.0009215304198215959,0.0027214614729068566,0.0014932438615070701,0.010933330674325392,0.006887289808487797,-0.004547904744511735,0.0006350003395132493,0.0029454427019452315,-0.0017380635372985303,0.0005543024679805716,0.0024169499723789315,0.03284372637387007,0.024655395687832024,0.0037760901481903378,6.342185102490758e-05,-0.0034854406796403334,0.000539076114594762,0.009923724464900668,-0.004879419028395299,0.005559276016607828,-0.0008063565675052072,0.008446000586614752,0.014611163841492324,0.0022672618440503925,0.0011822554071066376,0.0004723365122859171,-0.023946266194357732,0.001260524343594075,0.00970591519687878,0.0017154827727885922,0.0003124485948410548,0.024891455981466797,0.0009752124321417786,-0.00011969588618422969,0.000138792554956608,0.0011782267235157066,0.0056880104609863995,-0.004242831462913273,0.00020954484415589925,7.705494977612972e-05,0.05462310108125982,0.0019319927808346695,-0.028721759555639,0.0003092783090669134,-0.0004052135957047882,-0.0019280556258418277,-0.0007692988951063197,0.0004725966995252401,0.00042952918439840074,0.013004210681711554,-0.0012815652112935102,-0.0014515306749745814,-0.0029490270674307735,0.04389810330474426,0.012430276166505135,-0.3543442458576852,-0.0007640621787659624,0.01905669984980809,-0.00722926294761096,-0.01879384751557246,3.817257696466132e-05,0.006556625926553475,0.0012878871653373603,0.0001584183337847944,-0.001521316278633192,-0.005766491047466715,-0.00017580580694402724,0.001470101808847858,0.002622578229116232,0.0003925776322983171,0.0009250617764033865,0.001817238031132343,-0.00029517971499166853,5.953902940584554e-05,0.0008178764263581523,-0.00023958051611562006,-0.006258369464698772,0.0008461609321849271,0.010304766914799188,-0.00025334588006237224,0.0013665347062851029,-0.003693231494094535,0.0003035752135926335,-0.0014411751900379633,-0.026093747937987175,0.0015280504294309131,0.0003580836809045059,-0.12524655326763406,0.027715328880819068,-0.01799569473526781,-7.951654904895557e-05,0.04163960832799965,0.001883742805874369,-0.07097943572216872,-0.00834224552396455,9.995022348032497e-05,0.0005717280123572566,-0.0061677951149470035,-0.004275946154615101,0.0031514952266555795,0.00029736244250047226,-0.004900105706815309,-0.0025947670022406933,0.00435791312824043,0.0024066689212484584,-0.0023006975456574905,0.0013559767051050612,0.03557739326230346,-0.008104226381965333,-0.0007987448597658701,0.0007388848520599473,0.0006535345991145452,-0.0005054368424767235,0.0018701396762521253,0.0004368708800155264,-0.0010032040014392469,0.0007998859460055015,0.0004103972563936223,0.018471824384556534,0.008740182005052133,0.00025558246405569304,0.004229876213686531,0.0008094926257032035,0.0001561092767733644,0.0019503860577706072,-0.013950258348472414,0.004431481764396133,-0.0031565848875231726,0.006441389618772278,-0.0012557438858500328,0.009480382039027048,0.0003154379814478579,0.00909375231125783,0.008151708983847082,-0.0023261309506247656,0.003883249077280938,-0.01804965572181951,0.0013456163229543837,0.00047772158407971034,-3.8369319292657755e-05,0.0006241717971760534,0.02984194930075965,-0.0004017247230202537,0.0011781873167912597,-0.0020375684012220396,0.0006530298772461922,0.0001475090613240757,0.0031638427404089365,0.008210642935184571,0.00335986638702725,0.0006853762747027971,0.0015561927635467357,0.13458441870648835,-0.0514770442139431,0.00016941204196401654,-0.0014252549173019138,0.002167199180236134,-0.003953253009474773,0.00818023162828857,-0.01094777093674117,0.0005555609801281324,1.777141230375318e-05,0.006391500444094663,0.00012119711328690034,0.00012988086249641345,-0.002049719747163331,0.00015269565423923614,-0.001414648508636448,0.0025845723651307315,0.0012718309459159392,0.0002050868939891294,-0.004195357584110839,-0.0007666713421489179,-0.0160525955629693,0.0069173144047804235,-0.005479689989896232,-0.08071666106850911,-0.00030735649291402237,-4.417447854690882e-06,0.0018312462494332882,0.00010380528831235771,0.005260432403963454,-0.0017492533707851173,0.05024017105267739,-9.968089690644928e-05,-0.0015396955124993752,-0.011134665597163302,-0.0006476109381560011,0.0015951413342728741,0.0041289939440899825,0.002261860936488239,0.00218679542763519,0.00011923602726201469,0.0032823545679080946,0.0008918381074863142,0.0007115049632165064,0.026246258103561012,-0.0013098506660591657,-0.005918707321610477,0.002256801748295025,-0.015564724639265122,-0.0006193577161104635,0.0022517707682806697,0.020250702851139366,0.002587107691245884,0.0007545783772591633,0.0005220296935673796,0.006107756454610277,0.0005466222071579107,-0.0058287047717620255,-0.0001243309322862884,-0.000696405361845516,0.0038848837857484615,0.026498382189359466,-0.001677383474700135,0.0011058189450808735,-0.01283312303708144,0.0003235342322679001,0.0002901554274711835,0.004188035109887142
115,0.000536878324407271,-5.463835959151897e-05,0.00015874853417000533,-0.0043966003004721355,0.006596797155207567,-0.00032960272389650005,-0.0003760915867319775,-0.007212290108022101,-0.00011713822657954953,0.0019845444179737125,-0.0004027480075993505,-0.03813841211037995,-4.668379788054511e-06,0.0001578567825523819,-0.0006087594741880781,0.0009565854990575759,0.0002908157878196531,0.00022492769904217547,-0.0005919459955568487,0.0006346952326488978,-0.001813497029613434,-7.307456509114685e-05,0.0016796224371860803,0.01599099948345909,-0.0009519223548035485,-4.3368015279529604e-05,-0.0004067834221527511,6.005859590995852e-05,-0.001041075401497036,0.03448442152028093,0.0003717413932855379,0.016505087708588197,0.0032547648340289954,-0.00047726504049697745,-0.00018896713621643912,0.0008796779739471648,-0.0005361930617646398,0.002031278652401198,0.000320740941116982,0.00026961860198324397,2.1270770726640595e-05,0.0009392430319939025,-0.00018730107494216788,7.647882524519515e-05,0.002123801302909612,-0.03173761612998893,0.026843804233731516,-0.001402167503720594,0.013569632835587833,-0.024679752311704238,0.009225790052112954,0.003343253278782898,-0.2497549397651966,-0.14358123963844116,-0.0006177348528455637,5.3613614270733335e-05,-7.463275754763729e-06,0.002892470325983427,-0.0007992315655995677,-0.0008911440780620932,0.03152144636371042,-0.0004051055088388775,0.0005176485493541391,0.00013542507637328454,0.0009091439699791936,-0.000912117914201181,0.009721220790269627,0.00048233573550397833,-0.001368678389458151,-0.00014235826857315545,0.0019255091225491095,-0.001597357949956447,-0.00024206732002924686,0.003438380335202801,3.644219102741635e-05,0.00015232299845687435,-0.00016235100688221987,-0.0004973073931488752,0.0005736882826089362,0.00011619568395406519,0.0003937687470116747,0.0005556527745336345,0.0007516214897055609,-0.005785055548161634,0.04336601854668545,0.0006761110670011356,6.528967800457398e-05,0.022023474936493818,0.0015152313091272565,8.742433452529896e-05,0.0002706667523781994,-0.018152838044617804,-0.002989988510106111,0.021473742813206978,0.0006552760534925873,0.0012768709617992581,-0.0028552630141022426,0.03067845353256077,0.0011533908520503936,-0.0028743531924589737,-0.0008843002570782968,-0.000770413485053509,0.034179414497991875,-0.0015159731346572527,0.0002750871017461803,0.001436822462118713,-0.010266012523173385,-6.784131950641863e-05,0.023784482851871278,-0.0013942712091567055,0.0001727084272418397,-0.004960790971716634,-0.00023238743928124194,-0.00011375315062083207,0.00019280896247162067,-0.00011412806333923643,-0.0005047011202196172,-0.002739467244785537,-1.7427152902009177e-05,0.00026843887445665603,-0.009918540019482211,-0.0005887236166992407,-0.005598807638927967,0.00025010905086772115,0.0002011601696735631,0.02341122922610967,-0.0014488371182930521,-0.00010777902755124054,0.0002797587016761926,-0.010563615310364292,-0.006085259916131961,-0.02120039401906866,-0.028748502338269498,0.281778766570961,0.029512579080528806,0.041830989500703866,-0.00038566117489905556,-0.0009730836800095821,0.0018976838291384548,0.007047105339029712,-0.0021900655958768936,-0.00026910071208322874,-0.0003531419596312563,0.0008729470095227459,-2.199727593330111e-05,0.0069322137226386395,-0.00015032492238667623,0.0024271396580942844,8.289040320139541e-05,-0.003177558183204595,0.00031299089655183274,-0.0010987321619984926,0.00044297338105518886,-5.15686181196955e-05,0.0107253611018433,4.387881410847645e-05,-0.002858735757710361,-0.002356556757087953,0.0014121645304545098,7.826948240751276e-05,0.0018682652334674286,-0.010911661333175579,-1.4816187712775298e-05,-0.012316708133742723,-0.012533210401864859,-0.0009420054816338566,0.00035687864641042837,0.02656430718031362,-0.0019167787749957595,-0.3331108982830776,-2.1471255443692577e-06,-0.029023584787266077,-8.72358517459192e-06,0.02485665348008414,-0.049596409624462066,5.790031166039145e-05,0.00037480902471041366,-0.0030969154189243705,0.022071494531185086,-0.0012379058866447078,-0.00020102495827915325,-0.001500012491684681,0.0015248434445516434,-0.0013066439067673467,0.050449660590509204,0.00037072779719446447,-0.000501849785693878,0.021135258302099322,0.0032514973067550718,0.00016664652401436738,-0.001425942339348024,1.2793272955413139e-05,0.0002985506553117995,0.001368459280129363,0.0020103766620569305,0.0029322793984774436,-0.00013534483719080024,-0.0011197963971944266,-0.00947271045931691,-0.0027861962403000523,0.004144880531183776,-0.0015815430171427797,0.002632925576195344,0.00027215997521237364,0.00021748003664495626,-0.01919966535509927,0.0007403840089099754,-0.0022512896378140456,-0.0015393182412760135,-0.0016656847136370815,-0.0013404792383102365,-0.0006133331100131962,-0.0008212092303011084,-0.05278018225287177,0.00046355900271907377,-0.0013290355736482705,0.0035511618436510086,0.02956879664974359,0.0008852722834948364,0.0012779868209257523,-0.0006100457298587561,-0.010867570031023956,-1.968432566973316e-05,1.2122823015197487e-05,-0.0031011635232643534,-0.001058159651303609,-0.0001844001435386631,-0.003627046374152883,-0.0016735360076369711,0.03345747939763787,0.0001603076275048813,0.017743647539685027,0.7927848767828874,-0.07189373459480145,-0.0005757527634547585,-0.0005586365034144557,-0.00019112624089748535,0.002548156826079298,-0.009087808494994118,0.005239285434576814,0.0015312296983891558,0.00013663614590956317,-0.000914741181907285,0.00014267091564673813,-0.00022751076325537144,0.0015795445843122403,0.00027008840124779436,0.0005824055121625563,0.00485014222788933,3.3595932737183476e-05,-7.720657045425655e-05,0.0006177587491206451,0.0006138749383091189,-0.09596639748558519,-0.0034291152232197343,0.0007934103109132184,-0.0019740670164326846,0.0037200573167164444,-0.0005936521941676899,0.0010558880072556003,0.0005583424742244278,-0.003751117471891618,0.00027500417061934214,0.08201622264554317,-0.001209609681259602,0.00022863433397183762,-0.003693802439953023,0.001114674791731423,-8.447981519484581e-07,0.02993286400434762,-0.0002081664860697691,0.005202681906789654,0.001888144427677962,-0.0009076140073594396,0.0002335142584995179,0.0008991867511943556,-0.030308342531645438,0.0010804347339770349,-0.04052435478564208,0.0005101884603895129,0.020640053361349133,-0.00020529158153212088,0.0002107090602401292,0.11624158606214048,-0.010853531834359617,0.000692931388502876,0.000567040539187814,-0.003154973155683138,-0.0002093332492365341,0.003062889291552459,0.0030104583104499545,0.0008439180491383209,0.0011196249664130742,0.16233092945723104,0.0007829558803198397,-0.0005980468205836185,-0.021219233009169437,0.0003576206274996123,-3.843560530453422e-05,-0.0011525379215448633
116,0.00027479375583594153,-0.0003709136804097377,-0.00031529305492753205,0.003118518662017166,0.0037011672265405554,0.001366047198838016,0.00017392768267473005,0.010008833632768645,-0.00013330011105256237,0.0024492002365686383,7.032281388375233e-05,-0.01649745280277748,9.601060033968475e-05,-0.0008323412205840583,0.001812420092951364,0.0018060613223719012,-0.0005078158719876297,-0.0006817564372760623,0.0016842811146386381,-0.00043947290920309454,-0.0017138081470588484,0.0014592637869609848,0.0008246975868086964,0.0051561083001652195,0.003770545294852372,0.0018972631717052851,0.001088613054545072,-0.00029110936649183634,0.0012871995756398233,-0.07870220009261909,-0.000859615545674923,-0.009327088743305016,-0.0014114998305966991,0.00015600128076239756,0.00018674728075159528,-0.004172315420240963,-0.0006023478411554574,0.0005498015799662667,0.00016732313181149622,-0.0004000000524423328,0.00019910119598249318,-0.0011264467762708828,0.0012463400642422759,-0.000195627468612152,-0.0029099652375386524,0.0567695042004776,-0.05664913854517879,0.0016365820986719826,-0.004920059337016357,0.13796373317146926,-0.018172896527858532,-0.0005950908678131602,-0.1155037630849579,-0.040536830169568216,-0.00036612328812734695,-0.0005018380280219234,-1.181767586838113e-05,0.0007837959712362573,0.00047923054300703146,0.0006715238709169358,0.016826730798076332,-1.5652603857562483e-05,-0.0012374244740913953,0.0007525484554694837,-0.0001915944514453722,0.002490060744390648,-0.008297368936031878,0.00027782633868352925,0.0017525062618583061,0.0003334113047358568,-0.00259013952573737,-0.002127400628261516,0.0002449049595881256,0.0018511501204031629,-0.0009196397501875261,6.888575507277284e-06,0.0006401344164521589,-0.0004103824505281538,0.0012063181130109466,-0.00041954221767939465,9.96826452733375e-05,-0.0019189078870690576,-0.0015272414406495762,0.009463195865745067,0.019199268901768724,0.0039575485609144746,0.00010761841607663785,0.008628003512963655,0.00025449651499755274,-0.00020029107661281853,0.0018229027189596897,0.025657536346982684,-0.0005061500127965593,-0.03685337952906467,-0.0008718513956706191,0.0022312535157614686,-0.0008455872188993566,-0.06102283075899896,-0.001212253724185812,0.004593930567757689,0.0016221089467038097,-0.0013120879266343578,-0.0585027492261626,0.001548726400025931,-0.00046526094117923774,0.0001320718888075884,0.029144759899867204,0.0011705348498718257,-0.040741596538822186,0.002400399279764286,8.858463962649896e-05,-0.007407990886178326,0.0011218838120423528,-0.00021242954355159358,-0.00016023467286447235,0.0008800966973437855,0.0012251855082809403,7.957426523609525e-05,-0.0005499585102149288,-6.513786659759625e-05,0.007919228130153274,0.00042179265866247595,0.024493428198663583,-9.926793789636506e-06,-6.438179685273014e-05,-0.026015880181915575,-4.328349712207438e-06,0.00032441791540443283,-0.00027790133167537,0.012958576034494936,0.014623209645485824,-0.007997294359112998,-0.01584789178198929,0.1328432832084285,-0.07317788578038509,-0.000496735942494643,0.0015156443870560218,-0.0030679664473502906,-0.00014733284968827462,-0.006044650245273855,6.289654927110408e-06,-0.00042502449713642705,0.0003685014903989427,0.0006639593550869892,0.0003654070974316256,-0.009209771392124979,0.0002380485510404646,0.005068913341988563,-0.0005453983089827659,0.009512552595915807,0.004742103038105237,0.0016162776357688715,-0.0007969747318621019,0.0001793642174559312,-0.00542415415909412,2.0585996240670363e-05,0.00276518852795889,-0.0010727176164128263,-0.009753472820069112,-0.0005360395926761522,-0.003709665849067635,0.003051387349486389,0.00010131377307685249,-0.006150667189582829,0.03810953694008898,0.0013634835154339095,0.00021151891563346787,0.002733902725835558,0.0005459237152972488,0.746469861987572,-2.8806272412825948e-06,0.05772322063772427,-0.0003353869171794619,-0.024659794236777027,-0.022630096778215043,-0.0001549261077887174,-0.0005820161583766909,0.0054395681644536665,-0.03932486407962762,0.0011453894256942309,-0.00014300199082568736,0.0033967604192288066,0.004120169840455659,0.0018555158277525543,-0.1136536089482294,-0.001091735715716976,0.0005871498105152759,-0.05414996182078441,-0.0010474527637155326,-0.001171336468650655,0.0015361966576476493,0.0008751357462302781,4.335547763621977e-05,0.0018221142178288258,0.0008393027631092718,-0.0063146363535442375,-0.00036960868619065476,0.002324695989754472,0.008015126529711612,0.002988884982951266,0.004603353895782643,0.001567051692151612,-0.00025818817599766546,-0.0005512617697059283,0.001562914449484095,0.04413662392534512,-0.002547355701963153,0.005090693055404732,-0.0010078658806192827,-3.447735712560631e-05,0.0009491703114256258,-0.0004725389169479297,-0.001380182838969867,0.0772120865867917,-0.0010031209402965088,0.0020964544581345487,-1.8736979984572974e-05,0.018341369038836333,-0.0021984122497643154,-0.0007572179550120405,-0.0007616887628082855,0.016599615909437038,-0.0006444605594111714,-0.00019377044757449397,-0.00023307578289554214,0.0009625225387086182,0.0006038601254581206,0.007901383183365127,0.00158766178515312,0.01693216572494219,0.00029046071797551783,0.008828755835677833,0.35838533253249805,0.1341222265034468,0.0003291960050538556,0.0020451157693208476,7.097048408802277e-05,-0.005462333350230285,0.016192573240510696,-0.005265948456043434,-0.0024315050537573363,-0.0002704379069107994,0.0002553463744150884,-0.0003358085373127497,3.603199548374639e-05,-0.0007761742559669318,-0.0023771977411998113,0.00035597599353701646,0.0003329133599871408,-0.0003802999056822492,-0.00015744632300551328,-0.0006904619881758371,-0.0009887513317297428,-0.04323800788147311,0.005560178103679514,0.0044988411441429605,-0.006176942198965224,0.004550440481916106,0.0031843241083324633,-0.0035892197241299204,-0.000841524461688504,0.0064361613602468915,-0.0002501968008271861,-0.20501755666474752,0.001343372636920257,0.0005995057940240857,-0.001620433627262924,-0.0017679945676652596,-0.0012431218374938948,0.014436271381301827,-0.0003516704992336926,0.0065179043654775125,-0.0035121857225842725,0.0008693824017596003,-0.0003444587573967859,-0.0008931539510213877,0.07082528115329337,-0.0014168436640434388,0.0080239132181508,0.00027736879844788003,-0.04079193310382508,-0.00025947247644937145,0.0007526542809128129,0.050160611297330605,0.02236820558409139,0.00034314845388563864,-0.0008572068441335879,0.0037371174353538436,0.001040456795691081,0.0008835923040991988,-0.0005905424514742871,-0.0006630256405405852,0.0028820164593223114,-0.3492815366027105,-0.0007624732162999123,0.0007176455311586859,0.039093430784781086,0.0005425497610078854,0.0007829268079033607,0.0012845430814557724
117,-0.0006167261518987041,-5.30018314688907e-05,0.0005596795267526124,-0.07909631585412917,0.0018987700753323906,-0.0006667784544038685,-0.0007685452515149988,-0.014763121815378255,-1.59119817631434e-05,-0.007043141648922748,-0.00022556979461551413,-0.0009417266765150561,0.0011264142361326057,-0.0008010778978728011,0.0030086561844368115,0.0060761378274890795,0.00026081963440550276,-0.0022696015126053163,-0.0002810176156719732,-0.00046103110576031087,-0.009732192075435825,0.0012773611949050967,-0.002124113818917287,0.016518506152731968,-0.0006829808821141037,-0.004428195796816442,0.0018779477505127054,0.0036507862715223285,0.0033569967981354407,0.020279615720669476,-0.0020747693036189258,0.043394027211188235,-0.0008186106086955011,0.002282518637043069,0.0002107579607269908,0.0043540263551707335,-0.0007314128330912252,0.0010962366931829672,-0.0005226729364637048,0.0005173726867781301,0.0017443637780063775,-0.0015678577237711036,0.003298407578228923,0.001114771819209761,0.0036627253070387437,-0.037756522825808596,-0.03050712525416762,0.01712016241301565,-0.011635914548569219,0.08539456009066908,-0.05823163321655885,-0.05721546631166687,-0.007824192111719419,-0.020712579579969796,0.00053698434431209,0.0007360361570231614,0.0003107221295909632,0.0008874056353190792,0.0012225950643019057,-0.00010017273240435845,0.0010048263655403752,0.0006980226933694625,0.005188560088950152,9.028327369320843e-05,-0.0011024618486024061,0.02153920837390903,0.0036840425324519126,-9.090339265187015e-05,-0.0007654267599710028,0.001130868128571193,0.010344216527179597,0.0010698338743321742,-0.0010044132311741154,0.0031333818254350152,-0.00018662435497660782,-0.00012796172851846366,-0.0004239032931530909,-0.001967076405228465,5.1158767338437515e-05,-0.0004775714852493907,0.00020582516578601965,0.018264242835850885,-0.0004357229892544116,-0.019052503444099263,0.0020524593263849386,0.02407034070332434,0.0026856285299043693,-0.001045645578960891,-0.0008049730262387267,-0.0007844998993285345,-0.0005646644676280043,0.020487265310693073,-1.745193770783665e-05,-0.011960818952787972,0.001298370364592751,-0.0012481387629016995,-0.00019134248951004702,-0.03274800485729923,0.002403277036738681,-0.002108765770476741,-0.0004911225278025342,0.010714726651153183,0.004133927649617373,0.0006426213741848167,6.770201808667733e-05,0.002667327808176971,0.06566527594045475,0.005114305826050726,0.018532042589026826,-0.002372441466095025,0.0002850026790270615,-0.04380770423168754,0.001039697591690698,-0.0010452872806904958,-0.00027578438293468337,0.001029345619425413,-0.00038695680025602306,0.0009457044801178297,0.0010116071005208615,-0.0005330708140840966,0.009670566193053443,-0.001376337285790262,-0.05306844352319531,0.001023328382425362,0.0007586155898857737,0.11368964186827694,-3.211024062711016e-05,-0.0012548165346449613,0.00036805869786501826,-0.017665995827802233,0.006351975682900008,0.0029795130996985385,2.8686850048248794e-05,0.006806387833067455,-0.05887706648169118,-0.024665869043311178,-0.00045002391117833604,0.10890405684750795,0.006675518672774968,0.005756223406112088,-0.0032623272619771303,-0.0004881725370866428,0.0020718233398260523,0.00043260820122474993,0.0002013027536545769,0.0454047851549243,0.001542409528786677,-0.003634536886949817,0.0034686654107359514,-0.003449962348744985,0.003292299548713894,-0.000129778545449012,0.00012963295283451763,7.319507429279595e-05,0.05898829209586423,0.00015506455097136646,0.0030539246422526325,0.00016599041564957124,-0.014504801701644005,-0.0014147121563765942,-0.003656250566478171,0.022788892830320377,-0.00020405244443100603,0.003693759286903263,-0.008371967171999988,-0.0007871479193966207,0.0014959179330087413,-0.004599218270693817,0.20893363881074722,-0.384867921881867,1.795999353018142e-05,0.33489444227303716,0.000475080793473276,0.01563554658882429,-0.0007022985815309073,0.0009191193003821664,-0.001251948726179032,0.00590157111062612,0.3274762147264389,0.0010192051374067791,-0.00038544254738530695,0.007291367216683625,0.007638720084524365,0.0011845693800171765,0.05107602539492801,-0.0019359362237229586,-0.0015217567201090375,-0.04471269760122157,0.0008087739859584369,-0.0006112811071981852,0.0030839339862524136,-0.0014039102231876415,0.0011694713483586493,0.01822933892776045,-0.0008273843566162795,-0.004287605671599623,0.00044695671507628473,-0.001555872734861948,-0.012917207916837165,-0.0027763746628161373,0.004496191820772579,0.028837255877354407,0.008415350024790285,0.001966693839090104,0.01831930698434604,-0.030855166827834166,0.00027687302385919854,0.004879491831850697,-0.006587954951954898,0.002223709134337312,-0.006866652423317261,-0.0006737646307434396,-0.0022285830414170604,-0.03867275221317468,-0.00021671312979784228,0.00017201882283755516,-0.008931299625097354,0.010764016135107937,0.0010304360964985583,0.0037596028461995548,-0.0025100755849086836,0.26635439530585553,-0.0006630543744084646,-0.002228323076867978,-0.005667631325557954,-0.0014429875609289805,0.0008376296752382508,-0.008354501298817629,-0.004727827093937631,0.0028766895664443515,0.0008176622064274774,-0.002633489997357156,-0.011239782233558496,0.15987732474212366,-0.000351214674062228,-0.0005587090635952917,-0.00042639429313266893,0.0009042061704592178,-0.010133433158017263,0.002443245102876357,0.000868459661651267,-0.00014937479469856896,0.0015498805624467706,0.0006813762721295163,0.00030173373499884325,-0.0021167573564619437,-0.0015127083402814456,-0.0027334327700306044,-0.0019316684218201301,-0.000707112109830235,0.00017057451472301567,0.0014985617177799945,0.0005230012227607668,-0.0029372183449839634,0.002964076261079903,-0.011209172980971937,-0.08263639747087514,0.0028730609546729962,0.006370490317881576,-0.0016176221751434856,0.0026185082280496237,0.00436221841299691,-0.0010128410229564623,-0.24011311903636673,0.0023830244960962492,0.00027417108611005515,0.012926218720886099,0.0005814496364268396,0.0015262545845283458,-0.00011841485639062081,0.0014118396486571567,-0.0043292098074888055,0.005346261333121353,-4.4988704837726037e-05,4.846709650608948e-06,0.0004469231812049587,0.22534316460508005,-0.0011551615629978374,0.03643081033347189,0.017466128817588484,0.014745284731860049,1.7296349795499835e-05,-0.0007602814689050188,0.001669094011846799,0.017654065135644357,0.00043375202016626024,0.003436114700098872,0.0023242177026091327,0.0021623669673732646,0.00021607084312096287,-0.001981636307067057,5.71421123773605e-05,0.014766344769350249,-0.5351866931335543,-0.0020462154104333077,-0.002125159947049227,-0.04576732460542344,0.002941313092307934,-0.0008647770180898523,0.0012958191540439147
118,-2.735005284124869e-05,-0.0013794713102609638,-0.00015766106971815236,-0.011838642963115245,-0.0031822853226788263,5.1890547774250404e-05,0.0032802079443273098,0.0033179584140696854,0.0037443340843385667,0.010702502807991277,0.0006608894256833798,-0.0027704238324430044,-0.00038921194034995934,-0.006801881772237092,0.0008584713150679687,-0.0016994112868507338,-0.00016004209955458354,-0.0022026840048591594,0.0005224509704789894,-0.0004829542892333502,0.15923498456128624,-0.002691855304787319,7.814389347444127e-05,-0.002457874783841746,-0.0006273719043704924,0.007646106643699321,0.0005295334621962067,0.0003121108391130423,-0.00020064761034366876,0.0011449224121196947,-0.0006475234280545524,-0.011615556707433777,0.0003041017365853129,-0.0005786295194928665,0.001058977409447201,0.0029169399718331226,-0.0009790930726157401,0.00016016336845941386,-0.0009928669014522334,-0.0003341236615396338,-0.00042838791653404345,0.0015749105988002554,0.0026709512766194213,0.0010374658193406227,0.0010724576118331325,-0.0029964363304288205,-0.005460628375411442,0.0007931699650112647,-0.017704653326996285,-0.023327089827451075,-0.0010703735710552841,0.9094932341363822,-0.0001482279849604807,-0.022275980742346723,-0.002826677380625253,0.0005191344522294358,1.1268992452784926e-05,0.00011232595249394454,-0.00044265226617686796,0.0005295107616639615,0.0006907960404356308,0.0010697187675949222,0.0020912467782751424,-0.00011455158066196288,-0.0010676880347852066,0.0014799982380749566,-0.1749868975160104,-3.7601385337535922e-06,-0.00031911619075418067,0.0016785326857663048,-0.0001207905102067466,-0.0003398697822335938,-0.0014912399359092979,0.002054031734031664,-0.001830624375922653,-0.0006642186489915578,-0.000991459744912021,0.001722504373087472,0.0007438959096617167,-0.0007915206899151545,-0.0015062835246635357,0.0007867632159481398,-0.0011770176731016415,0.005841520711196653,0.0002216283377340101,0.005110221955841696,-4.075137252469198e-05,-0.0007148855190258823,-0.0005348502953815362,0.0004820053946246461,-0.006531605173323427,-0.3099745532030745,-0.000507867105855566,0.0005341532530171679,0.0002448336831850015,-0.0013093739276386182,0.0021067891504432355,-0.014451244588840742,0.0005270980907148195,0.0011675293921148157,-9.867514867590785e-05,0.000654991566087568,-0.021651943820968488,0.0011244332928408984,7.172183066610997e-05,0.0010788422709411473,-0.006134139518835893,0.0012730869284714173,0.010753436989439131,0.008810843428245016,9.414816833569917e-05,-0.010153669992471895,0.0024911982539333787,0.0007188435857752567,-0.00014318700411710544,-0.0007893961296340083,0.0032738155764130434,0.00159180181286091,0.00025357237828264705,0.00011944757461068603,-0.006697841901672106,-0.0010327248205093413,0.0028117333934625614,-1.3970781821844979e-05,-0.00021937566555128938,-0.021638412827573603,0.006125321727788212,4.4695701837376984e-05,-0.0006849646961638381,-0.0001548547867817737,0.0026235668945662235,-6.252325772628138e-05,-0.00021198683100781763,0.0009246335975229432,-0.004331892382836647,0.025559365160536925,-0.0004664734111649617,0.008235595740921893,0.0016796711230036014,0.0014154403219889863,-0.0020264671420865688,0.002559733600036411,-0.002845478756719813,-0.00046358177731028154,-0.0008569790221041559,-0.00040337860728681396,0.0012078478450630406,-0.019752120507108773,-0.0035313029949575,0.0003282020482221885,-0.006100513246637828,0.0015160418259890802,-0.00010655081798175586,2.542536274639925e-05,-0.014460719619298354,7.686494247695317e-05,-0.008550017616486914,0.0024942867713213376,-0.0005145599420012836,0.00019507068768806447,9.124777394645958e-05,-0.04040802591892975,0.00108560385482219,-0.00012986351969284174,0.015404122419781759,0.0050871580517648785,0.0008378963299429435,-0.050827370718123585,0.013748129813884428,-0.015555493438680498,-1.914142094599537e-05,0.030037190075372876,-0.0006477535549368827,0.00268611255598458,0.0005781636507199532,0.0034990969066196927,-0.000712114458655185,-0.0002934935285335556,0.02889054500353505,-0.0014078325367705303,0.00010623114682736107,-0.019579340306333834,-0.001347434363131294,0.0011478471414958437,-0.003895662125497805,0.003131942670418924,6.73776100230789e-05,-0.003966617365980097,-0.0011114670480924602,0.0004031175745205077,-0.0008392554540868329,-0.0047648435633923,-0.0019176980394203097,-0.0008752971625669121,-7.12162035755139e-05,-0.0008925274985102554,-0.00021155999268946215,0.0005195175177527928,0.003785962655558374,-0.0038563179321758996,0.0001935992307132168,0.0008778105989617185,0.00017890458112758151,-2.484169557445768e-05,0.0013653174646413723,-0.00043058563804587594,0.001068775797822435,0.0040708687259049135,-0.002303730558675044,0.00010775566509532659,0.05499822414499125,0.0003734803988293322,0.0006927512949499017,-0.00743986136643442,-0.004020839055620701,-0.0008347442446057842,0.009831621132232127,0.0040209266919528155,0.00013624474467613737,-0.0034031150188253414,-0.0009011694250851369,0.023993214381227257,-0.0005224817831228842,0.003115209385787323,0.00876022725945991,0.0174360511856841,6.708101624928315e-05,-0.0005832932114869218,-0.0015332204062289843,0.0019066146232549004,0.00032590384078475833,0.0011612032912719688,-0.005630315608416551,0.018805863122094296,-6.418731228666677e-05,0.0037121635965730263,0.00026036326944323855,-0.003868207340156975,-0.0003077671595475655,-0.007257188130469863,-0.0022412151474039306,2.6588042304292363e-05,0.002332426895954831,0.00043169452474928536,-0.00034508592182373255,0.002013336576883894,0.0002730994007716568,-0.0012589342960129422,-0.0007865432878930272,-0.0011430274072766356,-0.0010081789338977284,-0.0040393758555507244,0.0002913625313488567,0.0002126846107259636,0.010737033294866302,-0.00194879093129835,-0.010764186469481256,0.0011985008977425551,0.0004584985254714865,0.004637976125660109,0.0003536668887710254,0.018056038014228018,0.0014100081739525103,-0.015409463645528688,-0.0004975866014022707,0.0028175089201423367,0.021084947719992433,0.0009048033527750896,-0.0006920255553585579,0.00016932229239204261,0.000112351027145014,0.00042721204737090305,-0.025428760478662313,-0.00046692982284026504,-0.0006317657041930895,-0.0007177327001936153,0.016504172432913085,0.0011074976380319517,0.012347034617357673,-0.0004136635251481748,-0.0003029940265024345,-2.4835960773872748e-05,0.010564290267749236,0.0002725983661008833,0.0016641891019219847,-0.0001717525329785077,0.00036127335113560763,-0.0011745539699477238,0.0003178897920464059,0.0008575919361756782,-0.002887153134212496,-0.003084909506281117,-0.0014530935491812256,-0.03310211867671977,-0.0004171980720260686,0.002959752483705215,-0.0025320136829590414,0.0004696903394610704,-9.884911876829015e-05,-0.005281002810458813
119,-0.0003408652145007365,0.00032177336094062897,0.0009466420073645999,-0.003504843596985474,0.0004909074415587328,-0.0015069784977979825,0.0009962893841762334,0.012471459421399083,-0.0001877511163486216,-0.007547296432210594,-0.00018000122168117857,-0.0006836882911650452,0.00019176598251645013,0.002569214246443803,0.0011224975870868029,0.0001347774421821546,-0.0011268706083047107,0.0026772085981777525,0.00034255496910534297,0.0024088291661485996,0.016950579695642405,-0.0005442336011895615,0.002603233855824347,0.0015519610170848176,-0.0025796850924857152,-0.0021751493943814454,-1.2891340799299489e-05,-0.00028613674930839245,0.0052403830202921685,-0.20400741637740386,0.0038964454309695015,0.015113435234355717,-0.0007536148139335383,-0.0008226536187912938,-0.0006129175061693887,-0.008446857162623445,-2.83347438638816e-05,-0.0007205819947858683,0.00151456468854636,0.00040901576708023943,-8.199235960248269e-05,0.0002759344927801559,-0.0006872810965511175,-0.00023350273742300332,-0.011222469722831563,0.008728635411320611,0.00470157836023813,-0.0005110603605355604,-0.005018912157669684,0.0011925121533472348,0.004210718092968389,-0.0024275565307865666,-0.0011261769613986885,-0.042634055658286776,0.0007792955034619554,0.0006228035531990225,8.976502295813399e-06,-0.000261310722262037,0.0008224409171433686,-0.0006080193158524393,-2.0323024459373805e-05,0.00023288166045038947,0.0005044183783331453,-7.368224302361511e-05,-6.557505007712475e-05,0.0016704050722765765,-0.002171697266330536,-0.0008010959292302875,0.005388481157945011,-0.0001981470788084902,4.788734651908462e-05,-0.0015318020730738925,0.005494938041267338,-0.001209632564703052,0.0015807907159896902,7.020803972367616e-05,0.0011145836708250732,0.0009904544364580286,0.001367757755253697,-3.400073937714172e-05,0.00010385858205676597,0.0004256907413077522,0.00033069888582721967,0.018759655773411533,0.0007456392346278876,-0.00881798095451035,0.0008333177478852265,0.0008590219099983711,-0.0005338406969113228,4.658822940428742e-05,-0.0027075871460587745,-0.010934213317282268,0.0018121365563157563,-0.006338692984210022,0.00044772971961511056,0.003428449145166824,0.0009830285830984037,9.590223449202143e-05,0.0004216988142516989,0.00820923153919893,0.000695777031400547,0.0009405798257513705,0.022599965023706408,0.0010055359847285263,0.0006450608150626843,-0.0001463756155020272,0.011737496891163612,-0.0009108731104633641,-0.007879680291741454,0.0003979131177005858,0.0011937012805128475,-0.0024331428219277413,0.000181250777965717,0.0005949178147923104,0.00014967517472632298,0.0018948161773964132,0.006496204271456706,0.002693479615956967,-4.939177483459251e-05,0.0008304453320808732,0.016668663643650713,-0.001201561414903833,-0.01917129589260759,-0.00010777505096246174,-0.00014372218665053893,0.009562231361873931,-0.00026081367094344396,-0.00028275185988563137,9.481825654360232e-05,0.16594595887893573,-0.00207163454621168,-0.0028235492817986186,-0.002182178854529689,0.005734149334745272,0.005284753963224809,-0.020608625724442702,-0.0006293381078826266,-0.0029505827225224397,0.0006342262344298205,-0.029251620435962966,-0.0006790544341260113,0.00011850652177781084,0.000182857787294067,5.366357705639623e-05,9.905609313854444e-05,0.0006292194481728932,0.0021706675949233613,0.0026899114529133476,-0.007905137281248953,0.00012539612979272936,-0.002814492110662089,0.0008022611655002865,-7.223712686040603e-07,-0.00010594927557978207,0.003907776648018571,-0.00010866546602832736,-0.0004421373835287283,0.0014689821071992729,-0.004329952815152242,0.0005151368627228927,0.0017428295933041022,-0.03685892971834893,-0.0005710436686417637,0.0010203162273182981,0.005863774125098531,-3.5863107932378874e-05,0.001127614263419853,0.007672095173875007,-0.018169853384608487,-0.11245525745998237,-9.200114147518527e-05,-0.011789862251313232,-0.002103222153193891,-0.22651036092157098,-0.0013919755292321747,0.0009087391083938902,0.00034220779914261485,-0.0021357594085197043,0.11674925064339937,0.001420340383371019,-0.0002715700704866951,-0.0018356394985438833,0.00035883083763427366,-0.0007913080381917138,0.0037213901280697716,0.002006835231468323,-0.0012205317415446442,0.019929145951242507,-0.02542562806981668,0.0014919363297524685,-0.00018345809739464015,-0.0003708189305525692,-0.0002074068771552931,-0.002171808254647793,-0.00014532733370043252,0.002804920318545673,0.0003822614756107108,-0.0002657731360513338,0.10349479166509566,0.006949500125733975,0.000500455515262818,0.004204257957936707,1.3818286056648064e-05,0.00032072780280641665,0.0014091243937047302,0.13567324126362093,-0.00024664567260254677,-0.0018918255345735792,-0.004149748510803231,-0.001955915647623377,0.0007093290282103783,0.0006062625691528808,-0.00577054228735264,0.8939034410936321,-0.0011057290323135344,-0.0001874995688216901,0.0031450870864218237,0.000724596608807918,0.00021737557154586154,-0.006470001935287734,-0.0018013339682008609,0.022460575237748238,-0.0008873139999366064,0.0006527482182160337,-0.00455571879079344,0.00026063976639754765,-0.0009276398661353896,-0.0031460797854248007,0.0007018365792129532,-0.00404874671788561,0.0006880585888297118,-0.0005709146904841122,0.010819606608604797,-0.04164147811813942,-4.686456419923982e-05,0.00115583676366278,0.0007367926160268968,0.001696019696278246,0.015224547069441095,-0.03665449409514844,-0.002079179842333342,-5.249742950030607e-05,0.0031970876351258776,0.001221431609053978,0.0007160869252777584,0.0010519671558424908,-0.0005635362770985906,0.0017964297725534685,0.0015615624144251455,-8.440599910219601e-05,0.00010430039483727864,0.0011075227591297561,-8.340357083245922e-05,0.0018699855101255059,-0.00761017960870996,0.013835477061413918,0.02233336944715934,0.0003415800783774368,0.0008179786610813302,-0.0006595513912136578,0.0008100312012341779,-0.006913644990806111,-0.001478072241574993,-0.05981372203417798,0.000418797088668365,0.00207730002325307,-0.003363182027103539,-0.020353500802643643,-0.0011236929249687526,-0.00012052735897306508,-0.001500831249394625,-0.001578907954279324,-0.003112086885961345,-0.0010110466109324657,0.0009456430611536554,-0.0013174695708513323,-0.028649857502923967,0.00042128224847933057,0.000903709531089562,0.0011613481125773966,-0.004396339029351899,-2.8446556581435134e-05,-0.0013883799966539672,0.0005946929506472597,-0.002974988675816195,-0.0008849339350142201,-0.00043969338801626724,0.0013243435273789794,0.000139693318560858,-0.046089337138612144,0.0002056189773253711,-0.0014381166772000978,-0.003532987026255357,0.05614311172798178,-0.0007625759469005997,0.00010450127770870489,-0.010617157334803482,-0.0006923378007571692,-0.0004302030768226922,-0.00011729190112572205
120,0.0004702935464650722,0.00028913520796794434,-0.0021059378131805277,0.07325109362095256,-0.0018781488332595495,-0.0003528511419329493,0.001905874281510924,0.010868236659141196,0.0001305389795678985,-0.001117712387393114,0.001439071471609944,-0.0053920635259596325,0.00021082296126042135,0.00097958177549054,0.003822127662603217,0.01630767392120177,0.001624632734642053,4.0352914128554546e-05,-0.001612365088045041,0.001043359236873563,0.03359533300016914,-0.0005428639081868844,-0.00131442994225172,0.025289282886059916,9.99076772797737e-05,-0.006742451902802947,0.0008283510297054722,0.0022536287393649587,-0.0027571674642210674,-0.011765644540654185,-0.0008196121951065741,0.14471482725048387,-0.0009672534346564232,-0.0014386187822812788,-0.0008835157817963469,0.03841304662092769,-0.0022191544886600053,-0.000616005455703653,-0.00046471452677994494,0.000607473269071779,0.0009073541545959044,-0.0017383545798009222,0.0010413061555096794,0.001124089386976748,-0.0011882993658334992,0.0017187872154628692,0.006328552199738579,0.02089806410469082,-0.0002672333151221732,-0.10305836830521803,0.010789959021972592,0.011426920863239359,-0.000415459126646249,-0.03280566578262861,-0.00027614833131302507,0.0005934490403557921,0.0003701589742196032,-0.0006786678924345681,0.0017660420768251823,-0.0004147832853286654,0.001112085336125836,1.2259045827487237e-05,-0.0058610811472591656,-0.00018253711047357666,-0.0032872303740987263,0.009809443242481548,-0.007860319379607666,-8.202499229826069e-05,0.0019120743734953641,-0.0003323423627468111,-0.003634771654409524,7.85712692174072e-05,0.00213481225831371,0.004682773179528034,0.0015409839043002472,0.00020592079006676034,0.0030237939756652473,-0.0027684055060951535,-0.0009823965104121127,0.0005835419382782888,0.0007560812757959465,0.01044655278752462,0.0032180459396416493,-0.003354753151123935,0.0022074239302726315,0.0090617437999619,0.0021565523609668076,-0.0007371339184522379,0.00014193217632547809,-8.362684629143477e-05,0.0030792869415684583,-0.011303811820744691,-0.002528658453339313,0.03356868684257129,-0.0005558114357982762,0.005116139379125879,0.004089088829941185,0.11270021321844736,0.0014423309539703423,0.0005987908760574066,-0.0025426593188867218,0.009388220197776848,0.1153994560489569,-0.0030697413075276457,0.0009747738788846807,-0.0004174539836658891,-0.01927986388421231,0.004294464241869193,-0.018609350724631445,0.0008686794242143773,-0.0008513524427882675,-0.0661290247764233,0.0017326656896971232,0.0002085224381016132,-0.0002838629190769094,0.003115313851353601,0.004371989430940088,0.005260836483241504,-0.0016234393185412888,0.00034882407845401343,0.0013789719320797672,0.0020161234075732355,0.057485537318794536,0.0015438061780876585,-0.0009607431644430321,0.32953028148563407,0.00030771106484193424,0.00019486570775846903,0.0003031980408005376,-0.008349957700835239,-0.0012461404351239878,0.0016071773957215532,-0.0002576954545750977,0.004033892869404811,-0.10313565626454976,-0.04187375007902361,-0.0005592732227676089,0.06660847293437983,0.015873005013711375,-0.00033448519673294486,-0.007916382302965291,0.0022189424902962105,0.00043039443207039917,2.610222184825731e-05,3.4515168130332726e-05,0.013198334277257077,-5.3380739651569546e-05,0.013340117517016678,0.009378456928733209,0.0003214619942644479,-0.006590247668027423,-0.0005632142599869996,0.0008297293493792362,3.79866449454736e-05,0.15065532797383507,-9.87697463464176e-05,0.007022134079153013,0.0005710510861266747,-0.0059738641506979495,0.00011143806155778854,-0.00027343623966107067,0.001000367692662221,-0.0003516418479690303,0.00018974529575382405,-0.008746453903834026,-0.0015862529564751302,0.0013334473817473436,0.003455434125327842,0.18456147469412035,-0.06543676089778908,0.00029131142517822665,0.1447069499484434,-0.0004166053614011064,-0.02754864152448087,0.0004129278666202066,-9.382171031112503e-05,-0.0004666937954671117,0.0015503974144206161,-0.768966729441978,0.0038288230323678977,-0.0001294189002660484,-0.0022599828068420045,0.01667182837705443,0.0003223792524515031,0.004363819522581534,-0.003659806355618761,0.0002826036182750364,-0.05404032134773286,-0.003327401422203724,0.0013265995814721564,0.005036912127401481,0.001347605174621889,0.0012573869762884061,0.02032504712264054,-0.0010521423027623905,-0.004342862499112615,0.001614714514522133,0.001276484161159146,0.021426309117022646,0.004707070393183389,0.0035105552868952075,0.00204233892431116,0.00861053534351373,0.0018207406118392905,0.0013133876058627476,0.032049031914119,-0.002047392518555952,0.0006596526765404141,0.011942869979394104,0.0010428195586505502,-0.002206472999637714,0.0007898361971674745,0.0023018065267554084,0.09913982329604669,-0.00013929491917702257,-0.00026413348371829497,0.0011969067100521,0.014085150241736597,0.0021149708493759314,-0.002189445517661044,0.0013604951624071324,0.038044533342988046,-0.0011184895582351923,0.0013450214759819982,-0.0067170344902549705,0.0002368921686129895,0.00025564729426022286,-0.0022669034631477955,0.005212918693364374,-0.000783830357697541,-0.0008500417334500832,-0.0012081796708593162,-0.003520614510641888,-0.01378209964273808,0.0006928497325363086,-0.0015892522195167327,-0.0011941930028936646,-0.010796477002718043,0.00031407690433992927,-0.004525537098141323,0.0064633948283089595,0.0006507106536631667,-0.0008275154995768456,-0.000441590708823551,6.847979404095254e-05,0.0016540541098797046,-0.002383294983053513,0.00243936556324356,0.002304810203109264,-0.0003673549241847776,2.4526169203139755e-05,0.0006660174114076147,-0.0005897270082604966,-0.0013972912910136179,-0.0054274341427637315,-0.011964656711513122,0.014657639079938362,0.006349084038696566,0.002916809477817796,0.0026379524268988434,0.0013033504921528263,-0.0010013121254242342,0.00023161014026422833,0.17535995109342015,0.000668450437032119,0.0014672507695540947,0.048169491538113035,-0.003381767565758434,-0.0038247334418833917,0.0006296059971462175,-0.0002137161621563265,0.006445865148113773,0.0022693094201009095,0.0008367287383291709,0.001078846129236375,0.00023767724204267358,0.212241893122738,-0.0031217790817348375,0.003458722554327177,0.025072342969942003,0.033540717593163266,0.00036274741904904553,0.0012311960105036096,0.0009867377702138507,0.014217665790068886,0.0001024060219916304,0.0020014119173682485,0.0008789236132879072,0.004934462386491444,-0.0011312516858195988,0.001819549859954468,0.000566201906500613,0.02610650822555544,-0.14524407426087,0.0029442545421263554,-0.005789528436613337,-0.020704675536931783,0.0020748742713445883,0.0019527097935104307,-0.0014914844936468326
121,-2.51107113568048e-05,0.0003204850463459602,0.0018716538121980146,0.008145080773210816,-0.0010561380635331213,-0.001347330169756892,0.0030031368889671456,0.012261715285365928,0.0008254762908795992,-0.0020894791480540378,-0.01487143891412258,-0.000266866522250615,0.00040964328743706016,-0.001994703958794635,-0.001221257438458529,0.004010590239012762,-4.075746092667377e-05,0.001515411790250818,0.0005213584290515177,-0.0003755058948487573,-0.02103429248359582,-0.0003923162149163024,-2.8511115425255452e-05,0.00018695788014118505,-0.0002596652566502351,0.004536305874921456,0.0005776532345162359,-0.00017503025952353229,0.000963112279575538,-0.012493033519665225,-8.040081617067662e-06,0.009153973488220966,-0.0012703614162712,4.7937426451061433e-05,-0.0007586807221634435,-0.003964232368263475,5.551671475065886e-05,0.0026833148143214757,-0.008818828740186644,-0.0008683458156362515,-0.00020359954227695007,-0.00256690229449954,-0.0043166868548028545,0.0005123909085011662,-0.0024369689000642443,0.0038649037685767502,0.0014633077312044337,8.535635031661076e-05,-0.006605959147739304,-0.011912352511827417,0.0015440032228010042,0.04215426519976647,-0.0010008293036957942,-0.001183231174937612,0.00458442944191902,0.000945355568359217,2.7914881187187865e-05,-0.00042817985803061666,2.358613734288861e-06,0.0013307316499212903,0.0009301071131829293,-0.0017950008779119,-0.00134283631891123,-0.0006438668834163613,0.0003897688307124556,-0.0003815943318090352,-0.0002927266479492535,-0.0006256029169632669,0.00140037149102001,-0.0008533496150149754,-0.0007303579673735368,0.0002585916237573282,0.000533612805659975,0.0011298778746817667,0.0010283227571315997,-0.002791087805488061,0.00020988575349778753,-0.005370063060911737,0.001113823325724119,-0.00018457823615871928,0.0009024742189280727,-0.0006533885827046989,0.00023092739716307404,-0.0010463266510777564,0.000611450074737974,-0.003916830494063695,0.0006847723370318566,-0.00017370032970750966,-0.0029238688471165293,-0.0019243832386271762,-0.004313482761378022,-0.019711886411290014,0.0005314415647032639,4.0043132222295554e-05,0.0008178823252305216,-0.0013007126976594598,9.296023147854821e-05,-0.008683689645987456,0.0001597871037205996,0.0017872431917525847,-0.0015299325016032992,-0.0004055299040078371,-0.005271591686481836,-0.001226060884522919,0.0006756935183115174,-0.0001251415359468499,0.0030096210920986318,-0.001214387564949363,-0.02813219748643737,4.4623089557029716e-05,-0.0005969946447572719,0.004087531948874897,-0.00016456900499757661,-0.003262855922352691,-0.0038778195130705823,0.001805798899534437,0.0013217963306349002,0.00037749668619098837,-2.2422605164049104e-05,0.0017004780142908119,-0.0003614775867110252,0.0008587750859987576,-0.0031797224323868484,3.8225330964991464e-05,-8.88425607366007e-06,0.018563514742262144,0.00016160121062575492,-0.00011083243860214901,0.0010976444318372774,0.03902180379052958,-0.00032052950924124917,-0.002589476113492237,-0.0016668777831003415,-0.015037243021474944,-0.002678384138257362,-0.012702674396942166,-0.0017122691576061362,-0.0029960399874692624,-0.0020467625044000696,-0.0015368043005499028,0.0006535638582575269,-5.514745657702187e-05,0.004579233950268547,-4.3968847771741686e-05,-0.000333111873169861,-0.0016144787831460245,-0.0003044048084957207,-0.05427450722988577,6.986374238730883e-05,0.0005004257981727086,-0.013728019746956739,0.0003601008808881008,-0.00010643476308694615,-0.00047355977510851743,0.01113346404825371,-2.6743409269537976e-05,-0.030501478904344303,0.0001979467215226221,-0.0012207035033557979,-0.016757924676373936,-0.0009631184868972561,0.9913255249177864,0.0014600370392710922,0.00040469419291960405,-0.011587406526778837,0.0012040524397218264,0.0007103859018592952,0.010959141969818514,-0.007945948573003302,-0.0004845032477064199,-1.9585646964123248e-05,0.0029474994344184744,0.0006955136468666335,-0.002605753653993545,0.00012441551823009524,-0.00030975308070197246,0.0012098344167580208,0.01459528437042239,-0.00042670848089413173,-9.234008849919444e-05,0.0001047583499494964,-0.0016514690623368646,0.0019048247082800026,0.005626431516986986,-0.0015278759738997193,-0.001211828638220315,2.2881342493846855e-05,0.0008041491144863055,-0.001162430053421702,-0.011720691059518642,0.00249975177342707,-0.008923037140536778,0.0013577703184018027,0.0020492887453073217,0.0003725269447927785,7.237535435756538e-05,-0.00028899231744633513,0.0006567586900987774,0.022503627585929414,0.0012643634734131831,-0.0005866672442464177,0.0018017968847493624,0.0004749426513560237,8.945144597851708e-05,0.0007986779166273194,0.01790719560451213,-0.0013759376412274026,-0.00021585809540707762,0.0023216286960956517,0.0022101349600199623,-0.001312574019620373,-0.005170092066133124,0.0005631329188596426,0.017606610232043136,0.0011470926866269165,0.00046294444080083026,0.0025825475040977836,0.0003646334080810433,-3.852460774982774e-06,0.0012353482476014158,6.357912842525732e-05,0.0005591855921730749,0.0008029186281140329,-0.0003272726749974314,-0.0002965602821710573,-0.00012103843464634061,-0.0001404992167272737,-0.0008275258503503476,0.0003835951358396244,0.0014679703575175681,0.0008076480618772611,0.0009659682700360981,0.015265374198856749,-0.009120882923096877,-8.333731567088446e-05,0.0015307466869559272,0.0003569279441864632,0.0021430281877609543,0.00429706337985691,-0.004690049890415495,0.003074320899845335,-2.3693034013813933e-05,0.0013380933730000211,5.1083909364914315e-05,-0.008089040639566725,0.0012911171735629935,0.0046099510213392265,0.0005737765578398944,0.0011169556821248277,-0.009075268368825067,-0.001324174150400964,0.005081195357110806,-0.00041219365984355825,-0.0011107336705586369,0.002945870234112932,0.0047555737392652375,0.0028690812877078145,0.0010096990494728353,6.364115207695625e-05,-0.0004767656878070497,0.00023035283907934362,-0.001770093252488134,-0.0002009918650203329,-0.03038852757079999,0.0013681844347093112,-0.00011293725233160181,0.008488722123949754,-0.001321174300518924,-0.002661632842811379,0.0002561879023899132,-0.0002039233970994675,0.000188962608481146,-0.0050925376460458326,-0.0005249509985887999,-0.0007496231890091478,-6.046459052515469e-05,-0.006742697687068242,-0.00275948619141809,0.011651810957898582,-0.0003224963658304157,0.0004766856425589621,-0.00011878363274553058,0.0013778464905870016,0.00227151337024479,0.0002575535302150819,-0.0010679885469347381,-0.0003905984482070996,0.00262822484077195,0.0013202633084726132,-0.0052546567742932475,-0.001429114065470658,-0.0013887752271473858,0.0001812751867877181,0.04184984259269631,-0.00028991616627647954,0.0037500419876779854,0.0023495163776265007,-0.0002439737650208457,-8.237941630850247e-06,0.00040256283686848155
122,0.0007878393519675339,0.00041082266721755023,0.0008297684044688019,-0.02434079723614649,-0.007221957660143238,0.00010187879729790794,0.005489530059177912,-0.00199738581041254,0.000844472851492202,0.0012913985596365585,0.0020670103513981374,-0.010052371236774577,0.00041244932064229273,0.0009876109700729246,0.002460243416398236,0.029416129150494075,0.0010572333134567721,0.0030529840325471645,-0.0010811217613616933,0.000328517846995377,-0.003961907239344406,0.0010908002367351483,-0.0014462765255936136,0.06096600642590079,0.0019307893135192405,0.0037698598984329396,0.0020673293963437284,-0.002816164796071219,0.0012562536919196801,0.006697103758561409,0.0007690545742915361,0.2963394581836858,-0.00020559941902185963,0.00026048546516858244,-0.00016753302418109212,-0.026365618953065596,-0.0027443613042516454,0.001778924184925434,0.0008256282459912246,0.0026208376743703044,-0.0015519402364366987,-0.0004886863849622894,0.0006160807182747172,0.001377587362394764,0.0008478106477115138,0.0017906236132218672,0.0055821760954371325,0.012735399391369575,0.0081683404617527,-0.1038493140427569,0.01979583213955992,0.027002964952753266,0.007005891454175007,0.013897131837186119,-0.0005947740307356442,0.00018046116552106542,0.00044458919518394757,-3.8423814644314566e-05,-0.0004195719736524092,-0.0008658423919324088,-0.0010476571667430044,8.716805571956383e-05,0.004848725312748934,0.0005857772962332263,-0.007176081477407056,-0.010713738012333463,-0.0100223348817481,0.0003320182314038541,5.669547242820533e-05,0.0004873527308299555,0.016001769845664395,-0.0020921487275890518,-0.0013702649628617497,0.006085180260240826,-0.0007283684095980552,0.00013077194312736615,0.0016749111115328364,-0.0010607603811151958,-0.001003469921707142,-0.0001292807087283068,0.001054993645764463,0.0027860319542706447,0.0020549033131588954,0.011011479872024235,-0.0018349864947627605,-0.003864254091022444,-0.0008068377670249279,2.955116287555251e-05,6.422005252213424e-05,-0.0005039942861033162,0.0009028624063576429,-0.01404001607073192,-0.004122633592014285,-0.025277378858356382,0.0003256604240438176,0.014493239489089796,0.008038591984602562,0.054844060450172996,0.0015943966086247943,0.0009639303183584392,-0.003840159576419949,0.001849481870537649,0.1875447545632807,-0.006379103064820852,-0.0003423625325745007,0.0003152049980909826,-0.012477293070932325,0.0010175124550407767,0.14100914534471004,-0.0014433434272816462,-0.0002391597672152454,-0.12132865108011322,0.006423414684641249,-8.855178601260838e-06,3.7348011998211e-05,0.0025363668420279066,0.006403686035109624,0.009540323009669949,0.0009296235721702511,0.00031171715399550123,-0.0011409897289104878,0.00011527221074877914,-0.025827558477435016,-0.0007516055516480764,0.0019471823969103678,0.6583121967429312,-0.001060513880271956,0.00084254919204068,0.0005441306058830636,-0.006919395684451213,-0.004200315374670109,-0.0028742394785932733,-0.0014016655533880791,-0.011419109011287294,0.03589213142343406,-0.10795291181265199,-0.0005177391728385175,-0.09123856250860432,0.024859414835305814,-0.0019855437319911545,-0.00693474077026595,0.002496688015563544,0.0011147266549003697,0.00015922717604992733,-0.0001502354184613195,0.08063499265147095,0.0008001045420690214,0.004526351193267478,-0.0007794112445926376,0.0005117618849037181,-0.0046087666126248695,-0.0005343155850173432,0.0004764857177053019,0.00014519261431442457,0.30392918637749144,7.065745658912092e-05,-0.006933569258975779,0.0003552860027320904,-0.007631331379418444,0.0007092424519775271,-0.0006152644629343583,-0.02453124346314863,0.0006813877520301641,0.0013939052181905463,0.0013502038528285954,-0.00021998672189526332,0.002193609901848392,0.005800512808340406,-0.10035528222551698,0.1155733860838488,-0.00027594365715057426,-0.14334205987441914,0.0009696081591071236,0.019994154045088235,0.0020546613789972634,-5.8246360693085504e-05,0.0006122173863738545,0.011656687628632548,0.25708823910205675,-0.0006763951531603453,0.00011079252511819737,-0.0022410521433343447,0.02968507338913099,-0.00035477222127592613,-0.01788797942234092,-0.007313089203319412,0.0009725027002384298,0.11936901565604889,0.002646028565103521,0.0008053555585764843,0.005139943732960171,-4.789047320523203e-06,0.003005933672274367,0.018496806304280494,-0.00044347315945270777,-0.00782379306944933,-0.00045391035352409744,-0.00019067353953743202,-0.01701982832986281,0.0008013375885288585,-0.0029796361446611276,-0.0006916149395023441,0.003485395929351653,0.0018732153946269953,-0.001614798125257227,-0.009621517073395043,-0.00409445527681505,-0.005038300663636249,0.004348303097639753,0.002278541017396796,-0.002841673240849007,-0.00026114920355698866,-0.000481414309529719,-0.05458777401672225,-0.00074893828143573,-0.000430461551139745,-0.004879388506278715,0.024821494271896956,-0.0005960875044671646,-0.004580066773917554,-0.0008185300366749942,-0.16746279594041494,-0.000694775572951876,0.004964835141650999,-0.006496973667221806,-0.0002169713040436629,0.00041426818629889447,0.0022141436448923236,0.008364434304082298,0.00025870873288397645,0.00200819588471872,-0.0014759364170858057,-0.009647669056749242,-0.024164837849567855,-4.3205554199606064e-05,0.0007958171174886198,0.00044990878060185437,0.005111837144702248,0.006120684317997696,0.0012612253445982435,0.006947227183755542,0.00011356867671912223,0.001666842137739928,0.00024099102151630488,-2.7422544654071013e-06,0.0041923073397000035,-0.0005423920351481802,-0.0006899165374467319,0.006452737490672025,0.0005145234799100347,0.00021845359820782395,0.004412655496801169,0.0011612315904888687,0.0035669530959479903,0.002425339131807598,0.00046207008016620893,-0.011618757829479201,0.01237091542952833,-0.0018061183622863084,-0.0019553109158517504,0.0047937213315886636,-0.005640184504839971,3.056426929012694e-05,-0.1902571997243649,-0.000303400478248333,0.0017890616519411037,0.08168923104875697,0.0005244772998739267,-0.00102608376215289,-0.001667443989556012,0.0002216400123856785,0.0037758208817575264,-0.00015569467227161756,0.0013301489056463359,0.0034336687316268402,0.0003896096369093013,-0.23240742177303114,-0.0007781581509228946,-0.01995154047150772,0.03944001809208974,-0.025613012332608483,0.00010477549328849825,0.00292291489480735,-0.004779412714314441,-0.01671958480278686,-1.180239658806002e-05,-0.0011255522059720597,-0.000874369741800286,0.007827588988029231,0.003644868287353255,0.00040247224285881646,0.0012265650787174204,0.03283351408253861,0.026282570696040806,-0.0019827872976231455,-0.012655874406059633,-0.02528351199043135,-0.002298718997443698,0.00024058516497596494,-6.099411196094462e-05
123,0.00042208601048267035,8.713334214110677e-05,-0.0005332838160711176,-0.005741669840864577,-0.0014536194548280014,0.0006158398884650515,-0.0023498823160041406,-0.00943764285377718,0.0005385980316760242,-0.004552815164324011,-0.0015879732715894709,-0.006554030293219163,-0.00039626865485230603,0.002217125960814109,0.00027728047482977747,-0.0020133815296386054,0.0021072967513133777,-0.001256589401193841,-0.0003455864317664639,0.0010186064199882577,0.049890222684891884,-0.0012249539928443909,0.0005689212578558651,-0.016263624809506494,0.00096836700700714,0.003893114394680878,3.835370005880745e-06,-2.1207146345049444e-05,0.0018719754564321747,-0.014607234382526986,0.002392003371321198,0.05159594412824947,-0.0008295164480373388,-8.423413987045033e-05,-2.313353989971201e-05,-0.01653342632836785,-0.002696100643961863,0.0017616995563273787,-0.00032828807094627374,0.0031147885384947283,0.00028326072115473263,-0.002116274299519938,0.0023162874395505984,-4.969498981711876e-05,-0.0025287489444594732,-0.0010355602731479986,0.015945279325111847,-0.0160455351922302,-6.541477201343942e-05,-0.039298492543684685,-0.006009559855756966,-0.01349518509665046,0.0008684495588839759,-0.013616449862128361,0.0007925251985772784,-0.0009829635352485572,-0.0002077070964475805,0.0027603408525733947,0.0013097942118711244,0.00035192946031252156,-0.000882602676004517,0.0009279677824417757,0.0013760283533622675,0.0004151465337483127,0.001367148328695231,-0.010541769268943136,-0.0017036538827973889,0.00043006868019711806,-0.0005050960846753798,8.551601591764296e-05,0.001481121126405823,0.0020671055666626865,0.0008128339002443596,0.007205901442473553,0.0013227418939792761,-0.00019634955798703176,-0.0013863830877197674,0.0007601714486585205,-0.0005784233648255081,-0.00016099430301796816,0.0008589133066255149,-0.002129120657183973,0.0023727987459330954,0.007339361288100177,0.0034559572059521602,-0.026163853707498387,-0.0013055571382292923,0.0010512286048836852,-0.001042506295846357,-0.00012161243271793538,-0.0020964894170610797,-0.007264716004537032,0.0016838084468970872,-0.0033419578977909575,0.00025162317895037413,-0.0004336804239247915,0.004885567418271098,0.149982138459065,0.0002613555082993813,-0.00016676793580149794,-0.001062169165589742,0.0021515400952822872,0.12332104403778832,-0.0015274746028096017,-0.0014564554710888283,0.003014037576817499,-0.018664567007328374,-0.0007473775656269596,0.38479994119530014,0.0014073989254212117,-0.00023470065842570113,0.018535263930847774,0.0025370548188992886,-0.0009417601565110505,-2.3208183392858447e-05,0.003254678150648786,-0.0013536729484141103,0.0060701150939194174,0.0009348095693664242,0.0026824189629465036,0.0020288802774959033,-0.0005789737564477067,-0.008207233625721755,-0.0020370239956931145,-0.0005639294616981158,-0.12043577707059483,0.0018480393752063973,0.00021386160767240803,6.0830260028323254e-05,0.009651735618628827,-0.002803404271303044,0.00984534994028655,-0.0019771656536992713,-0.005830023995179056,0.058711058184930234,-0.007453371689126319,-0.00040640617510781865,-0.01838274283402839,-0.0005990005833077693,-0.005538297951271035,0.0019156945522556218,0.000633730603668285,-0.00019173491928287413,0.0005277938486241659,0.0005740554943362109,-0.07139387657742059,-0.0006902497989045465,-0.01513561587772154,-0.002104163446473926,-0.001734998668407854,0.006972004021443335,-0.002120104163927607,-0.0008098427121495915,8.609788022955942e-06,-0.07431288112454261,0.00012403004823325348,0.011460933934345545,-0.00017868126589167156,0.01910882961059824,-0.001791923158947318,0.005376609206146419,0.05364313035871972,0.0018650263438531427,-0.0012719948299944918,0.018663881970213778,-0.0014768312004294448,-0.00012980964023953157,0.001489558038722279,-0.11705302958761049,-0.0039037477121017933,0.00011940998871649584,-0.13668379420458568,0.00037602591107339456,-0.01289345187356316,0.0003726013889665009,0.0004314674665559113,-0.00048763334706183333,-0.0032109341576950614,0.1131849512538347,0.0036864490505074737,0.0005021564369928812,-0.008871977708842028,-0.003350576564237231,0.005953467082289673,0.001982965973155885,0.0025815028984814675,-0.00015167174776978525,0.00598874435814584,-0.0009914698645476184,0.0017493768102366978,-2.226343053179621e-05,0.0020236314054267995,0.00025508919687855514,-0.0017738725628435015,0.00022693060876659982,0.0012090653905742653,-0.0018864037885693821,3.91280898405551e-05,0.005776203336511436,-0.005445339970332038,-0.003037736806890278,0.01034657237196579,-0.003557728269748742,0.0001835050246268878,-0.007815682729732206,0.0034389679372129793,0.0006702494008316172,0.002981140877193233,-0.0026135039997462976,0.0011477292959278713,0.0022517714614816494,-0.00023437434354004437,-0.0008300665074756693,0.04521272933492929,-0.00023474890381515803,0.00014131133449524864,-3.008792038559048e-05,-0.0012133915342751925,-0.0003365345843361735,-0.002776436498979129,0.0009858428087485569,-0.18854136840039235,-0.00022165295592990698,0.0013262219900674862,-0.0007968387887288932,-8.465763096447384e-05,0.0007261124741540857,0.00031825614291201756,0.0037989767848090623,-0.0018719305488280819,0.0005760557704579395,8.388480761975276e-05,0.008918414756037225,-0.027545537842761696,-8.988917437341448e-05,0.0013301558268638935,0.0007554745813103934,0.006682300051159778,-0.00238114776919256,-0.00071127145077699,0.0035545920431014604,0.00019508903189244188,0.002845252064966879,0.0011827725780608534,-6.905190687920377e-05,0.001208726182614354,0.0021693320670943908,0.000519087997192241,-0.0012757712197247275,-0.0008314421309820767,-9.41677302216358e-05,-0.003226634144630344,-0.0009632016389606451,-0.000946103640327843,0.001502009551334161,-0.0020750131063010163,-0.053176169393787255,0.0065119160754173,0.0012497658047975326,0.007485554568109459,-0.0020760308124920957,0.005881940163092167,0.001967264859674448,0.6036083534954517,-0.005039312345929961,0.0002695597300124824,0.0772628248519219,0.0006993666511309823,0.002289263216327014,0.0009741356274665084,0.0011195183811254531,0.0020305123278293938,-0.0005546659014424655,-0.00045739967415459406,0.001940581640211091,-3.49449109950103e-05,-0.1442765471740989,-0.00023904149336307755,-0.017077055178757107,-0.014304166501925557,-0.016358611748262267,-0.00010519784622244283,0.0014158571701823179,0.0010788934574687227,-0.021615530332382248,0.00016358330765618267,-4.4137622914688555e-05,0.0048693583701490024,-0.0007229623902219777,-0.005634138036872162,-0.0006503227116850599,0.0011718514258893227,0.0037813560422121136,-0.5387009664381425,0.006991873218207427,0.0029898440479903163,-0.015103485901158823,-0.0013004138415287467,-0.001929102388588271,0.00014279021876837327
124,-0.000184796891226424,-0.0008250402344518338,-0.0003238121517810619,-0.0038768106711091557,-0.00036512723727895845,-0.0005830422197692685,0.003152712542462837,-0.0031193396314684726,0.0019588746166851034,0.0024629751618991686,0.00024066649047445408,-0.0007324704509806207,0.0005129182069265239,0.0005435160090168541,-3.1921012241836744e-05,-0.007120186126252256,0.0009400501462430034,-0.01346023923648718,-0.0001398054946279352,-0.0010921703956122877,0.531758333585108,0.00026012155246878457,0.0020246460068392216,-0.009097033474541234,-0.0006239045947595905,0.006800111381483749,0.0019438070940392509,0.002121340006424461,-8.161710318333078e-05,0.006276197782182336,0.001135972322034749,-0.009003274774962475,0.0004016079181164804,0.0029568516555871036,-9.309988026187654e-05,-0.0009380791544022476,-0.0012894961859449758,0.001468022635348028,-0.00023699928611835286,-0.00257019816247453,-0.0010413000362255514,-0.00047507909662124036,0.00015458667544037167,0.001503439835464069,-0.001360757420632068,-0.015086006754201828,-0.012028347497304335,-0.002353806906169608,0.0018345978298985894,-0.018799883329470676,-0.008709772543315411,-0.113210327860702,-0.007642713446661889,-0.0013012343071103372,-0.0019599341724228017,0.0005737322840068948,-0.00015541867500078188,0.00026304186682431403,0.01734029620904036,-0.000560531243193739,0.0007936892503825604,0.005304547596525955,-0.0006904386544821827,0.0008192205786679914,0.0021542129054841486,0.003788749648043689,-0.029266595088907544,-5.010398577834103e-05,-0.0020602379719232007,0.00020495498410662283,-0.005654067250576281,-0.00025479095302555904,-0.0012137565864442181,0.003432082067026901,9.387141195783821e-05,0.0003047591646928999,0.0006667436847934173,0.0005034881547140435,-0.0010824106055634507,-4.705311509204703e-05,0.0019123337818116241,0.0018705798706904302,-0.00321628455975262,-0.0012649892600682209,-0.000835129767740479,0.0035995101856823725,2.813978554466051e-05,-0.00023061907747622123,0.0006325512585225693,-0.0006119220934161507,-0.01402284174274595,0.00489559154575437,0.0012422414997379505,0.014485807170980546,-0.00022336555806605658,0.004757387313279838,0.0045253887275296355,0.004417869378724137,-0.0017673288868934878,-0.000841560160716416,0.0017190286469928942,-0.0036290902666820998,0.10879077348682008,-0.0013622842877969096,7.241102184696313e-06,-0.0035745673277478144,-0.0016640936578872136,-0.0024294705949761365,0.6101492032948141,0.019390184427557234,5.7334766659689756e-05,0.019036550487184393,-0.000212967474652926,-0.00021479389328438875,-1.3169465084887644e-05,0.005621372143987018,-0.0027386135540140915,0.0026751370309200813,-0.00024450880776301365,0.0013496434849310608,-0.0027881936370761098,0.0015262913061952752,0.005039542408328067,-0.00015649464094200094,-0.0012039186992639124,-0.18601106289718042,0.015275135256070617,-0.00022314677719848745,-4.700864065394772e-05,0.013281221499176286,-0.00013785030331509452,0.000283741555830822,0.0008326462739274339,0.0452440984316267,0.02411045634805714,0.010259456471678988,0.0006773634678176738,-0.029057362358257257,0.004471331050968919,-0.005494749033696102,-0.0013234693549122462,0.0032185657168932163,0.0003452177667630609,0.000866499537658424,-0.0007264386408460189,-0.003036653773129944,-0.0011080271524064411,-0.005040637223063703,0.006516053391030651,-0.0026425346490421553,0.00041396567155451737,-0.0004831210619401973,0.00012852330711502283,-5.181344020455396e-05,-0.0788834706270006,0.0002532279009084489,-0.011843452070898406,0.0007262011711320418,-0.009496636386279235,-0.00030376514083926484,0.0027969495185646356,0.021713482055399594,0.0011558598011503346,0.0033301010706812753,0.006856736661891532,0.001895753521269486,0.0006117745351439541,-0.009714959582895973,-0.01894810317873355,-0.031690226077285666,-0.00024314376821631123,0.16459351009887838,0.003871149785291578,0.015019940858186325,-0.001655492428602523,0.007190016996546707,-5.857670303740874e-05,-9.512890224086783e-05,-0.17832806380368535,0.0003451501869789139,0.00029313619983337147,-0.0209354009533573,-0.00010691818628189367,-0.0015145996449848873,-0.009437429746674435,0.002835292041139803,-0.0007407071590428017,0.14242669118585125,4.5893960446598964e-05,-0.0010571400704980456,-0.000771155576014447,0.004498022610411428,-3.2989537543937075e-05,0.003984197860251251,-0.0004805398733520195,0.002877997118156117,-0.00010406889560497443,0.0006691522105914474,0.030439463654080578,0.005095194189452144,-0.0011042399380676374,-0.008067991494994584,-0.0015990125183332426,0.0004873275867290777,-0.0021804820034332546,-0.026827308016768525,0.0005521346109900746,-0.003248953633643928,0.004216300173952264,0.0019464900647399438,0.03260978054965481,0.0008040411600755224,0.0056675848771897686,-0.014145046804053204,-0.0007399846193458792,0.0014436211288406347,-0.0010770498887022334,-0.0035079760548515212,-0.000507641145124596,-0.004948442437018917,-0.0022022819772465393,-0.09423134804601604,-0.0037927111932690646,0.0038494104096880796,0.0005696289340615954,0.0041945901921629485,-0.0001668101007379361,-0.0018983086088632038,-0.0022255145198860253,-0.0017024080438202086,-0.00045893492175286786,-0.0001670830208093839,-0.02077946652305784,-0.00862684323318229,0.00017420032933133933,0.0007093823844208898,0.0016870431986909643,0.001576798049368151,-0.0007720742576009759,-0.008792045723479346,0.0018210764799095197,-0.00016964503449762953,0.001706835492179864,0.0038450029096474964,-0.0002803650116352495,0.004422726427722604,-0.0037028035666897092,0.0014813381902811914,0.0037807183063720694,0.0006345511484241798,0.0002748406921437019,-0.024871655044776127,-0.002168407531956849,-0.003115315220874588,0.003286490460336499,-0.012139950962334674,0.0038678870893793307,0.0040104506059922395,0.0009176940940204022,-1.3667960025970372e-05,-0.00016755994861038584,0.03698324072413489,-0.001541684173696982,-0.40443257955376194,0.0028261027108009637,-0.0010775691766439768,0.028725211257927333,-0.0016624879063480355,0.0011294955515452057,-0.0005660039374089712,0.001258297943423237,-8.492434763697813e-05,-0.008657326216019964,-4.034207825635544e-05,-0.0015398271486085952,-0.0013925689577816598,-0.013384710683779881,-0.000314637229303881,-0.015163339517789521,-0.009293369208669983,-0.022768408471423248,-5.0019614555937494e-05,0.007666148761618169,-0.0030193551183339672,-0.002057517246528044,-1.864012489018272e-05,0.0016535065533842402,0.0004639866154511549,-0.00042711544237911125,-0.0014155112491210965,-0.0009910359327068678,1.376464837322608e-05,-0.012988786376283267,0.08894919773197627,-0.0010922088792892357,0.003433702427106465,-0.018989516842973838,-0.0007483920039047104,-1.9692236962373308e-05,0.0022175744669756824
125,0.0007949078644561889,-0.0012289541243328678,-0.0010345637562299873,-0.0021438796968415567,0.012997183113259432,0.0008322337969677955,0.007499903463396157,0.014757016695013857,0.0023819264986951957,0.009195122212609024,-0.0004247516187428288,0.01988948140907172,0.0009324641279947338,0.004214493483665316,-0.003210977608654103,0.0031834377719827806,-0.0008096756692724666,-0.018653746922216746,0.00022119704021931856,-0.0002655096885506511,0.7642450971640573,-0.0005805465929878129,0.0029705014894618256,-0.002254446769111143,0.0006704177389294632,0.017327981139041618,-0.0011710930209499343,-0.0018649270870665507,0.001738251843152211,-0.008601327169082292,0.0012715677327832069,-0.06304066858431236,0.0001191175496304403,-0.000698886528560809,-0.00021448134453824763,0.0032488787205282275,0.00966415575265997,-0.000998579155621366,-0.000376385924396299,0.0024923037998126635,0.0009031956250465404,-0.001339132462203082,0.0007515848775957006,0.0018768973875310825,-0.00277446960835797,0.010931510610138077,0.009958582971264103,0.0035532325475604474,0.01568158550451247,0.017021986455333364,0.009439312191870088,-0.13406558401906216,-0.0006183633933529997,-0.01230767207685668,-0.001407629050523329,9.693693139039422e-05,0.0002706286689671822,-0.00010855429447349449,0.02347357986260903,-0.0010386543775689483,0.0002121162096362251,0.009080135968564714,0.0012734121139509067,-0.001174965467120438,-0.0015821274310235667,-0.003334126784929797,-0.04090370843341645,0.00012411004278544292,0.0012758343182095533,-0.0014589524015929563,0.004891077012042255,0.00034358030157466673,-0.0009843321786312225,-0.011908290102660146,-0.0006918959817543194,0.00031152288036110157,0.0002285537226922943,-0.0009174428807144641,0.0001674274229870932,0.001716448968580659,-0.003232547181432333,-0.001009864705660479,0.0031949243601050586,0.007739487552078114,0.001633798067063946,-0.005671823065915647,-0.0004211026610405344,-0.00014393701641917528,-0.0011348456698602354,0.0006356401297640535,-0.02170350010311848,-0.0007838029145191289,-0.0014834775929541827,-0.008660029424329526,0.0003074776433012478,-0.025342181502135144,-0.029714409684235926,0.0024274185232262546,0.001621238688654221,0.0031101884634962,0.010263096398537522,-0.0010696251269937292,-0.06970448342084803,0.0027316965544434413,-0.0004691761996240863,0.0035668718424735424,-0.006939841239919087,0.0006058349502802026,-0.36971528980839574,0.026799896485985464,-0.00047540114088902644,-0.0005198823765766407,0.0035768724583373906,0.0005603527462691299,1.0933882431479747e-05,0.00731089578416921,-0.00413784027580251,-0.02361502308234405,0.0005035197763969615,0.0004875112755228861,-0.0020721316687117752,-0.0008099110159924131,-0.00704576676532773,0.00023243991029969248,0.000654847366965694,0.1703165151940873,0.022713592536744834,0.0004230910564185881,-4.1975672140093234e-05,0.04783677729022126,0.0006969383186821616,-0.01018511815904587,-0.0003356112517023911,-0.005252552920077522,0.002408211856502685,0.009151109243567282,4.15284920912487e-05,0.010105816954422007,-0.03116817246343723,0.00450455531218457,7.623731362463304e-05,0.000374310275223849,-0.0020322684542805444,-0.00026260296119023235,0.00034805820217571806,0.008796873955462001,0.000670146407215897,-0.002330661872551378,-0.0003575487638989641,0.001829968586628125,-0.004406044317861961,-0.0009410426796535899,0.001001495842830236,1.1094330715113836e-05,0.07506873513192285,-0.00014176544092271617,-0.0052124927113041605,0.0036531329275844397,0.007218416423467808,0.0008789752194968328,-0.0014402974038602969,0.017104343977643495,-0.0052246165236959335,-0.0014388346710458265,-0.004241524460866359,0.0029432973792410883,0.0016420163991299232,-0.012096819670727604,0.005650458495501914,0.017718546075122035,0.00018168450265004105,-0.11893884347229783,0.005602584293335378,0.002955239664521477,-0.0019198149149517174,0.00944842610549344,-0.0001455119362457249,-0.002880779741112522,0.12337244288959062,0.0037625002808224627,8.733803484467506e-05,-0.029474308461170683,-0.009722945941560951,0.004580827320737417,0.004689449120097111,-0.0030915346186657575,-0.00037924564548558193,-0.10488497966811067,0.0006317133861861238,-0.0007552395049780052,-0.0003107331064558516,0.011301653513592136,0.0006891004944993839,-0.0030913285297527234,0.0008865123472781402,-0.002854612968483227,0.0006958926732011849,0.00010189664442114264,0.004575432148960751,0.0016644100577484242,0.0008323927635028802,0.005600356007248453,0.0012533951686283136,0.0004912594917691124,0.001562900418864728,0.016726814915749837,-0.0012836016093286818,0.001272489895974312,-0.0016365546664639241,-0.0061019994590573,0.06412201760198041,0.0006290784037409521,0.0026027585141709247,-0.028364642111036648,-0.001474342367360909,0.00042427410084809863,0.005045727632726028,-0.02740565255225625,2.9373004655858237e-05,0.0047450403439799616,0.00044154131712493324,0.046122376192885214,-0.0012350607312948195,-0.0013895536103529643,-0.00037515413970646855,0.008438500571747255,0.00012894061587272795,0.0008555501793024018,-0.010946265323641569,0.00015833372695173153,0.0006849304128705982,0.0020166272046632863,0.0050891268088105596,0.014477154315488912,-6.222274305748687e-05,0.0027219904614557405,0.004355132585056862,0.0024330805919949303,0.003744586879468403,-0.0027885720900481417,-0.004627604386871688,0.0004603732907647439,0.001922714688943659,0.005637009535216203,-0.00043258579820707604,-0.014250052637650914,-0.0010920286482915442,0.0006614124339968394,-0.00840137667373326,0.0006621197905730437,9.923945550191493e-05,-0.0349506986076723,0.0006259210485870751,0.004212961172119167,7.038952553934177e-05,-0.008471748386411567,0.000558669772296988,-0.041971517723705415,-0.0019745495543348987,0.0017236624961307762,0.0008925196659237793,0.036890735917889564,-0.0010508873325242273,0.20544474069970617,0.0022207114861606623,-0.0009951711432903683,-0.3207918296886172,0.0015823294295389811,0.001989216668687085,-0.000953796467598602,0.0012146210797224358,-0.0027163072657693113,-0.01241932962979148,0.0008782954945513971,0.001158383013545405,0.0007549344557265941,0.00857532220667103,0.0016092324897566262,0.013923504848663778,0.00977929641530649,0.016447499362568913,-0.00027904005960760307,0.010076368369378344,0.0011421438557889484,0.0003617416194587374,0.0004805689851308725,-0.0010672843150560246,0.00024746282352222475,0.0028992100322836473,-0.005879023731482931,-0.0020948725701750645,-0.00038431115116802084,0.010195086482676113,-0.04319177509175476,-0.00014814933960664042,0.0007836768147960298,0.014356265453992751,0.000313220779352176,-5.2163859389863995e-05,0.0033528116924141666
126,-5.5837931244625664e-05,-0.0005428774665014098,0.00040682650761724994,-0.003364330981258638,-0.0328967787186069,0.0012306758504151743,-0.0001569577689845428,0.0027356222128905455,0.0018455022712243687,0.003745875790635103,0.00022819912248487283,-0.059238150224514806,0.0004872088330728588,0.0004616392100917589,-0.001900337445342945,0.004464874458403233,-3.3414041383449024e-05,-0.011269234223809755,0.0009136536350975012,-0.00036039211593155013,0.25408152297245107,-0.000734512706924856,-0.0037495483902328236,0.02410278113394639,-2.7858842021834178e-05,0.004661462800612783,-0.00043496681199031067,-0.0005961308460261331,0.00017852604656820288,-0.00046667118601489716,-0.0011321649315652132,0.1737821678692613,-0.00015210668980100185,-0.0006388967861881822,0.0006110014614116935,0.007588818677447811,-0.026416820043678794,-0.001527499801885242,0.00046496594649607023,0.0008341389485417706,-0.0008307566122791746,-0.001436696334136752,0.0010103609917788358,0.00019646767033656455,-0.0013536140063641847,0.007507919933670245,0.001564236679295592,-0.0015015859507444339,9.64922381499725e-05,-0.011096447485952624,0.0008876993274161329,-0.06959318296303404,0.0171762221010038,-0.0007078522603918783,0.00030071394346849883,4.4953288891879414e-05,-4.9224443297544995e-05,-0.0005307181461166777,0.010816093709919821,-0.00048591286665583544,0.0025141582687885633,0.003497631500125606,-0.0007917250289999123,-0.0007481955621547343,0.0011615865176084067,-7.229381209295513e-05,-0.011881747788110703,-4.735506725772265e-06,-2.1904631906065098e-05,-0.00013531359730613313,-0.0003689607463705658,0.002700237173801057,-0.000410505694882325,0.028904538675459255,-0.0008720328695482212,0.00019072048200819564,0.00013490801507585332,0.0001747553305965696,1.4476397405923519e-05,0.0005023160577560335,0.01348917880490577,-0.0016807130971223912,0.0005641459845816352,0.012734321012020555,0.002576462075528726,-0.0005305529299707604,0.0021243505989552713,-0.00016709457796961836,-0.0008072166333926998,0.00048115254623050385,-0.006205650270043895,-0.0019384515139470502,0.0016159220912556112,-0.0029975499520206016,-0.00014572696233810644,0.06327660784668374,0.07444387858090579,-0.004659303089731763,0.00043661310997011177,0.0009372744762555458,-0.01996824109030168,0.0007444336789879259,-0.02336723688586733,-0.0017200761952694647,-0.00011657574243689739,0.0009136501906947649,0.0036758437600036276,0.0019470060114723125,-0.25034362925588327,0.012845468346748183,0.00019661521249149383,-0.03525801812812273,0.000705526819122282,-2.93115438786129e-05,-9.606711451896899e-05,0.001436284606014207,0.01106323221443033,0.0592407434863327,0.0004497395328798368,-0.0008405326547964165,-0.0021444205274316046,0.00022130416879740674,0.001639076326505855,0.00017656732947440835,0.00042092363757393995,-0.12301080586688881,0.008082196677009811,-9.971875722971073e-05,-0.00013675722148345087,0.022312884047736774,0.0005115502697783179,0.019817462822129487,-0.0003013033938221929,-0.06677286037581012,-0.029475355652409857,-0.044781191707290065,0.00045731775072352723,0.005877684051107753,0.0771327671365694,0.0015368901797321657,0.0014344313593444222,-0.0010227450425923804,-0.0014396050392146988,0.0030566805911980115,0.0012497003026400375,-0.01603304866675534,0.0007858490662791379,0.007199522933623892,-0.003920508740413282,0.000716605740949239,-0.004388682993322478,-0.00015541877725840873,0.00016561887612598532,-9.448756167307809e-05,-0.04702725112061943,-0.00017305752923685,0.00022852231577891353,-0.004408814724718806,0.0015895756272313337,0.0018567344866459567,-0.000840836308993554,-0.006222013775398511,0.01330440974118751,0.000859371161471327,-0.0038778406516478763,0.00046713384291112957,0.0005940087205945268,-0.005317660986106801,0.017665170496905788,0.010479511866583855,0.00012697846422995182,-0.051074423432925634,0.0036975656061773504,-0.004166741178548898,0.007674449000191364,0.0034425958419828442,8.84138512815894e-05,0.005551604695950138,0.05867542162633401,0.0017728000854243331,2.43720014228635e-05,-0.011679549001482829,0.02334817544019898,0.0016178656315799652,0.0007544122865423535,0.001822328623816042,0.00024883796200689604,-0.009349572670388136,-1.6451348628515605e-06,-0.001949383131375632,0.0008600221750824401,0.004337046453997703,0.0006181682541742672,0.0010761819367596046,-0.0052158397342932684,-0.0030828596804990914,0.00013274341663483064,-0.00027516983022721924,-0.007002515769469805,-0.0025218973504379277,0.0005808075831811113,0.0057471435794899245,-0.00038579590139399,-0.000567288752929578,0.001132190753143037,0.004579269644666838,0.0007309025107405808,0.0003869864038035836,-0.003183176518130373,0.01988933994569905,0.017364639986803362,-9.695118232099995e-05,0.001986421368593828,-0.019487953779396876,-0.0015741909227463616,0.00044398111413695697,-0.010984419679302752,0.07929267594591652,0.0005372123651970762,0.0009692870894330019,0.0009733966297046067,0.08043169845248654,-0.009685268394084123,-9.175368243675638e-05,-0.004517492562066426,0.003953343872222947,-5.2360462856663716e-05,-8.844806178608718e-05,0.037211778434095726,0.002700245696416741,0.0003584693569553259,-0.006977437143290702,0.02375185950320443,2.251536294877246e-05,-0.000393414285847821,0.0021796471880041776,0.0020876466410245853,-0.004108192531663982,0.002468371530976465,0.0013650937033631624,0.001976213175622304,0.0004261719103341938,0.001543827940419934,0.001211218602625601,-8.020380039652081e-05,0.04665085941370251,-0.001496107616779052,-0.0007401186746554731,0.01628990621397241,-0.0005313342053543078,0.0003300046791290829,-0.011871104842978196,0.0006085037565440187,-0.008168384934955008,-0.001536831522824668,-0.002417520799657444,0.005525801623939078,0.10812299759671656,-0.0009586525054297557,-0.0009659987991837496,-0.002047418913080565,0.047965357107635165,0.0003474265120324647,0.03267363021900199,-0.003607752677011473,0.0007495685583507918,0.8511539180633899,0.0006067973549204742,0.0006677417782630687,0.004556687074156322,0.0006924396757099739,0.007931473570049594,-0.0034923491861116106,-5.88608915304598e-05,0.0004528837734155003,-0.00019443828125130253,0.030140597519824147,-0.0009040942818867113,-0.11280861239411577,-0.005539018402517509,0.006170314081144778,0.000262018798649755,0.006683806455758709,0.013104289762405203,0.0036200472414574195,-0.0001300480363171259,0.0003194784168551951,-0.0017733540452436712,-0.00048225225341705716,-0.003808378794699757,0.006035463763419486,-0.00032343236634499103,0.0025326073486555724,0.03954073509569279,-0.0010629094976981161,-0.0003504744616676832,0.009612438365192436,0.0005184805686783527,0.0002516431209401116,-4.506627540856202e-05
127,-0.0006090768221950815,0.00011367911236852268,5.0062187579879455e-05,0.003586915395925096,-0.030045292480652297,-0.00017098665647767575,-0.00021114868444164006,0.0031635311955606066,8.717550713549516e-06,0.001591599266532965,-0.0007667212838097549,0.03718575280179091,-4.666139840479866e-05,0.0006105094945975317,-0.00030690658466912824,0.0013792582727539734,-0.0003093004104238878,8.198545305243207e-05,0.0006265853807407178,-0.00023743245651592498,-0.0016971891906538347,-0.0002379633182782448,-0.0009701081917359716,-0.00019455063511848378,-0.0002095079463051144,0.0009821792714736766,0.0002577329654689514,-3.6681725156979816e-05,0.0002767753187078656,0.0008186531304704807,-0.0004772311669208092,0.023560563415661137,-0.00018583971576969366,0.0005216004871440512,-5.84787863029089e-05,0.002313587589343507,-0.001877306985528971,-0.0007706364419229127,-0.0003305498621417966,7.361043159138329e-05,0.0004682151718967167,1.5697639102121982e-05,0.0006732553127799801,-0.00012908329191183747,0.00037629948108714763,-0.005460531746952952,0.0011016103093991463,-0.002479441878015803,0.0018334368439707983,-0.0015322749628141775,0.007780528488719445,-0.0013282688606269639,-0.18235714304222347,0.006087232315437462,-0.0004730037633157965,0.00016481111724125203,5.755991359211385e-06,0.000783296040763019,-0.00022780401077790208,0.00030710888806728676,-0.015545509480442667,0.0003188712794004624,-0.00021055859424444663,-0.000634041384032539,-0.00013690132979339142,-0.0030749070640582843,-0.0011420315649517936,-0.00026982938071646147,-0.0004018685588938372,-0.000160290574731505,0.0013109935435021433,0.0001388645483382852,-0.00046519348304490977,0.00019236193698196776,8.59804804846726e-05,1.3025668820032185e-05,0.0001099006687104785,-0.0001443307874373727,-0.000476075117688453,4.359772972765616e-05,0.00031611910148264587,-0.002144296429352173,0.0003405413619529153,-0.004388544622286885,-0.02695207478598325,-0.0005203684574017521,0.0009312693829575874,0.008853839785518503,-0.0012400455862154806,1.1154422306973444e-05,0.0006014224101843244,0.00015049047063308597,2.7700524557301102e-05,0.00013241847339495082,0.0007092833419030392,0.0032734970882629917,0.007003051673620353,0.005820184189278231,-3.6842065849033295e-05,-0.0005079159616869002,-0.0025603924283210313,-0.0011242923322428424,0.006214207963177081,-0.0001311717130576466,0.0005951002844156917,-0.0003526223111981863,-0.003308019443829798,-0.0008346322573027651,-0.077591790932911,-0.0004718150918614759,0.0003116547170223362,-0.0018274306351688807,0.00015350646113287264,0.0004162843592933948,0.0001224654580491251,-0.00029659893689952966,0.0007949063773161347,0.00518581319692148,0.0005690403632901144,-0.00032479208311496865,-0.0018289050908014614,0.00020187500785808833,4.2646759163786005e-05,-0.0005276986850039381,0.00013684771414586468,-0.0023027399674319035,6.76898380549862e-05,6.122445423109135e-05,7.608918605086189e-05,0.004671026488359667,-0.002382578678752377,0.07803237868425009,0.05402991748962296,0.8897846143944103,-0.01217670234156464,-0.003097947147664133,-0.0010585482362803732,-0.019174632566179278,0.002455977302491418,-0.00034922378730740077,0.000814928761875511,-0.0006398693476900325,0.0019948221281406056,0.001094451797391239,0.0007032402643357026,-0.003968103542208874,9.879859028903389e-05,0.00468040766898358,-0.0020041108884854774,0.00012706033447506138,-0.0011095881749174042,-0.00010664734171618559,-0.00012347138699503877,-3.6992171252932964e-05,0.0023562336528722,-1.1748926094328038e-05,-0.00012550336070679333,0.0023449737828081327,-0.0017667322288590854,7.466250762468038e-05,-0.0031350614178399325,0.016899623658236683,0.00017065908927958436,0.029742665578140863,-0.001443990126950928,0.0006811379135480979,-0.0002817354364183875,1.4341632940571662e-05,-0.03320623419291313,0.0017509288932861453,4.197009529591494e-05,0.06924757179229782,0.00018720986123002992,-0.0004617847053050503,-0.017506603235661024,-0.00010995961016178912,8.601281201994776e-05,-0.0012969364479417022,0.017190521616349947,9.309690775737814e-06,-0.0002898528780763852,-9.187622541207687e-05,-0.00019472574592402326,0.0008622310716176636,-0.0008588882825360687,1.9918502100755566e-05,0.00011152850718248878,-0.022448406210102342,6.875239110092773e-07,0.00014376606815542426,0.0007230798341072487,0.0016430639519309214,-0.00015800555445788338,0.001136444863644441,0.0008995940770057326,0.00013918218851098531,-0.0004557177204316517,-9.716596814296203e-05,-0.005635018050385597,-0.0019005117434270462,0.0035883406326918587,0.001908551978826579,0.00019862100278810585,-0.00022640821479287404,-0.002206207980791435,-0.004346451247858498,-0.0003383144752595606,-0.0001015965602649305,-0.0023422081360744435,0.0032827332627352037,0.000980900796410649,0.00010390885539548133,-0.0010944570779916358,-0.0001917427326243084,2.923101992274857e-05,-0.0012117665566149084,0.00029933259145692535,-0.02147970702474111,-0.000157908611835335,0.0007564178173702698,-0.00023290785439349,-0.035912355667551306,-0.0022950340727005323,-0.00010706808177452735,0.001182758352073831,7.095674560827657e-05,-6.017320771911183e-05,0.002072774442197999,-0.0021305933096197605,-0.044998871358461305,-0.0002489834804724853,-0.004668443084102275,-0.3546973479493181,0.0011933193522238178,0.00029916742847087074,-3.971370947989804e-05,0.00022401046662523473,-0.0007214764061656987,-0.0016038291002868597,0.001091222658118925,-0.002715484265477333,1.1941470214311132e-05,-0.0009503101990785781,-0.00020366815157958184,-3.145615074791157e-05,0.0020767552563393343,0.0001595314982960448,-0.00048351822563597524,-0.019188468466777915,-0.00029468161046271356,9.265394399256277e-05,-0.00041945791959221556,-0.0012488451771438182,-0.031862114099681677,-0.0003971189040454792,-0.006363642679640098,0.0033370930329700496,0.0047803336308088785,-0.0012367590427193086,-0.00045135548141568994,-8.84328949678874e-05,-0.0007220571870142634,-0.00022860519734273568,0.0366829897139801,0.00035817485323573153,1.4234358450327159e-05,0.06255636678248935,0.0001015859985966372,0.0010392103775997289,-0.008308031826311573,-0.000186746040902513,0.0028788704838455803,0.00032480636804308957,-0.0001746500516559589,0.00029502653714624794,0.0014358402673808799,-0.04655036140231793,0.0015882992647808676,-0.006071330190341155,-0.0019747480765940186,0.0037813294605572546,-0.0001003031043325565,0.0003555951520826713,-0.08959703489242214,-0.003583274017330527,-0.0005103381274805076,-0.00043912425113775604,-0.0005927977730348999,-0.0001538739327072219,-0.001144182761125611,-0.00039218749669057127,-0.00012940531887410938,-0.0006367199905300235,0.004168542545810967,-0.0001484291807060229,-0.0002762565924359464,0.0062870976876918715,0.0006654106318977043,-0.00012080570370537162,-0.00032138454110098766
128,-0.0005222343642449542,-0.0007881788756182728,0.0002872655155512613,0.0002306810321477974,0.0010651951759960733,0.0022904408452951285,0.010027714336080126,0.08402710694993193,-0.001036375700199977,0.021794235607284607,0.0007396136831853868,0.0011842755514182065,0.00022011415434149487,-0.0004907168354481711,-0.0022315771317644034,-0.0018173505515753849,0.00021502394319064533,0.0002544319937793707,-0.0008433617691973287,1.7540470117177742e-05,-0.055921790022086026,-0.0007677187342081254,-0.00015346661515422064,0.0013802709350416754,0.0020865992195028228,0.010691141528037157,0.0010590448042820874,0.0009162101604700892,0.00523978095175346,-0.13885348844499285,0.008150076188186093,-0.05160857056326918,-6.940915251478497e-05,0.0003186612606203669,-0.0004310864324357476,0.007865395837411429,-0.0004086222918117284,0.00022930711960951543,-0.0005373206999645637,0.0004296731939338297,-0.0006693438639560399,-0.005489771986988755,0.0015403873072985632,0.000932668367339639,-0.016414408410342626,0.05255068843724936,-0.0021457653143800884,0.0040750128966735725,0.0020422180629912764,0.0046900462952372554,-0.001968903443085833,0.0018809990014639877,-0.0017937178295435521,-0.016128769838914928,-0.0018135741819159563,-0.0002266031607483657,1.3151010848871589e-05,0.0013165598591230983,-0.002049920301721069,-9.897468885499555e-05,0.0007630822386934725,-0.0017758404112885495,-0.0006151494523033812,0.00010709914142671836,-0.0004150856716611806,0.002997404093157215,-0.00421781873642028,0.0005676315324266981,0.011804643737829315,-0.0078033936580732335,-0.00012034575079854833,0.0016443582385096168,0.014487163327134012,0.0008087088986222454,-0.0011203473569325866,9.615579592812257e-05,-0.00043559593950595957,0.00010836927394721266,0.00011889422770845501,0.001322853871960913,-0.00013841327847592642,0.0016820588183564973,0.005921051901170215,0.008665534950024773,-0.0007383070403899565,-0.03552927641385949,0.0008439764747400101,0.000608428222304485,-0.003581383815495463,0.0003018952345577447,-0.001083451513561243,0.0017454174407529042,-0.0002615408187234963,-0.02531639321650237,0.0003465626820831195,-0.0029638824649250595,0.0030018223196269424,-0.018115520098231124,9.673275977399804e-05,0.01574423842395939,0.0010742786318349018,0.0030691516549455344,-0.03777392287522522,4.69369660062377e-05,0.00016284270297789102,-0.00010726834348866697,0.007594583338395227,-0.0004125216034726639,0.04501403287734763,-0.0033891319662918444,0.0001809241524192724,0.00016794959315336987,0.006949695484754263,-0.0006928116284835792,0.00044431788590275877,0.003809311638492378,0.011821225136253647,0.0019064869421521794,6.462562122481639e-06,0.00023429081347825872,-0.06738379235352303,0.012612647104539685,-0.0019608120873979016,0.00036925307847281516,0.0004452283495179998,0.02652892924425171,0.0006664032578957567,-9.999745202811752e-05,3.772098975577537e-05,0.9097330961883187,0.002179058143036734,0.002080921301329037,0.0013391052235072775,0.007046495719667548,-0.0232811376540756,0.0033573388475164855,0.00021495767493043272,0.012412240157882164,0.0009040443202964436,-0.008051569924172752,-0.00030581863242237425,0.0028728334668782687,-0.0006715238251047415,0.00016086531263745512,0.0008599291407475939,-0.0028920177398693674,6.88173472599899e-05,-0.0029183340871109013,-0.012793449720277739,0.003550001791146864,0.0004628476771645308,0.0014551058851309372,0.0002723118154715819,0.00034684012185380066,0.014079340997149373,0.000126764304258779,0.0017951841927529677,0.001348815225262244,0.00044931943048589097,0.00171207603405105,5.668831828869515e-05,-0.037375604278917035,-8.201998071531648e-05,-0.00106477969468629,-0.0364313007762843,-0.00014057012285989372,0.0030045200440444765,-0.029067390731789988,0.016104457111999187,-0.03863769541572494,4.99760302202076e-05,-0.032927470420293176,-0.0011874649160548705,-0.01933309827482075,-0.0002646914983023862,4.793034354902279e-05,-0.0015124464869866784,0.014869221485389142,-0.02381242119445703,-0.0006465542133369485,0.0003043323326083723,-0.006632414453238337,0.0015318093901704089,-0.0007953165532081268,-0.03595769067724754,-0.0018291271488739339,-0.000768918159375923,0.06747879422104255,0.0050983575744264625,-0.0018632227527890987,0.00024297208554942967,0.0055616187471502045,-8.704160932128911e-05,0.0011254159877198792,-0.0007225046536759108,-0.0007524147495354683,6.386251495525198e-05,3.4758205969653844e-05,-0.0671552094352456,-0.009874619824345515,-0.00041986701537936877,-0.007289821705750748,0.001319507516583581,0.0027574195165763,0.00030046976476974974,0.1759572990424971,-0.0011244284386730773,0.0014442639725524148,0.020976411889090198,0.0007522056551177613,0.01054912007882281,-0.0003736310250150405,0.005016889641351992,-0.23071300334598902,0.00050200996904513,0.0010321168411711447,0.0013982839698290497,0.000984274076970364,0.0001709848992045744,-0.001359354542723306,0.0001060143568348275,0.0014118601864092119,0.0012304033835093472,0.000385037881511667,-0.00012531135023441286,0.0007024138192921953,0.000500696860199831,0.00829251842264792,0.002169375055264716,-0.0003861842227894383,-9.680231498143926e-05,-0.00041343759067469146,-0.004693350642845366,-7.172815077977762e-05,-0.0008187574902307814,0.0031843542863062187,0.002736300853070083,0.006453134796043741,0.031130440823731592,0.0186868667752398,-0.0006678734214622,-3.983840303327553e-05,0.002129468014038927,-0.00124898040446031,0.00047480999016560194,-0.0006590067633648567,-0.0023515721041927774,0.007150272660072638,-0.00022748373201232782,0.0006343092552131703,4.0284453304943735e-07,0.001359270988208888,-0.002182690985402721,-0.0010455250331681603,-0.004453438014483179,0.09803872031562096,-0.0004032026123155785,0.0009899294317486798,0.0011489509692472837,0.0037221419057324907,0.0007471650375456933,-0.0034794335386668027,0.0005663797012960027,-0.0013085730382549274,-0.00029191114592080696,-0.0006004608691956349,0.010095091797192684,0.0030011381652878463,-0.0022509107929177073,0.00017117248624860402,0.0008609874185439391,0.0017850049772923236,-0.0028764890648121447,0.00029789102280710397,0.003855734156747453,-0.00040740530041453917,0.04232272624833661,0.00022412577853254956,0.0003648003787416177,0.0036173949691061425,0.006100626624390695,0.00019745963420953264,-0.001311044743131674,-0.0011615031413925855,0.0029816656377234744,0.0005037840438157777,0.003026742337779747,0.009517494728486337,0.0003901030438829955,-0.07678927467585842,-0.0008247236050091863,0.0002073352004520676,0.002481676086233073,-0.01691108617089583,0.00454067509600575,0.00018826591799213713,-0.002549945067555171,-0.0007833442439376029,-0.000354589884834434,0.00013239753021799226
129,0.001453341474526151,-0.00021437180507781484,0.0005911172612376118,-0.018662004958614684,-0.006688657271605801,0.001298843763660601,0.00269761995105626,-0.005714559835027805,0.00018444092060987405,-0.01294959007917594,-0.0006607725510160214,0.002971150976277339,0.0011158015067544713,0.001367907637835633,-0.002213166899503849,-0.009926776251919484,0.0019296825326882427,-0.0016043929417486336,-0.0013494476344737799,0.00028418648263727614,-0.008224342071779508,0.0005910189616457617,-0.0009141901732778873,0.033554597134884206,-0.0001765993290659268,0.004367461830487258,-0.003625899691640025,-0.0022446208375649646,0.0015889314356448137,0.004200835866296507,0.0008880452304843717,-0.25356778866312507,0.001209227600155488,0.001978661400699049,0.00029246477591306913,-0.0083453991857803,-0.0022763623127519186,0.0002018187040787149,0.0008018980046614228,0.0022841401793567183,-1.8281776967388197e-05,-0.0011846055519964304,-0.0019289023608659033,0.000492360867476685,0.0014673754825740414,0.04228126605470124,0.006359833028039604,0.02183243831042561,-0.003192559154638803,0.04018407540116617,-0.027730511901032477,-0.004083699153260073,-0.02465460695015787,-0.012744603362086791,-0.0006264425024934224,-0.0010011067203119584,0.00031982752754031174,0.00014070686780878663,0.0013026398641226493,0.00031664881880485996,-0.0008033596488279857,0.0003756539002177891,0.0009601649433385474,0.002123627014925227,-0.0009420776955170137,0.01339682480223711,0.0030021757926512833,0.0002085562692430527,-7.110814883383901e-05,-0.0018333850002576896,0.01139734440493909,0.0007145072688693223,0.0021479631101268258,0.0007755809233769401,-0.0021155254786512905,0.0002075899418931687,-0.0006379138504638083,-0.00018815508277459508,0.0015874715820247895,0.00045932578384794837,0.0006812042217154758,0.013599793999567782,-0.0013161247673031812,0.040409186775117616,-0.00277671173915882,-0.00028743907227077314,-0.006216727931286964,0.0035054642244630296,-0.0012862034327533103,0.0009279900783944264,-1.410352445727612e-05,0.001102816606225701,0.0002675029111293796,-0.004385290522503546,-0.0023210932354408025,0.00031170333026665255,0.0059118001953231795,-0.09844032106512796,-0.0007590635582833995,5.237648168841157e-05,-0.002061396790191775,0.003316664693864147,-0.26361597206432297,0.0001774560313852298,-0.0003393323745136548,0.0017616032256324021,-0.0023893471821099764,0.002099334446276974,0.27472768175231893,0.0020097112762194067,0.00016144550749971204,-0.009606870000499408,0.0015505772961766154,-4.292376328314529e-05,-0.0003843041029108138,-0.001059532544977742,-0.007980590849226858,0.0003348024487817153,-0.002428264298827436,0.0009857373682869968,0.007438948499130777,-0.004648447429693502,-0.008286915265284136,0.002479817815884691,-9.082804396154094e-05,0.12070993263406124,0.0005712889018815491,6.627176375438191e-05,0.00010710417055924751,-0.08356412323559734,0.013661209490019772,0.003278068331581412,0.012703831085828541,0.09929878591112545,0.06473953592343105,0.019965900243859202,0.0012486404588332694,0.11098770674666426,0.010550190606457078,-0.002937598784885813,0.0025056943396737034,0.003645776980809909,5.7075712081555144e-05,0.0003030985258079129,0.0017320402687667365,0.0429318727388266,0.0011141362131665074,-0.01083016567545017,0.013697724829979089,-0.0008648706422817527,-0.001573687333635569,5.571319939990749e-05,0.0014058958436781242,-4.6375372672038387e-05,0.10433915214565744,0.00012769623878310842,0.0010500418912917464,-0.0024949762417563683,0.014777185476571279,-0.0015513139065111235,0.003672536334421323,0.013494216968246486,-0.0008723415934796762,0.0020030796883148314,-0.00019147075177141336,0.0006643047903669179,0.0013705019072232788,-0.0012703192071124552,0.21347027555942696,0.0026267355811693677,-2.4211634536462114e-05,-0.6688862568494527,-0.001499498267382451,0.0052531864276442325,0.00020619803976026224,0.0005034283635782004,-0.00017691910980415773,0.0052692079778534455,-0.029991804816523377,-0.003970611132663535,0.00020973436706810296,-0.006362885231428353,0.01455894984722587,0.0010860334827224947,0.011839589114020959,-0.0024627743434827883,-8.24576893753079e-05,0.1552869602524524,-0.0010312041371127768,-0.0003953676260127683,0.005489281143455782,-0.003972819291117138,0.00022187606711106256,0.013520296623537688,-0.000448869168111099,-0.002126035572106201,0.003987719585782123,0.00017075333697474937,0.10129269094962917,0.015736415536097698,0.0031981036959369594,-0.0025246340987560498,0.0054808887317481115,0.00145927102978731,0.015029167907367611,-0.03635018881513753,0.0007975829831584243,0.005537027065095795,0.01107651903959342,0.00022141938295297677,-0.0014645433659029993,0.0010496589473853388,0.00815703831043387,0.017526078192202584,0.0006043609034140363,0.00489735221957173,0.003321527438199627,0.007066084769826612,0.0017060264488340388,-0.003875963788444293,-3.286361442815305e-05,0.3197730461871714,-0.0008631282712677785,-0.0008151603168977065,0.00264692333290542,-0.00041430275163093985,5.277262463266978e-05,0.0049186427584719875,-0.00014082871832140611,-0.004047695424859481,0.0018753468680126305,-0.0006677048908734877,-0.04525204176664982,-0.01670911061831672,-0.0009299522344673209,0.0006902731513118918,0.0026756659061867895,0.005210049542800786,0.015149465514720867,-0.012482564650319059,0.007055558087859159,-2.0118702557725063e-06,0.006494782055334762,0.0011130472135269572,-0.0003563419410773441,0.0024414845843540823,-0.00031089710856284695,0.0004159233841009779,0.004908129020961247,3.039304225437023e-05,0.00018867602605867478,0.00019610797663699529,-0.0009901318718495175,-0.004300695124368869,0.0018356906901712648,0.006088471470393197,-0.020450550206909522,0.01034394055199853,0.004587306028122848,-0.0017911053983639593,5.5667906089084535e-05,0.00047031098955724326,0.0003331258485624114,-0.018507043478005872,-0.0010677722852928738,0.0005991263758162956,0.08236485548012835,-0.003017222739238633,-0.0016537187842791254,0.0005474933963972643,0.0012859831244308472,-0.003608649805441322,-0.00037034505352474606,0.0017877589679804616,8.660629861404964e-05,0.00026449828448544535,0.24591962049076638,0.0008607476012187768,-0.011533514163779101,0.022046706614986047,-0.022456939403433466,0.0002939359906675241,-0.0004355491451322811,-0.004926295964390386,0.003251680419607875,0.0005328404701871892,0.0023296598601576777,0.0077059756233080895,0.0023293403506155948,0.004263201036017648,0.00030266268973172723,-0.0008720520513635262,0.029830959109363772,-0.026629302091750243,0.0008976716075201237,0.0022218456472315982,-0.028027209043710248,0.004289064478181197,-0.00014690644444199935,0.0012930900555529466
130,6.858623495655013e-05,0.0005394823064335929,-0.0004495163131735069,-0.013590105496830639,0.006142526202157665,0.000760225974768586,-0.012864573934243508,-0.013526761504914376,-6.75833608346629e-05,0.015072326652395603,0.0001893405532153087,0.010267666952992848,-0.001513757486147978,-0.0014981506500750257,-0.00011248530751010316,0.023516600005077083,0.0008289541034073623,0.004400833581611444,0.001195448581673617,-0.0006597558263444795,-0.005553798032226092,-0.0004408064336689464,0.0016812302463460748,-0.02286868730760413,-0.0009624338371041066,-0.006109156822621206,-0.0013153753054048643,-0.0008131762121445689,-0.001744259283851233,-0.0002502377916107157,0.0034783868694221944,0.6607921258927479,-0.0015035664010641181,-0.001162976737692225,-6.145620921688133e-06,0.0035580787407105026,0.005926546637722709,-0.0005817338117414094,-0.00013754261128681722,-0.0011220364395989418,-0.0010155467498642982,0.00046531368416281946,-0.0010023803627862771,-0.000924837828148296,-0.003934149593766277,0.023232308929761948,0.0005350398349427705,-0.001449031009291599,-0.002056879252617565,-0.037027383709386345,-0.009804035340593209,0.013770052976811673,-0.006629229913178148,0.009300560597499577,7.115057763420335e-05,-0.0013254877561383778,-0.00041900035047193196,-0.00017690400595695896,-0.00026816784598760173,-0.00020712920427423676,-0.002703738632745776,-7.411325100640891e-05,-0.0009810551664257024,-0.00020678320104857936,0.0019128706006491187,0.005591901747310637,-0.006995823959682486,-0.0005123767607521828,-0.0015483678453242994,0.003799327105028935,-0.0036033428481482485,0.001267422812954772,0.0015496517701378415,-0.0020620500656992656,-0.00035881247593289554,0.00023829034451696568,-8.518693682456162e-05,0.001626384264901956,-0.0015479137633601057,-0.001363665424804275,-0.0026924914763407385,0.004411537325250371,-0.0029659817630743116,0.058359872291886286,-3.717733875800017e-05,-0.0025846247680064785,-0.003493288214364622,0.001504158227413701,0.0025819652063117145,-0.00020166966598196383,0.0019121060201777139,-0.00674176923088326,0.0002089933774609004,0.0010879589323101735,-0.0011163374957967706,0.012956213152606066,-0.019676820108941402,0.12803266686958167,-0.001205774380309485,0.0013986681472271056,0.0047000729050599155,0.0001959520924457725,0.2897489711764307,0.0032493748199295194,-0.0017115621657598275,-0.00105564803222152,0.002937106643041647,0.00208137269566561,-0.09946035091288241,-0.0016477237506145833,0.00034778837747267977,0.01321040313996693,-0.009689741659340808,-0.00028547344833662613,9.91154507412953e-05,-0.004934380694095261,0.014650422858361909,0.000517980447059304,-0.00173994363333454,-0.0005666929489192632,-0.003959670135726935,-0.00215893980443868,0.007798521227850953,-5.5513816779334795e-05,-0.0035378785883633263,-0.26373038258658266,-0.0012858704734456075,0.00020454424144599826,-0.0005038875049909802,0.02708791165335445,0.0033846331018191327,-0.013752503939593867,0.0014248524667791274,0.03371342391074554,-0.03427951958765778,-0.059366862222475336,0.0008348585327907707,0.03478794143830663,-0.002621557582874288,-0.005308910616258253,-0.007150418689025245,-0.007042137144806344,0.0024538598170240123,-0.0004895193707705077,0.00014527085244422184,-0.05750646823522645,-0.0007216058602520259,-0.0013454355068138009,0.0020726923426955374,-0.0017380380030425056,-0.0021955634284052585,-0.0008287811725361974,-0.0006285015450421295,-0.00021793966769141117,-0.2037999774691669,-0.00018202546862877792,0.0016274463822241831,0.0004714063555562595,0.001510085249678509,0.00038355453375758103,-4.0990975250806624e-05,0.004346840501520948,0.00014185008222762836,0.001555915281379737,-0.0043179174899141476,-6.692204083944128e-05,-0.0030541104669825833,0.0056938036936899535,0.08097054084236928,0.012271853775783367,-0.00023478495566208596,-0.3335770322465489,0.001050456292060325,-0.0015117012526552316,-0.0008459850166109423,-0.0005255195518939972,0.000258953841161993,0.011041968005999124,-0.001452823167170398,-0.001320496591000394,6.510984544093323e-06,-0.0015656429195664281,-0.0020069677695319886,-0.0033811451371359037,-0.0022468836238307907,0.0032965424476486746,-0.0005693713049124763,0.16352502399259258,0.004345971241083144,0.00017600948757560617,0.00026346136570691483,-0.006341286628919083,-0.00010564096431989883,0.008727424771464348,0.0010075200739513984,0.004305607122470227,0.0033973109450948394,-0.0010740986945322966,-0.16403896471091603,-0.004111531877899016,-0.0005220013026668233,-0.0011808326827324467,-5.042639256386586e-05,-0.0022705481706482983,0.007472346871783653,-9.41215871984773e-05,-0.00018456715150250158,-0.0049117100012001785,0.006422975753763741,-0.0031842585959481083,-0.014392203328186942,-0.000504744761100441,0.00022141892725713493,-0.015151311038357703,-0.0016681594298517712,-0.00336687937232318,-0.002185994539738373,-0.007082573775100557,0.0017880074011377353,-0.00035462078828876406,-0.002002789939902193,0.23198494131131198,0.003218110089620181,-0.0008365319513788357,-0.0015776613263066208,-0.0004564412668175868,-0.0004846690122728998,0.001959303443529295,0.0005621987323263171,-0.0022424297306929833,-0.0002846700847845998,-0.000324551135721194,-0.01384508236810534,-0.006162047049517123,-0.0013283532587475794,-0.0018330326421464173,0.0009160114583498067,0.0011056148034618851,0.0004024457035777363,0.023476758443233763,0.004443723420931533,0.000794116725182625,-0.0017685003337354075,-0.0009020877499402643,-0.00033452419016311713,-0.0047656843684506485,-0.004291061342108876,-0.0025541809288908467,-0.006953262424145726,0.0006653061037530383,-0.0002099464709188585,0.003916660629309619,0.00022535877296697552,0.003722842676479047,0.005770251228063995,-0.07038321251932775,0.02128469433039991,-0.029461361038008713,0.0015375890818964703,-0.0034377339898516435,-0.00391109882015549,0.002301200167468896,0.0008538339059360016,-0.10670657855668973,0.002337579151830552,-0.0013485126096220092,-0.23776505970410697,0.006198237693708877,0.001891429704514943,-0.0014674327845163484,0.0003145716767598585,0.0006400211592786182,0.006741694017112394,-0.0009337532825954616,-0.005851704331794578,-0.0007081175609956248,0.13089098768361238,-0.0009536571646845526,0.029417233115263897,-0.019593858950285495,-0.004162963744952801,-0.00019589069349509186,-0.0005494030110293402,-0.0033521134611517785,0.009041287439337551,-0.0016153522804304992,0.0011051652712935859,-0.010661532790365063,-0.004287917609057133,0.0035007530319218078,-0.0015477057882714211,0.0010628008522948068,-0.008958442627066101,-0.01935182376133301,-0.0017470277881154236,-0.007110987924526914,-0.011862047604073236,0.002447786597533693,0.0004232951761964877,-0.002617535917777946
131,0.00044495768812435784,-0.00020620155997043768,0.000382104549310823,-0.004041868067008302,0.0023442630076604513,0.0022142984316287553,0.008022617452135308,0.034187634597171446,-0.00038539402639170897,-0.07906347292879251,0.0005588846539442312,0.0015883925096472616,0.00018499057944016198,-0.0008104726837465347,-0.0008231492859765294,0.0073965861167531385,-1.3234295027163279e-05,0.0029306042971633563,0.0005588569801222749,-0.0005131396222063898,-0.02870366777661985,0.0001366130248161429,1.4361579018282167e-05,-0.012130565506412103,0.00040052879411270684,-0.0009332191428364466,0.0013110067825084087,0.0001978918218441192,0.013778429794026416,-0.004033698869927521,-0.0022264966823026446,0.16992153959497733,-0.0029873099314580084,-0.0010145669252555464,0.0002591994703361397,0.00648987920634073,0.001797453200127648,0.002902887361658363,0.0005147418624044196,0.0016997942449412532,8.240206964061454e-05,-0.0011252344601193748,0.0013023409642304064,0.0016712438894178124,0.0016243515125231233,0.027663743616345354,0.00047453818418309937,-0.001996250650675227,-0.0054392029718320035,-0.008325209422729407,0.0024517843025255934,-0.003630281342089847,0.0009994202126233833,-0.03370795191003692,-0.0012231005979503676,-0.0006374151632744766,-3.6150961455490294e-05,0.00040317906005446643,-0.0008138301253081772,-0.0006418414382242665,-0.0003260888503626761,-0.0009268384483602224,0.0015403722116598593,0.0008513967764471478,0.0007183433454127364,-0.0015697274579583326,-0.014265474132525345,-8.09969114021952e-05,0.005107948466260463,-0.026263043140589137,-0.001541760825439201,-0.0006753812827850546,0.002198006688040836,-0.0009823269531645542,0.0013450855860541334,-1.2074636737560186e-05,0.00040309846962757485,0.0002935296567832951,-0.00035167871274199847,-0.0005954434496143581,-0.0010067043039480327,-0.001364198479667387,0.001078601569869127,-0.011900916418780265,-0.00030704796518778686,-0.00025714378106960097,0.00016874439856656362,-9.520567494222115e-05,-0.0034582201783987148,-8.047346617049908e-05,-0.0005518340808240629,-0.0033182319703501818,0.0009637678116501749,-0.0036482245783532145,-0.000515559874532483,0.0006800622742878341,-0.004620831703288192,0.024687959759017664,0.0007713463002630462,-0.0076224319778663355,0.0012148375495754996,0.0006745147546620422,0.04588277365021175,0.0014309818739392949,0.00209257641566476,0.003765894665762148,0.0035773926210483746,0.0010869574435936318,-0.04053196636985391,-0.0014783665697811299,0.00047812050542113405,-0.0011638022542066863,0.004240227901970176,0.0003250021909145945,0.0002638923086397543,0.00018140477858657978,0.01545601333992157,-0.0002714295315520078,-0.0003013724815470022,-0.0004097867499714539,0.016325242737939154,0.0007735653189740565,0.0007099654479617813,-0.00017613320961975447,0.0008449100923182554,-0.04191494563848739,-0.0021689103610347937,0.00048687903792185875,-2.9055495074425952e-05,0.06706907110488976,-0.00013393101474119817,-0.005275591909271604,-0.001600889734692446,7.483266710764293e-05,-0.005273634140783546,-0.03057852302291025,-0.00036526504439662703,0.0034250786796611934,-0.005550152243659472,0.004744754163898322,-0.0022831216213303404,0.0001258043553415372,-0.001109357099061901,-9.336273958817479e-05,-0.0005510290265451133,-0.029784197811591744,-0.00016400696996269785,0.0019843471061715885,0.018057832075570844,0.0014018336720496073,0.002518266439202916,0.0053096512290731306,-0.00016843664195352793,0.00013646619236656513,-0.04600635259408006,-2.724434271033159e-05,0.0029374227694708393,-0.0006433112692386122,-0.0007876376590618959,0.0005158496831878367,-0.0004008557282217306,-0.023791373983789766,-0.00018929823536142823,0.0007557542054702163,0.004414217037817839,0.0010425905486606507,0.0006639182805219441,-0.032569618001487194,-0.02361505308539418,-0.0014020644636497381,-3.494352579202619e-05,-0.0026096964809031384,0.0002111017186342147,0.008802988647756626,-0.00040456147222961425,0.0007558745459957004,0.0009985402345898938,0.007928648633399715,0.023467871954225325,0.002865563385669855,-3.854738105293909e-05,-0.00272409196348421,-0.004116004315342028,-0.0008159990790284526,0.006366595313133662,5.675105345333276e-06,7.443483831322349e-05,-0.06575509049294649,-0.013552162060375246,6.60780325472659e-05,-0.0009488271088231295,0.004378399758799911,-0.00031138715755488905,-0.0011628625082325227,0.0007176348173521599,0.0015245074860787211,0.00015386941135533418,0.00318793179246593,0.9364911889225535,0.021479333411591854,2.9631201169207718e-05,-0.0031890597962110356,-0.0014667936319758836,0.0005494317409090767,-0.00032905101808642983,-0.10180394830394379,-6.369998583734097e-05,-0.00020334018711011884,0.019953440630933253,-0.0005933386969397434,-0.0027511834482339377,0.0005218289573771205,0.008508440418558676,-0.12250392107380186,-0.00010383537951931879,0.02539302860235373,0.0018847829957993516,-0.004259859094455148,6.394573880370651e-05,-0.006680059053457599,0.0011659727446128327,-0.009270665985210518,-5.654428490542527e-05,0.0031690088673366444,-0.0022547836142245096,-0.0009178499763380543,1.2500217994290187e-06,0.002994804932820991,0.00662544279435464,0.00029019036056920195,0.0006485739769251836,-0.0005113585774034405,0.0004949395806470788,0.009907021254175348,-0.00032696662995612474,7.860612764032187e-05,0.0012463988102599884,-0.002902115148228116,0.05720644554076381,-0.13026917963096696,0.0012149858579935079,0.0006202616534115408,-0.0020922866022005833,-0.0001776027184530134,0.0005789943889263709,-0.0022642826596560185,-0.004048250673093804,0.004835040761221225,-0.0028300854443273843,0.00033143650071790903,-5.60171325776522e-05,0.004140576683123309,-0.0016511885163838864,0.001597380283343365,-0.0025257428017552343,0.032581834068140296,-0.012172851301089124,-0.003912144878378787,0.00130905765011733,-0.0012907790071104534,0.0033884079017758965,-0.013423193381881623,-0.00022262728884296472,-0.012090552601944405,-0.0007494146065628487,-0.0002787057519150508,-0.04331277043411354,-0.021148005223366274,0.0005670567154084961,-0.00029974953184566514,0.0001619209380893431,0.001387218278775621,0.0012059354830235378,0.00021569006935173837,-7.024019804814739e-05,-0.0006700854200963141,0.023583463553337146,0.0003762669313495978,-0.0011995696291078168,-0.006941836961203375,0.0063493604353375005,-0.00022374276127294125,-0.0018989383311497927,-0.0014624959411740773,0.0054611922080717796,-0.0001254820417210852,3.793621321892675e-05,0.07911635764348988,0.0015477915472678246,-0.016111075349915998,-0.00020086390191776174,0.0001324352246472281,-0.004566868223165425,0.008333121339083682,-0.00015349194684215856,-0.0021804554440680167,0.006458168376571793,-0.00015212726844056974,5.631259973354948e-05,0.0047236993505542
132,-0.0011417300882012515,0.0004506209096443725,0.0004273295650443138,-0.02020464085865132,0.0015013121880597495,-0.0009415444597097519,-0.0031093080808324014,0.025199051903670826,-0.00014926983722157033,-0.010168469948299924,-0.000362153231913246,0.0031519168487762553,7.4149476928242475e-06,0.0018023763925483077,-0.001494752259819418,-0.008448500958015692,0.0010282956681877675,3.168643030762586e-05,-0.0049207585189366505,6.892725077657647e-05,0.01282777739492838,0.0018528635957338335,0.0003735894347544483,0.01206506704109029,0.00038773170546877594,-0.007884711169732635,0.001405147168879288,-0.0009465187857847779,0.0008675796322435703,0.007995796357134724,0.007432559341872383,-0.11913413444446819,0.0015808707105106137,0.0014026605951293876,0.00020484136637135067,-0.007211333202445923,0.0004411212346271051,-0.0012063458089024257,-0.00012040420745668481,-0.0008358184063005248,-0.000845895775482472,-0.00021762305676968413,0.00048299614075790703,0.0008835372884194773,9.131403833174956e-05,0.012048251698425758,-0.015442562153601113,-0.006590850681783465,0.004175221589809687,0.008815466207197815,0.005280379224260404,-0.002991068288950683,0.001064504360044476,-0.037705430628701346,-0.0002894408708211064,0.0002052915390343634,-0.0005080159477723091,-0.0010979977579503686,-0.00020348497380874358,0.0011583418340090357,-0.0009355187768385737,-0.0003286880368593894,-0.0035304384391219236,-0.00013831967875321295,-0.00013927366828429127,-0.0009438954210864096,0.0023310195591795986,0.0014558831900536675,-0.0010793686257136001,-0.002548820618206879,-0.0021878741462173657,-0.002659525202158871,0.0022770758481860734,0.003456907945422229,0.0005658221148306487,-0.0004498832340505965,-0.0001722721120419901,-0.0012811714131188284,0.000618335802680824,0.00041999764579663413,-0.00012606879729749198,0.00047419129189920067,0.0005313212123267616,0.08499151899787032,0.0012868615236747887,-0.0059762090499067624,0.0008221701666076525,-0.0011708946880258845,-0.0013242501027371915,2.0971337566545734e-05,5.855612991059744e-06,-0.0005024623033092739,0.0002484721129123041,-0.02238575251937146,0.0006805751951370681,0.007749437887751905,-0.006394349251264887,-0.044619988690115346,-0.00411336095241897,-0.0020117306200569543,0.0015787731428112792,0.00277193067867253,-0.036986026501554935,0.001489655445508187,-0.000915021516204359,1.0793090639178498e-05,0.0011286609719669384,-0.0016845916444463908,-0.21079358719530053,-0.0019444406958942038,-0.0003715036234367905,0.005744339504906444,0.0019890092204747807,0.0011885841783394677,-2.3560558912922615e-05,0.00045818113651736186,0.002672421715300743,0.0025847526068887346,0.001409802061559517,-0.0015903260361111705,0.0013561658525474696,0.0024015099868522263,-0.0053045840939641535,-0.0006445006833332514,-0.0015345277642475714,-0.03285171867078555,0.001084544502788662,-0.0011606065550591443,0.00022885758488867293,-0.053500621728270296,-0.009491155559709651,-0.00013690839087311148,-0.0013494583311381954,-0.009842672141758997,-0.1846617793106945,0.012445653173472746,0.0006099407121390853,-0.05581551976105899,0.03132382795112649,-0.01438411720945754,0.0010344017402513024,-0.0005581392181436308,-0.005082686172837566,0.0004208690376208798,0.0044111427881356816,0.10936002646283062,0.000678199969632678,-0.0010055344742662836,0.0004903058731081144,-0.002135797221455929,-0.0013015549317546896,-0.001773216014900227,-0.00037480646947390755,8.269545359490429e-05,0.01073806902398057,4.5307284471601106e-05,0.004210207508698061,0.0010937554914285316,-0.015292773308054685,-4.7193397262836403e-05,-0.004102641278266568,0.00038352480017574966,0.0009675044093205585,-0.0004800398344600113,-0.004620646664326454,-0.0013420478287146866,0.00032584996808868,0.007442659967522183,-0.011840548378881308,-0.005915834891256272,-0.0002448505925407938,0.14326178973382458,-0.002476961021056421,0.005637589353233454,-0.00036012956579541816,0.000707069751703356,0.0003013438429826583,0.0018543275786811943,-0.04755827129633724,1.2332698226772722e-05,-6.832979288562023e-05,-0.00327276246783168,0.018133315904761145,0.00024963057223214864,-0.008653966253692748,0.0009415086690158546,-4.487320648093729e-05,0.8939677487650217,-0.0007609608638458332,-0.0007586148776576392,-0.0002887322404312451,-0.003994655241506111,-0.0005259382466117415,-0.0006999176843037191,0.00010035624485957295,-0.005793311238898599,-0.0010040579101234333,-0.0014352551276560598,0.08556331680871869,0.007567180017936655,-0.00043236241334109957,0.0005609487271790309,0.002577156538646351,-0.0005271890549106021,-0.0016572579419300466,-0.006571078404729756,0.0024866339599931633,0.0018924841624235085,0.00911574119199915,-0.0024764119862881835,0.00023380045712320142,0.0005092055049080108,-0.0019863414960277215,-0.00521062873313927,0.0003500860782550876,0.0014322974871629713,-0.0008883381803198405,-0.004030671342526028,-0.00022257257314148293,-0.004275099484929682,-0.0014934266563280084,-0.016538764319684228,0.001187340901639067,-0.002258880927598162,0.0010968652474421057,-0.0017318111632712843,0.00037695925867612203,0.0012366887343161948,-0.004031232631730336,0.004218136689318838,-0.0007313040183367625,-0.0018343584443443791,0.0038195984138271466,-0.04953687559658549,0.0005057512594960633,-0.0033550252520371006,-0.0012111156713889236,-0.003163186838440652,0.01396949995835816,-0.010098930699726696,0.0011221900526984761,-0.00013538747827608518,-0.00013799227293004486,9.218936985195343e-05,-0.00020667132264961564,-0.0015115035359207995,0.008897529214720517,-0.0012156140094628197,0.003917586607691521,-0.0008564956126650529,-0.00018893030852444245,-0.003263420398127546,0.0023246431472292244,0.0013478777188748632,0.005190221775176002,-0.041673576871065474,0.021136189901941313,-0.004548869765810698,-0.0011798547897859798,0.0010512339993952796,0.00028435177465737597,-0.015551873494621095,3.9823658027054315e-06,0.079704494651971,-0.001599804658024908,0.0008378556115541829,-0.02120823376519898,-5.420477808149721e-05,0.000924824979782636,0.0005503388613294139,5.1505928462194635e-05,-0.0002773050734044095,0.0009866064128138227,0.0004274623349612035,-0.001597527770673464,-0.00022538531235787983,-0.1087677842570039,-0.0005991987094890305,0.0029287369814094627,0.007099866751380588,-0.013545747907415067,-3.899797597651557e-05,-0.0020024554669064616,0.002121104055409542,-0.008126332005586418,0.0004369435718018415,-0.00016124383588867494,0.009856276408372411,-0.0010359150540859988,0.003734808551177825,-0.0001293872738039846,0.0011293631231390523,0.0001868184551164602,-0.11896760868027934,0.0008558529671213148,0.001066672817521007,-0.04199546503963844,-0.0015705490567460107,-0.0011185864219137695,-0.0009314814567831474
133,0.00017811735425024604,-0.006185755915168164,0.0007953768656356946,-0.004067809787489728,0.0002114808416893289,0.018837258900605936,0.06172792381027102,-0.0029003215323294817,-0.0005689501863693595,0.002828706979555569,-0.00029946640275465685,0.004394282018714016,0.00031189974480244284,0.02314502841661679,-0.0006282124688021251,-0.001010244368237179,0.0010225349833921545,-0.004577834796096135,-0.0023627163605962637,-0.00014999869209349204,-0.003920709038325563,-0.0004481287772380785,0.0002477580684536549,-0.0011318564504615835,-0.00042949339503427046,0.1293257126141917,0.004458597199716744,0.0007817282723480232,0.0003336772985484786,0.008128776259308038,0.003928757096752604,0.010604149524339992,0.001942605086177135,0.0006612442155535276,3.449640651799826e-05,-0.00372918721063738,0.0006965638111209767,0.00037810976286754925,0.0005889153651452671,0.005077878499777239,0.0022466898067067423,-0.013125493062793777,0.0026628651485680836,0.0025053630013833683,0.0009832474304837708,-0.0014264617485841404,0.00011809503990729158,-0.002577553255728602,0.004408391541354172,-0.018982826495191764,0.001143582237939215,-0.017486496785066977,-0.0006021302641912652,-0.00879019762914213,0.0005120009118279461,0.0049824147767002095,2.7813212631372375e-05,0.00013393958951159407,0.002043906908626358,-0.0012250431817366486,0.0013606044793601222,-0.00016236275289965401,0.0028884761934331736,0.00039614830311851084,0.000506551780790513,0.0005689570020531684,-0.01809110349856455,0.00036639639420700705,-0.001299440719304211,-0.003044409782186631,0.002450469127573489,-0.0009479112397749135,0.004648612913786421,-0.000882808214793821,0.006806322223393694,0.00016679334702875137,0.0005197419687523134,0.0006647195272864691,-0.0035295919908819168,0.004302836681097563,0.00023972474816425212,0.001918364627505005,0.020530065688589873,0.046696841719931215,0.00018227969574183473,0.008618790497728599,0.007487699110790377,-0.00011922537340628477,0.0010758411598655135,-0.0006711921240248643,-0.01212858683138917,-0.014537299710961144,-0.003293166198102,-0.007627223819247871,0.001460706630462876,0.002730958466749319,-0.005626879783043416,0.021900315126713428,0.00021471008503736594,0.003900642917218428,0.0014012774809894933,-0.0007034849624107612,0.07296021628879228,0.0013127587670322665,0.0009993033700968074,0.0004117117696097439,-0.000605428941533313,-0.002325753702118251,-0.017082536580063968,0.010112478364003627,-0.0005037612285661037,-0.0020808395397039063,0.0371493940386471,-0.004191075782279005,-0.000586010047752784,0.035870347962264064,-0.00026155586861889134,0.00024783523832642854,-8.16632247016072e-05,-0.0004454203174911091,0.009056305477300722,0.0018733394163910335,0.005139337485055118,-0.00020376102189156062,0.014167224856170647,-0.033380341481940426,0.010172290163423017,0.0019636966836822428,4.033774245823865e-05,-0.09872182046140242,0.00028814180294578647,0.0024622795038674924,0.0014288543984267428,0.005532861906701917,-0.052906918825313204,-0.020787380589360027,-0.0007096417967692066,-0.008355331855911207,0.005527936016051363,-0.006840966101925742,-0.0045888918022281506,0.021600993676970822,-0.005044152252069561,0.0005560852718961638,0.0026048738528036217,0.010775692614141096,-0.0005039212191793608,0.0037537600456098615,0.013492893166794442,-0.0010590858442172026,-0.00596409822770562,0.009145141775108645,0.0002954572447985168,0.0008583621368784656,0.001059550996132799,9.320097912578786e-05,-0.029513401495308893,0.0006047980891895795,-0.005827380403297272,0.0008013042641517049,0.00015791198353547978,0.0007685182300003924,0.0005314514989387165,-0.0008023566150968713,-0.007732343071819522,0.007660590825719373,0.008195862978640056,-0.04969926680208092,0.000199393143575477,-0.0033350720155035252,0.00038690435136760383,-0.011974593664332431,0.011248153042859498,0.008194652498857424,-0.0004379819093949522,0.002291084805121486,0.0006092506050365798,-0.007931509856488224,-0.012939405752663264,0.016900830794314103,0.00021860911934427213,-0.008343512962253767,0.002547685550550727,0.010511779647305876,0.008976474773031132,-0.014368538768772364,0.000334514706745687,0.025209684774443103,0.0013077022376810979,-0.004298026154856199,-0.002721315672679998,0.06393142305666802,0.0009108328547566512,-0.0019373243654582607,-0.0009045485835971025,-0.0005547293082880881,0.0003569435177228216,0.00048715101982604625,-0.03585314907048335,0.008182755894497021,0.00015388596992984508,0.0014453850265403953,-0.000851411904573815,0.0037594688971435667,0.0009139974433987642,-0.028320970060726012,0.0011756230252047257,-0.002179271041061588,-0.004981566067794287,-0.0026695714505636237,0.09997016881351616,0.0011189396053692235,0.011281515074296429,0.010884500932695012,-0.00017390924788965577,0.0007067047312216204,0.0020154325183917945,-0.000868318721165696,0.0006010820776359352,-0.008513748848414595,0.00208429134652452,0.05674677014541764,0.00043370349967128755,0.015106915024968907,-0.018549442950497815,0.01450256886734947,-0.00018802526481540125,0.00289568434251835,-0.00011293198545309958,4.285992671677983e-05,0.0003162143737779623,-0.0003525861305176788,-0.0037638617779981037,0.004847106821631825,0.001265750959088088,0.04328895022306543,0.013614673190939723,-0.0050135647730408925,-0.004742816022818141,0.0027505623319190103,0.00023880228752864475,5.230019054203866e-05,0.026667447997034115,0.007007094752758672,-0.0005303697826043174,0.00031408979413366403,-0.0005679172862246337,0.011590641413653797,-0.0017009230158778897,0.00011221632108933193,-6.930531926368361e-05,-0.00459327661341848,-0.002105813441690612,0.00019784527399115473,-0.017870146332210284,0.9554527643726731,-0.00505882763163598,-0.0014166358155492142,0.005110018534592248,0.004056574438268651,0.005704098020926822,0.03364945180810524,0.0002052135687352092,-0.009439429819874934,-0.00034271746476998425,-0.0010898700373636755,-0.017085833981737214,-0.003331088735002416,-0.020966416903365887,-0.0002274142862326821,0.0005560613921500878,0.00037086123109215713,-0.052359162230059236,0.001440675489420347,0.015794852875515096,0.00017080521379709591,-0.030429295292695266,-0.002653204978879577,4.3632816454231525e-05,-0.002615015084552494,-0.0008362289270729536,-0.00035375714691211063,0.003990824087107871,-0.0011385507065680722,-0.0010084120132308981,-0.0003194013335307621,-0.0007376219121905043,-0.006365421892730442,0.011436259085672659,0.00014778453387674856,-0.00036606277505288245,0.000921586657214939,0.0003053241735628486,-0.012938686305060688,0.002365362644737621,-0.0010942171671901504,-0.0029635146946796038,0.00013436633366260657,-0.00017817766445655994,0.008904484672578082
134,0.0007095308096384629,0.0002848855264298046,-0.0005698367181962006,-0.0069244543260403735,-0.0009040888724210581,-0.0010689747511483903,0.0025484418464531144,-0.01574276733061992,-0.0002130487612312243,-0.0016812040536250614,0.00012705775503425026,0.0031439421254149617,0.0006710510030374858,-0.001405144143244129,0.0009542973509281821,-0.0133041739417089,-0.0012251453238002821,-0.0009528043650751383,-0.00037514894362402663,-1.1021472825075915e-05,-0.015568126321803252,-0.00016595151514116335,0.0016731632564915278,0.017237945422173245,0.0002788103894481586,0.0023727121731273943,-0.0013592254485760534,-0.0002864551038288879,0.001627828034451606,0.006463194927325361,0.0008700320019774527,-0.47983181435432753,0.0015368843222668578,-0.00200052905135319,-0.00018535886404599106,-0.00010431326393993759,-0.0011621072086645968,0.0035248518645856564,0.0002893159725743111,0.001090596002825254,-0.0015014986745335458,0.0014416572759028334,-0.0006269715811612173,0.0009381705617814706,-0.0037915669878217477,0.052959190195162785,-0.0009228294151242353,0.004965430540202391,-0.002078500702589711,-0.032700255521194294,0.005009331803811974,0.013149600089975757,0.001096639222399734,-0.005991805626658292,0.0007522577923642169,-0.0004853483994309883,8.618838767873727e-05,0.0002355624610570295,-0.00014285957189050854,-2.9235211923495097e-05,0.0005788164583142765,-0.0014210228247581859,6.170659961564676e-05,0.0009675873687866878,0.00011008067022459569,-0.003808641466374636,0.0017055831781977633,0.0008474416362452353,-0.0022731433580328747,-0.000193311981127417,0.005007361347469999,0.0031326224165342973,-0.0003426106639627601,0.0022489890193117057,0.001429756946606478,0.00011710657688106946,-0.001123151930192726,0.00033411686876932967,-0.0021455096187972846,-0.0013031319680741685,0.002180711701826183,0.0022237898531678605,0.005287107014499373,0.09794785974050906,-0.0012033412407613563,0.005597681242518075,0.005766639756542322,6.0263753075722945e-05,0.0004842854588170695,-0.0004441716190493397,0.00010983485812285582,-0.0029145915754583158,0.0021504871065897296,-0.003894502586312957,4.80374499622232e-05,-0.015637026103049744,-0.0017319516931482604,0.23602204854157985,0.0008084661344182481,-0.00037224999040199203,0.000135681935471723,0.0006022002869961844,0.7036761425510655,-0.004409214191601712,0.0006278923657703096,0.0018061176437519817,-0.015687042554476224,-0.002944711496237389,-0.14463826275810795,-0.002713945648166352,0.0004656959440475644,0.005259950206046322,0.00554644258643356,-0.0009732904892617855,1.022578274654986e-05,0.0036666594492591265,-0.012867770257865379,-0.0069768935030918525,-0.00011780715359252427,-0.0009312535138940453,0.003988726638516252,-0.0028959523734649875,-0.0028241647315419447,0.002011354597952695,0.00025882955543740475,-0.008299214815557808,-0.001519016357389426,0.0011407680181441493,0.0005003339435826707,0.005542513601552449,0.0010286493846643685,0.0036418999936677853,0.0037896946445095205,0.007037392005128033,-0.1639938183656691,0.0407540291157454,0.0009952670463968423,0.004584912290431481,-0.0014622854516356627,-0.00303737685808763,0.0016057149642517005,0.005093987683153542,0.0015860287014861083,0.00046837467294841593,0.0005124204394653469,-0.0581516487336787,-0.0011459731995772837,0.00281195362046412,-8.554139059639872e-05,-0.0009240906070908323,-0.0014090424285099453,0.00130518034037597,-0.0009845741097206833,5.3505914848958874e-05,-0.010134250780825051,-0.00019763578996001465,0.0009833607517732833,0.0026387415696709146,-0.015708099389187807,0.0005661289676536264,-0.001624844207308635,0.004298710994087627,-0.0003584151456248787,-0.00037676924797059794,-0.003939861659513328,-0.0006604217772181481,0.0017084516374781741,-0.003330540154518556,-0.018743490606130377,0.001350436558776264,2.848786163676259e-05,-0.16975626596298626,-0.0008005906742688579,-0.006629951534015889,-5.54206166097429e-05,-0.0005566927632599053,0.00028278087301317277,0.04159107432186511,0.0758203523333229,0.0072903442637971775,2.6005945693852173e-05,0.005013702422020382,-0.014301732393811325,-0.001293937969250476,0.004116465966434902,0.002062897315765304,0.0008214791404006945,-0.02873415663272924,0.0016550173901925883,0.0011023492858897761,-0.00021511636075063206,-0.0043161555264549555,-0.0005013844795209847,0.00959928199656828,-0.00016374181855732806,-0.0005374082220746534,0.0013300257515403157,0.001091690619223971,0.018276421027512393,0.00786726450229127,8.2428140884893e-05,0.0015071283363286142,0.005400042385185419,0.002326131309372908,-0.001021281819288137,-0.049822304262708686,0.0008353505342994783,-0.010737761330635975,0.020664143690876716,0.001452346899831156,-0.004791565695292853,2.4600884003873197e-05,0.0021999440463469095,-0.012709670384885921,0.0016428620757441975,0.0011958480553763819,0.0002698293767769743,-0.016188034441024145,0.001848905694010007,0.000826665453405203,-0.0001574991313176388,-0.13551025889016574,8.259271521239911e-05,0.0005194617276447124,-0.0029498756736196594,-0.001578911353349183,0.00023425824155094265,-0.001186443860828465,-0.005267671212325318,-0.002135287798798232,0.000737136634673871,0.00030270935787675944,-0.004755754792102603,0.006968075968721323,0.0010294126710606874,0.001303284007843704,-0.00129439584011704,0.0003397985302525733,0.006627368611118781,-0.003919957947408261,-0.007062325488972482,-0.0007571321324030432,0.0013354396450776962,-0.0011076510393346535,8.777089291924639e-05,-0.001287739524210337,-0.0009213365093070204,-0.00095231649216639,0.002382372280870837,-0.0005236570936668489,-6.710196884614997e-05,0.00035435415237893117,-0.0002223758455782458,-0.0006017057621070937,0.0029965868697897843,-0.05332966757227428,-0.004222780624858043,0.003039927401252797,-0.0002328072166899401,-0.001384271573833841,-0.0010428669643460682,-0.023378087248450016,-0.00031899489262298374,-0.1253345237121242,0.003677399710975802,0.0010308912028014197,0.071419024493215,-6.422935927895279e-05,0.0003322371897347236,6.3587988800139356e-06,0.0003458884515988689,-0.004127773625565406,0.004812218805313753,0.0003778866545717371,0.004606575322105445,0.0005892897851204128,0.2528748716149406,-0.000743062106488902,-0.009498135072923266,0.0015952407710005355,-0.0012042632595617823,0.00046678181088036577,-0.0004281330683005909,-0.001147297838102905,0.013899855314236388,0.001016373254722643,0.0013915173108057426,0.004425767663305077,0.0017030941774078961,0.002826456374079675,0.0009142544177367271,0.000349291823882783,0.0024892492144581307,-0.017898279274376115,-0.0019489191798696924,0.004902144575881639,0.0038548184656564555,0.0013009312269799036,-0.0006104794030330381,-0.0002193476477042593
135,-0.00027415855717384606,4.223762595859104e-06,0.00031657328145766523,0.016043607457052394,-0.00046166434482172985,0.0008695463226273976,-0.007101805980935807,0.01846833404987111,-0.0003774415197769724,-0.00019318355010790322,-0.00022391845102291003,-0.0029061964944001022,1.4744345336710311e-05,0.0016476396322537504,-0.0010942824963077677,0.005794739426365665,0.0012468401884258573,0.0012324650832217406,-0.003822354881328518,-0.00048067433694513103,-0.0009216221149266641,0.0014226075436768425,-0.002823331358445629,-0.023156416333878143,-0.00035025559084177205,0.003137600037988313,0.000964305270560439,-0.0007248194942583719,0.0011302783770041243,0.008901425886254196,9.975053748103799e-05,0.12684515533990223,0.00013121693996112887,-0.0013518411454967233,-0.00018858088266284281,0.0003515380582598223,0.0009691204556084134,0.003753420970864163,-3.234402738214702e-05,-0.002906857244060599,-0.00313698309009261,-0.00037886523359172033,0.0016388423006466046,-0.0011258435193700202,0.00045170297946938495,0.026243159384377664,-0.002476222163435196,0.005196047729543839,-0.003336894028751697,0.006757024385295464,-0.00035371970796788457,0.0016414098252436507,-0.0051373455766966095,-0.0045881012791515255,7.454467434641092e-05,0.0008830444155719592,-9.17498335714969e-05,-0.0007252498538081502,0.0008463010927469791,9.770471457391794e-05,0.0041623489851952,0.0001632475052595588,-0.0018015674774082087,0.00015441026178457888,-0.0005287652027507622,-0.018694640630760342,-0.0039474295555267614,-0.00023477171894840834,-0.004144440495175902,-0.0001365570119377449,0.0016108935856703173,-0.0011139338937297015,0.002183653306366601,-0.00016204808387821983,0.0006622862239535664,0.00010851521602184624,0.0004637652425368505,0.0006959628372915014,0.000676269728118125,-0.0005288067692963642,0.000620645221973704,-0.011201894575616387,-0.009133842601039673,0.02679735002823759,0.0010237167285624045,0.0012258102462771553,-0.0013228714113854326,0.0011896919036961636,-0.0002464702132749868,-9.729959179841444e-06,0.00011235826408274678,-0.0013483890021392013,-0.0007639786843724721,0.005651760618492688,-0.0004972649088036661,0.005894734626144808,-0.004758635801006192,-0.09711933138839154,-0.000523824044492624,0.003132974172053734,-0.0034399656735381746,-0.0027670527441958667,-0.14572426082725617,0.0012978079038731185,-7.780549473177661e-06,0.0026068088750616286,0.01134001205351048,0.003705152595441137,-0.0933956459978613,0.002392727029348794,-6.578225112331693e-05,0.001841108618158354,-0.005110572259556457,6.892383333260976e-05,-9.659222414642316e-05,-0.004213856053289925,0.002234648176065079,0.0020786503508917215,-0.0005466695658282091,0.0012111161271585761,-4.441170318778378e-05,-0.0004164123695212531,0.00127206124190586,0.0035548217050737807,-0.0014106886549065832,0.02480518194083762,0.0007932383689103365,-0.00023324196270401712,-0.00011785905333554485,-0.020649508217472693,0.011201012161084893,0.0011217660668810094,0.00010440438603937733,0.005567156326595103,0.4164481470127626,-0.012593931059159739,0.0001773149545716531,0.07691999760622212,-0.0020613817331633227,-0.0035523390792282523,-0.0013580463289027001,-0.004048263673482693,0.002688684726540939,0.00012561825443024445,0.0018954851096048308,-0.04700919561132873,-0.0012197041297341443,-0.0068285081425962565,0.00025050030530381724,-0.00373591221348968,0.0008777392064483864,0.0007219936463299856,-0.0003148578944767919,-2.6238808772899064e-05,-0.031917046350958,-0.00033902817735572896,-0.001516715246527603,-0.002749928280560625,0.029897810238162122,-0.0004239103308716057,0.0035405123607302547,0.0007655993522446521,0.0012117236952019885,-0.0006318810119321696,-0.010925050824427445,-0.0018507531406469606,-0.000507611992964699,-0.00539519578685032,-0.04005651178125356,-0.038988795455108395,-0.0005394047118945644,-0.007844964503774775,-0.0006526256605758481,-0.0067554252437872315,0.00045662517749832723,-0.0009016035830724232,7.595778742767914e-05,-0.0058068669041821935,0.05623146316181411,-0.002629567573439186,-0.00029420552310167186,0.004164030014715095,-0.009028610120497271,0.0023306060190038938,0.0019105567925503057,-0.0017013990886088157,-0.00047099614760968186,0.15019418953100822,0.00010157562944876006,-0.0009242833609524486,-0.0010064687465296644,0.0035707042627692036,6.353064201027395e-05,0.003105214096909812,0.0002900832634266321,-0.0016135870684422298,0.0006154947289028169,0.001105685480040281,-0.036230317428714034,0.0064627851354599405,0.0018311420262828127,-0.0009257238405247902,0.001817617539607451,-0.0002559477791357198,-0.009231122665671294,-0.0565429279662701,-0.0019061675947058161,0.0031960502037934636,0.0015541902146502524,-0.003839736308448136,0.005350520213034709,-0.00020678731997846554,-0.002734748874387058,0.030145209960749562,-0.0001386060697345236,0.0011185159043657724,0.0011146586434505946,-0.0030822294364549647,-0.0023557131202397077,-0.0019700448214983696,0.000849709273857396,-0.5972241044928396,-0.0006694816709412422,-0.000606674866659827,-0.0007948778095270268,-0.0005988842948881773,-0.00018695020145950095,0.004456253472195724,-0.0005633944290008803,0.0005586718285605992,0.0008885761356915156,0.001190573352855052,-0.004418742082586793,-0.005047517664441476,-0.00021804996737066824,0.0030886041096906728,0.0024961690549049715,0.003250069269007618,0.00853817822552696,0.006314125778647908,-0.0012569417556041957,0.00035416238562031984,0.002118462819627016,0.0005245923063370788,0.0001599144530941421,0.001876294412506815,0.010784508791401744,0.001836998780262415,-0.0001281570470278127,-1.7400586100965384e-05,-3.743390487992004e-05,-0.0007380273071608873,-0.0002995771693264709,-0.001831141435618553,-0.00011206244770130096,0.07892633974257891,-0.0011896447914016822,-0.0007355697418739643,0.006097810683401516,-0.0016400130747657154,3.726035502071238e-05,-0.023214744301773747,-0.00044986620062580085,-0.03565575355450676,-0.0004480480311881737,0.0004761590250118375,-0.004120524222892475,0.0011669822685466333,0.0001300414836037686,0.00048825692469093467,0.0012485335685356411,-0.002920722477502285,-0.0011793879879486865,-0.00047303395349816864,-0.007044735501926477,-0.0004752667232514516,0.5937546749492817,-0.0005199661160533078,-0.006819286658154648,-0.004332776101234793,-0.008883158928731698,-0.00013852128465452907,0.000917149081455554,0.00039924862248475823,0.009873007312027492,-0.0004154084408149398,0.0002757712522424796,-0.0007736839645103963,-0.001369948071695883,0.0005434075064861335,-0.0006325328746601513,-0.0017720061384097884,-0.00991400511249016,-0.03219648880604055,0.00021905195894666822,-0.002240585208746139,0.039723245145898395,0.0033559044484083008,-0.000787877249097152,-0.0009482854323583237
136,-0.00039803695915071485,-0.0002518206931475947,0.00011691701449713235,-0.0026177834947973427,-0.0012880413537636236,0.00040527172947661325,0.01016204485068126,0.0017793028684606992,0.00011028042714510827,-0.00019575952041401765,0.0002594143331101778,-0.005305823561094897,-0.0001320013699003999,0.0030862076718336344,-0.00027535890676435096,-0.0030767445418970266,0.00097397521899854,-0.0010144239268370936,-0.0007607123898590576,7.907227555426725e-05,-0.014229827637414049,0.001550290706839097,-0.004217631999973135,0.02490228886006278,0.0007920652932189333,0.012119337694409881,0.0006685432406801691,0.0005725185313416176,0.0015159530858661063,0.0029486351802596976,0.005648529269254816,-0.12256845585695814,0.0008290056677442573,-0.002168771128494603,-0.00038735539185046075,-0.001987158426710837,0.0008183569963558599,-5.6897759272965085e-05,0.00010563588965336809,0.0015557007893952789,-0.0005990164031393419,-0.00017971096773489843,0.002712803945771074,-5.014239879397612e-05,-0.001480431708329114,0.03091038194576965,0.00456852473742219,-0.004105266895083121,0.003047195409186965,-0.009084559165619592,0.006419381934658103,0.00404979274407833,-0.0072563571539187004,-0.013922197094169288,-0.00026074315129269443,0.0003626135752723956,-4.358363117202505e-05,9.080611209087903e-05,-0.001232066198459326,-0.0015056649446819198,0.003604278342920514,0.0004169005034085458,-0.0008706373296783285,-0.0002520626458134404,0.00019614852131445704,0.010404860355331,-0.0015736142989565757,0.0005278626294818163,0.00048315311244336067,-0.0004854861622731292,-0.007237692571071919,0.0014743712112723763,0.002608298951306541,0.0010367308381265265,0.002125506845560858,2.4254675845069608e-05,-0.00024794150679730096,-0.0003237307665234397,0.0002077753016615745,6.962156360239887e-05,-0.0003176674359790345,0.007985830904320031,0.008217866010567744,0.169006201026774,0.0011102378758596086,-0.015397598502578675,0.0013981547964619636,0.00029262583293807954,-0.00022728013975234452,7.223595055229869e-05,0.00035594438662661307,0.001989789451923354,-0.00027892871319873044,-0.0037029261490055115,0.00042886874053040685,-0.003487685588076403,0.00514833222611584,0.034978248419315475,0.0007500462158750946,0.0053942450129013655,-0.007432935114931623,0.001690521827082011,0.19345025945365793,-0.0007946016279782222,-0.00016360854493655463,0.002416255611155286,0.004023244972074421,-0.0024908415353664714,-0.14231316250715006,-0.001397436503631157,0.00036159065355497247,-0.0038338220532564333,0.010217783396150601,-0.0005766539138995566,0.0002787026218185971,0.009276504324758378,0.0006775557204168673,0.0010606459926412806,-0.0008163206640418331,0.0032546280186794797,-0.007046956003516595,0.0029772395571153664,0.01237321460136399,-0.0018300196641262941,0.0004924000195400649,-0.019639300541712184,0.0034528091182297552,0.0006891563479620472,-0.00018360958936194027,0.027828639066835623,-0.0048832831497530056,0.020444978371347778,-5.906420825131566e-05,-0.0015063298362338754,0.8234519073815231,0.013520234490541393,-0.0007694958910911577,-0.006481069792543606,0.015245264986013566,-0.008105480193123816,-0.0006024863114967045,0.003505812511739254,0.011839378837708484,0.00037115253706849886,0.002669707277560628,0.00282595638020337,-0.002028428814818169,-0.021423090818992404,-0.0012420768672487148,0.00332258678208999,0.0018808282129933835,0.0011010184293362237,-0.0003326245121955517,0.00015873394135869077,0.018330066024981648,-0.0006232104559031629,-0.0031405709503649864,-0.0066827569672199315,0.06987132950447231,8.762338258841776e-05,0.005121347089257764,-0.0018203179664621238,8.2506772424764e-05,-0.00022525422438564617,-0.009889656135091737,0.0010376527282102363,0.0016937426094901773,-0.0018468636719925552,-0.04217727775655447,0.005879331415995172,-0.0004802500351472794,0.057456121959638465,0.00016053276197473332,-0.00821417925322837,0.00022300161234141413,-0.0006290065745927639,0.00025467851724342966,0.017290781576964457,-0.15569332432890115,0.0042875026745505,-0.00016158344361107374,0.0009557606650849337,0.01391891512500059,0.0017322758112782628,-0.0031080313327988634,0.0003170684392686529,-0.00013781974006023203,0.056783523251679596,-0.00015256212931144238,9.224956744614127e-05,0.0006887250777191042,0.008794088058826302,2.0490570625314106e-05,0.001907241537880246,0.0007421925532803547,-0.0023656417004575847,0.0011623975406569451,-0.00014930949987381357,0.022015715124478315,0.012065887318594008,-0.001388690920425424,-0.0004302318004363991,0.0016806003440783092,0.002196320588731959,0.0023091992893312643,-0.016392603431148765,0.0010189102656209034,-0.002102505540752666,0.016362676474676173,-0.006013998571865544,-0.00627271264608761,-0.0008244064922611405,0.00565612100701935,-0.012571231594459073,0.0006616259224219673,0.004645651504057853,-0.002581085983190809,-0.0005249192202843726,0.0009338773003471105,-0.002076546857517042,0.002582309675502704,0.27938415952567036,-0.0014470821145296537,-0.0009896607267778305,-0.0011104075214124034,0.0015175688002529546,0.00040839398630663386,0.003477064003888812,-0.002443615267867068,-0.0009676726591165695,-0.001025241321510154,-0.0015478501036672412,0.0020794127628469793,0.018110200069801692,-0.00023868148261052568,0.001403899230847357,0.0012704492818329405,-0.0017005808131478044,0.009893514002661207,-0.002537304842036214,-0.0007065297725206616,-0.0004007473698450347,0.005231801127185475,-0.0006452968231577189,0.0001084819743896806,-0.0011090967189385324,0.0034504754738694443,0.0014384770202562484,0.00523424963550956,0.0002964460909247197,-0.00011471488861775764,-0.0022032062249011846,0.00016485607486184408,0.00013417159633739417,-0.0006976364681463513,-0.011287718869744917,0.023309295825908904,0.0032165196621175536,-0.0031133823178140898,-0.0032801925257614937,0.0016041917299321564,0.025551356803612955,-6.0983419273187914e-05,-0.09015508506715396,0.0016737915966007061,0.0019828373561114423,0.016289050811648227,-0.00024944374851339907,0.0014238220411537036,0.00018055551260403539,-4.3004257795314186e-05,-0.0008205397457233824,-0.0012520741155148448,0.0007434358622995399,0.004137440685972395,0.00010184617842290671,-0.25704915249976934,0.0004713242069876982,-0.01958810772515282,0.004099466507614178,0.0037115048302406705,-7.460222200493007e-05,0.0009054306753859118,-0.0019591121633637954,0.01555783890029965,0.00044888217093033364,-2.9473349493527347e-05,0.0023170392158153117,0.0027327005198449546,-0.006485033970274485,-0.0015077339734996687,0.0005975611940116851,-0.0013265801483196473,-0.13190699084361943,0.0016073380761001733,0.0016765080089171666,-0.010782654582955149,-0.0008212291922757142,0.0003781145059207563,0.00044061308272648
137,0.0002520154992286174,-0.00010665979342533612,-0.0001720782198634895,0.0007384967951525126,0.0011770619034082923,-0.001036742200372938,0.0012799612735137009,-0.014073567981670976,-0.0001537847349503147,-0.01170949796334688,0.00011359160446741678,-0.00019861562748341177,0.00047120065021153453,0.0005962442704352342,0.0031972011669867614,-0.0019508877555614902,0.000541288258713999,-0.0019422304543702876,0.0020989000219058286,0.00017926407447632587,0.004140500759899475,0.000980140225402288,-0.00018011832197334723,0.018654809305191776,0.0017187992622018783,-0.008422101930380479,-0.00010554314114056672,-0.0006402071976943646,0.004564318963818585,-0.08489675557837359,-0.005795635288671179,-0.02401415889378295,-0.0007833819344828206,-0.0007068972468344075,0.0009592385444007201,-0.0034286099650354075,0.00024153537316190174,0.0041331896944819466,0.00036783333552858205,0.0015046736909085329,0.0006417879549401237,-0.0026384198559880057,0.0006633930808985562,0.000829357655108163,-0.0009155653216039944,-0.08597567761584554,0.0007949895521930913,0.008509447407062602,-0.00011961414116305464,0.0036829783460787394,0.012049732548247332,0.0022026952792612393,-0.002053112843094589,0.02388374623961932,-5.7687437819305826e-05,-0.0003719131803488684,0.00012707328803063245,-0.000443230737643619,0.003180248292307559,1.754569049158307e-05,-2.7613747477809908e-05,0.0010123559294470585,-0.0038678884068103657,0.000276157022218579,0.0005392920338406228,0.004355202464156369,0.0030513348929305803,0.0005896662830456404,0.04033672061202356,-0.00012813084464399424,0.00653422075322737,0.00033769715918195655,0.0067082213428180226,0.0007065318751520615,-0.0011918954884886303,0.00011369405315982822,-0.0005693977183855439,-4.7174387750631604e-05,-0.000421824777305845,0.00048118668799431233,-0.00047693551418562106,0.008007635035400855,0.0059046506818827,-0.34260611459856855,-0.00012157005319278301,-0.03262472738779985,0.0002000913512566621,8.440662141189978e-05,-0.0005609985037419306,-0.000277486133199438,-0.0011490467974626804,-0.003166975701079263,0.001697828992133877,0.006301327252434069,0.00012564706289031882,-0.0007086097221157667,-0.001373526208956166,0.07954063560666477,3.450479703742855e-05,0.007305303534800513,-0.0012116157033768178,-0.0035325378263441317,0.06476361490122172,0.0004001894075010039,0.0004507305200709553,0.002532384888124138,-0.0034261362700017794,-0.000389150435247511,-0.030378602487324175,-0.00041729976094476005,0.00013788679619840006,0.0008431309101164476,0.0020426570486434025,-0.00014344060165153143,-0.000334030310560696,-0.003434689051877566,-0.006616458997169902,-0.0026212964099134413,0.0015357480955928088,-3.656721195698597e-05,-0.017723471779333234,0.011238654547484303,-0.0002892231757389552,0.0003733892107133947,0.0011695686954786302,-0.06358878617752665,-0.0033217798301665314,0.0005514431587294285,-0.00021484370465367844,-0.18906931214962377,-0.0022148424903293417,-0.01058919194591065,0.0007728393765554691,0.009133001272132738,0.09675421147847497,-0.0013075478332460213,0.0005600059717400796,-0.022011359573008194,0.0018697674180293813,0.009221544363714283,-0.0007863565368764541,-0.002650958995457104,0.006224387830609305,2.981395247585945e-05,-5.065757136595218e-05,0.05260254341930757,0.004013564924825479,-0.007700842040342445,0.002213600921216206,0.005412760186517107,-0.003286467344647419,0.001707984625431998,0.0003277647582804516,0.0001853895058787328,0.012105476599321673,0.0006393121366945081,-0.001749740194644987,0.00014356409630588741,0.010281291484142958,0.0012751587560457063,0.0020559759995951166,-0.006383148583470291,-0.0008676833228756643,0.0004011716967056451,0.012304678279467636,0.0016536534003613649,0.0012197765980526494,-0.004055512403402588,0.21752027053151737,-0.021123012519216146,0.000250982948793165,-0.05467641822093391,0.0013224010885379445,0.03861105502407509,-4.016860533340681e-05,-0.00013549283633432278,-0.0013952532918555716,-0.0014480145975857644,0.027513230650414836,-0.00048723422626385966,-0.00038468699514190505,-0.00416246678621726,-0.004717698694271117,-0.0031541124391742644,-0.003857098188409815,-0.0007086997053447498,0.0013283351555428717,0.03823435190821174,-0.0009660136064512728,-0.0002765266408145104,-0.0003518859631997871,0.00022759945149480355,-0.0001115154911253153,0.023598216139138005,0.0003771465359191804,-0.0016887713008051095,0.00021536861070031873,0.0021743909379098618,0.08862995937029722,0.014162992045180919,-0.0005215159693083135,-0.004785710392556843,0.0015239686428842512,0.0016899740290734233,0.0022753446982042226,0.8399692459271538,-0.0003663769526652894,-0.0005129379904873889,0.002052731261596755,0.00014658113789701768,-0.014821202779320523,-0.0008622186427433842,-0.005764589339396366,-0.10920143301670682,3.1423396373901624e-05,0.005401594335903704,-0.0020027446589741377,0.0014674373793242042,0.000345159257990921,0.007056768376797563,-0.0006608652186778243,-0.10119084837864716,-0.00019882092828637718,0.002344185247654288,-0.000445927649034263,-0.00438680835172527,0.0011796869580991223,0.005192220952686408,0.00234105509364647,0.0010418657287319282,0.0015919737429047345,0.00038130016291612785,-0.00578481694612157,0.010279675103356714,0.0023284872659115104,-0.0018369216345751134,-0.0003057313684163561,-0.005590838238298828,-0.008304198975178863,-0.01738612265394753,0.004651041288045879,0.000425186140314732,-0.008634617637318157,0.0009625574926298597,0.0001896305364514966,-0.0011239780461153614,0.0005144498088706315,0.0024350500526947425,0.001294090845228888,-0.0004491969415551327,-0.00014873764026778445,0.00024093840684713576,0.0026189747051564775,-0.0001992411944163287,0.005496748609323154,0.028390897072998383,0.0174370679945457,-0.0018568100237555257,-0.0021253222728166267,0.0031200709914349922,0.002515650099457949,0.01656532894831012,-0.001393527411631467,-0.04443498505636515,0.0012611315315193856,3.973129143347489e-06,0.0020130504292794,-0.001190018486295765,-0.0016368509427965887,-0.00026666768723086504,0.002074944501207399,-0.002092789932017179,-0.00015101845200448402,-0.0003389493685011715,0.005442799805648553,0.00014436623532667735,-0.02848273585397407,-0.0006451326704788689,-0.003989334332488312,0.012246704734288854,0.010866581206317436,-0.0004364407145323172,-0.0027023799626265683,0.001737733829178147,-0.008709265683375662,0.0005594032699164922,0.0006270672688530731,0.01750966955970056,0.0011168340937310409,0.00648031066663631,0.0001331968579238495,-3.829442215821585e-05,0.010275691996095807,-0.015328904679264736,-0.002361893427159817,-0.0007998359303597775,-0.0023419030467278497,-0.0004970756210373687,0.0002907812859074439,0.005023269065642514
138,0.00011749429483617434,0.0005171983108966313,0.0009010751951742792,0.005767748573022998,-0.0049101338362242735,0.0010602322196131089,0.00932584137812788,0.28279792607163196,0.0010910080114667209,-0.003913222803554451,0.0002808257197510853,0.00015486417459622032,-0.0005887418620981696,0.007230117487846257,-0.00229016726454547,0.006421381053807202,-0.0006469765008725176,-0.004290005633306478,-0.0025117362142205346,0.0006306023312921239,-0.022215553712698177,-0.001001568355640213,0.0003577048905671265,-0.05975452783919907,0.0013795202828124301,0.08472424330150767,0.0010837422690772964,-0.00034603593898858975,0.0033236116234940313,-0.029281565747852203,0.007169213635763495,0.021551574200345272,0.0006897269143902723,0.002590489279458464,-0.0004813709748920786,-0.005353675705071247,0.00016357125200412975,0.0030769431301587258,0.0006192025142173273,0.0015624629665616616,0.0007477603284678424,-0.001785458250802634,-1.7364488434935257e-05,0.0015798671068124655,-0.010026966305314262,0.3539823049681407,-0.009769887890448248,-0.018115240555963523,0.0002690466220307134,-0.005723580342988273,-0.017571158535286853,-0.015688509088785912,-0.00054745888089959,-0.023318662692347017,6.274202302440635e-05,0.0005614847160361133,-0.0004707746054404133,-0.0008850762904380992,0.0019258235734645704,-0.000318176055880616,0.0019751946555092454,0.00037815114274279503,7.466829127085592e-05,0.0019537107504255555,-0.0009866952072876134,4.8914081879940924e-05,-0.005210436728454193,-0.00010680354912757331,0.019668072536623674,0.00035380599446341657,-0.013483372902574432,0.00013380626800495784,0.006045225387791522,0.00020448495458232757,0.005271459140723215,-0.00010138300554257684,-0.002054469656483813,0.0017504940554077236,0.0017794623493395008,-6.297276696921351e-05,0.0006210202949399305,-0.01601279157511039,0.009454783482242095,0.42455293056800825,-0.0005750219005238653,-0.029340961202384597,-0.0025529779315171114,0.0011008165758986405,0.0005878306876938772,-8.351711564168196e-05,-0.004251942018311852,-0.005739354538451967,-0.0009367295587403637,-0.025702539064800294,-0.0005576037116941934,-0.004166976612813464,0.00027813558602058595,-0.13769039917240938,0.00017313320245392408,0.01018066734000433,0.00172773595987845,-0.011218465715604194,-0.030483681250137395,0.0008455915568509435,-0.0005794640596924489,-0.002985895640120798,0.0020850532432779996,0.00042504693835508146,0.07375303299184736,0.004678983638814986,-0.0005618814269067809,0.013625302749895391,0.007493841314560243,0.0007740683702767192,-9.388239827129441e-05,0.005273178473620444,-0.001970620792247224,-0.001410484511047659,-0.0019828424335392135,0.0006876592064486123,-0.007294785459606666,0.022880445143737795,0.011582744430082687,-0.000675936014966348,-0.003053482065798087,0.15084023863291787,0.008434758500573472,0.0015390710333845177,-0.0003475204066358357,-0.16229536002261505,0.005443147232917463,0.073620333831868,-0.0011250503334038695,-0.002307966640473884,-0.09440228465030595,-0.013953298607610347,0.0014084428334233835,0.041267965812049126,-0.020750708534689702,-0.019660777316555925,0.0012663336449664463,0.009158920476667005,-0.009800856540137307,0.0002947779938383084,0.002169420594354666,-0.17777458056764456,-0.0018759438280372704,0.0019660451500354724,0.020866505707352823,0.010333716978334918,0.0007446582473051993,0.0011135428780520858,0.0004861427187417529,0.0004728478268512476,-0.1318664974570615,-1.5097942688175277e-05,-0.011078568864114242,0.0008640358484501903,-0.001785323497986844,0.00039994307037431384,0.0015331855844247042,-0.010254990412609744,0.0005979424033001784,0.0014543602620927382,-0.024742327684718873,0.00562121480291428,0.00045066633047818536,-0.012364734235196172,-0.4295731236671231,-0.08534025170361542,-0.00025518777515456254,0.06385199009404602,0.0050299284147493194,0.002590496153075183,-9.601687457567315e-05,0.0019323513695673378,0.0013098736880392241,0.06390980764683021,-0.0016905755389262321,0.008900780691215358,0.0004424637350315744,-0.008576781928949331,-0.00750126836459827,0.004713588340895986,-0.016798682185554633,-0.0006504270615059812,-0.0007001956319949891,-0.03313094651493447,0.0005378082496541002,0.0005987647217005538,-0.005752184760568168,0.024932009108187686,-0.0002191415936778074,-0.053076577364124015,-0.0008148834208985302,0.006457522321516605,-0.00010019127533115535,-0.00017927571581365066,-0.0011226022995555842,0.025376929959445467,0.00017742837521442234,-0.009361355758679323,-0.002522617838161761,0.0036944704575807737,-0.007444427181476389,0.36551128477523664,-0.0017845132780170588,0.0009699065063264317,0.097749315475832,-0.0005458706646220112,0.03795622444802456,0.0007752631299120967,0.010331120955999234,-0.06484791217363509,-0.0005776732339711141,0.011371745679433082,-0.001703729950915828,-0.022428165258334905,-0.001320404357495461,-0.014303702378652368,0.0018312297151566233,0.14950681025895565,-0.0010515187698023106,0.003409372939073254,-0.0024659615879806616,0.00958868805012572,0.00047894110277776187,0.011960007000388987,0.006977068314141447,-0.00828159740136547,-0.001627947196114257,-0.006730223147175821,0.004982192151381017,-0.008693120223416983,0.0008571705852724954,0.004805139946277418,0.005385141317681436,-0.0022048622387726615,0.09968092884448439,-0.002259635664641938,-0.007836451588506488,0.0002493631552829257,0.013537023268117197,0.0052335270423766785,-8.447350905629869e-05,-0.001072828704366726,0.0010200439177739757,0.006199408341809987,-0.008598320564460603,0.0003073183482089469,0.0003024614408457457,-0.004014715882368642,-0.004947566739291779,-0.00038260635401727097,-0.01115853624689493,-0.0478942397938368,-0.02893856404419364,-0.006248154806861045,7.249963538471117e-05,0.0027117128735749015,-0.0014143194055459135,0.19066633305280897,-0.0007214236619676314,0.020584265279798165,-0.0017016919842620824,-0.0018404643403180402,0.0038566886320670997,-0.0010329695807929761,0.002959887034282389,0.0006493187669354873,0.0013183733700389963,-0.0015874570030390597,-0.009270507244860568,0.0025460994878847786,0.001937076078339462,-0.002098678308137484,0.13280037302022357,0.0005676835273879469,0.006059988627241947,-0.035583354299223144,-0.023961262770603665,-0.00024645125708105953,0.006135592684000707,1.8629141652990377e-05,0.04848975797270938,-0.00014449485291925606,-0.0007521326652884059,0.013415531517639615,0.0016353785267741693,-0.004403925270204419,-0.001502057034535121,-0.0020568687200963297,-0.04111262201380156,0.021499650946805032,0.0027187842446218047,0.0004972599344142447,0.006355863609716931,-0.0017858495433327286,-0.0010572509959816956,0.007782174131255654
139,0.0006184577009961945,0.00024810345288983626,-0.00035894560380382253,-0.002080170352834302,-0.00023845323784487185,0.002104702492981737,0.05972050874181853,0.32748965424039883,0.002309586890643936,0.0015608089768900449,3.178877775433103e-05,0.00019953095793419785,0.0016732296915289869,0.013069658370808711,-0.0031240089342571276,0.002415969899204777,0.0032269897892936925,-0.00769858146177433,-0.008567676580793996,0.001597740074708347,-0.03561790668358618,-0.00017067035845914902,0.0010320239395077355,0.06946588731988346,-0.0008363880317748332,0.13408250297276514,0.006043291173026063,0.003818930898361869,0.0021598540553928527,0.018130674666106586,0.012246828244328406,0.027630153207595463,8.777563646676558e-05,0.0020346447234941,0.00024558985867266514,-0.011966464444042292,0.00021663235317330182,0.0017220307717913169,-0.00013540387874336549,0.007966843987233482,0.001485486333088953,-0.0018749729069081475,0.0036128138385134604,0.004562677560141187,-0.008322403285907056,0.3505040113821515,-0.006816445353742713,0.027998940254048657,-0.0031970088551276287,0.0038235092810307283,0.026050730406247925,-0.010653440143075506,0.0011141818579715052,-0.028333252536831173,-0.0012465220270052799,0.0022241203151534203,0.0007911698201133743,0.000846957807384344,0.0020669517708234984,-0.0001698434350239017,-0.0019582057939713494,0.001110783222057023,0.004853106190719139,0.0032218558682408026,0.0013439201046171328,0.01299869891926123,-0.01157753991979446,0.0005275414274046476,-0.001592865213642428,0.0001983685103099167,0.021188590847089718,-0.005499096553515512,0.003717875108118168,0.008300882343650255,0.008404432673007969,3.109441496640386e-05,-0.000443937758902005,-0.0016993870292590016,0.00029479445660635095,0.0071725282607592875,-0.001441096869095737,0.026765077827507283,0.037989515918505,0.25273602881646984,0.0007855681872195994,-0.005346600913718753,0.0063898815986675045,0.0005143064950299484,-0.0003884601430193227,2.8864887743841952e-05,-0.006314624696708543,-0.005575084707227376,3.826641993075197e-05,-0.03130878282470574,0.001501871749839847,0.00612848232765424,0.0015470544055941364,0.0427773098899927,0.0011862669737503287,0.007863133210249637,-0.0004223058732950348,-0.002647764049868504,-0.03421576483407189,-0.001243364742429514,0.0034472865632565602,0.004744607261072254,-0.0027206437804926306,0.005774311479444693,-0.019354266106736476,0.009018301024359406,0.0007980341866197348,-0.01352337151286966,0.052810830372992126,-0.0012073750020780184,-0.0002732308221419788,0.02807515848281059,0.009002811167895789,0.006451032215359427,0.0029535770870321477,0.0005517397179216925,-0.004833520985787559,0.012993102372452704,-0.03343020175029093,0.0009421838781648169,0.009573209246575077,-0.18353532048612828,0.011484860707133187,0.003602766582365307,1.189837768505019e-05,-0.03492658267632802,-0.0007960873103922267,-0.006383749248508043,-0.000522813305029398,6.561720827125833e-07,-0.022421998886847663,-0.01675877197830917,-0.0010329193386886901,-0.05679866558711352,0.028460631268447858,-0.014589569967009728,-0.004421501571016551,0.039525933475604194,0.01126169104674435,0.00019881893268088285,0.004151966368436585,0.22247712624161756,0.0028229888495339586,-0.008638552007119896,0.02737630034876628,0.006600696806612367,-0.0050305020264030465,0.004200340154603853,0.0004512632456818329,0.0009855848871698648,0.12732825102761863,-1.4215373846560085e-05,-0.02097886117493404,-0.0020034458764494317,0.021840375999152284,0.0001584855457993947,0.0014635726769043587,-0.0022049065591352663,-0.001572190128148848,-0.0009825802107222004,-0.02735659500571491,0.008967994080058403,0.01450041855683034,-0.015746729749295568,0.5438929759801531,-0.02845729347279444,0.0017393453343100898,-0.02126675459756009,0.006978177647614244,-0.01721407637480889,1.554843512422549e-05,0.0020271110383644764,0.0015380509133991983,0.10881412193907775,0.030048412021123412,0.013959158799554873,2.390792972012043e-05,-0.013263461340291039,0.031119947958528967,0.005656304564976539,-0.009770225698097712,0.0004987229293222893,0.0019125222267673755,-0.10446564761034535,-0.0006935132846740966,-0.001965669118990323,0.007566420035372848,0.025033240398894183,0.00026287783380153206,0.08333148674067471,-0.0011787420423229212,-0.005019692088432219,-0.0010389173607466785,0.004403207201922107,-0.02421793838629723,0.010221484950119115,-0.0013405395768235889,-0.007876755086542134,0.008805023588338921,0.011328050649688502,0.007761938019330463,-0.07142898324452134,-0.0001280589575050218,4.546417547278761e-05,0.09786382849419994,0.0010384177506781282,0.058856100124099274,-0.0006180604786436041,0.018692122691259895,0.011651121935824418,-0.00018575602544430858,0.011338187287678034,-0.0060801112678869245,0.026037198986094606,0.004981117385789553,-0.009640368748240674,0.0021880244832579105,-0.27474099606709546,0.0002365898711564167,0.015176706429924268,-0.0011845286083207933,0.01919985370506498,0.0009662459063829905,0.0068457595269857344,0.007021658702142754,8.668326482282268e-05,0.0024032607121112002,0.0010526060202002176,-0.002582552254573069,-0.007138790544780991,0.0034411566821934848,0.014513234455338782,0.007174704059827439,-0.01009571702211504,0.09914138876175113,0.003909515404355835,0.012418666675318907,0.0007170730396657693,0.020022914333738755,0.006352673133665227,0.0003223404109335276,0.0016086762479848161,0.01627045305011157,0.003557233661146333,0.008534467847871523,-0.00036829636556871825,0.00027183221888558984,-0.0069206300747343494,0.005923951246667441,-0.001971922230526141,-0.007692748818795442,-0.06618125353955616,-0.018032238049853905,0.0010090605487145052,0.006980040875481505,0.0021740850432567446,0.0063436654307806005,0.23717146247681736,-0.0015998631564314181,-0.018675905578985772,0.0030617775542903436,0.001251267574465607,-0.034093942013324934,-0.004324311752265067,-0.006845971216075533,0.0006297012705082621,-1.7659390633068645e-05,0.0017321711802728932,-0.011264922754247036,0.005919064726064261,0.027667930683869493,0.0015760844092655747,-0.2020072042481554,-0.002013087734075873,0.004856843996487642,0.050376022742752886,-0.010183892787550625,8.223861346125759e-05,0.005581848481209518,0.004564184082426378,0.03713450196058087,0.00024377566093754222,0.0028417017786456535,0.013479176292470403,0.019817476034855334,-0.012088269616919216,3.926785276561328e-05,8.651003301019498e-05,0.04517281137414418,-0.002419952138584705,-0.0038152234516743125,-0.0005394143951397683,-0.010851599421066189,0.0013533524643050236,0.0021440783050861766,0.0131550842130079
140,0.0008885180700905464,0.00020313986770055525,-0.0002673750161886232,1.4296987139684678e-05,-0.006663104143054025,0.001791275020758716,0.05638095623215067,-0.23576310485360136,0.0049645741667271315,-0.006150204222547556,0.00023070853282293816,0.0011995394928831639,0.00042193095003201925,0.03365787762335294,-0.006722420437454413,-0.0032034308343585685,0.0022194931711386964,-0.02224834726887375,0.007252327045693858,0.001948696296392147,-0.0896718392981685,-0.0009774675658652185,0.0007650905236430416,0.0075740656011850024,0.00011231237956387669,0.4096928543631599,0.0036559433401732416,0.00047144964229576397,0.004258046032723867,-0.004679062946365178,0.005521123922618318,-0.005352729485199617,0.0007856091116886163,0.0026506873878568357,-0.00017290302066262642,0.008980554964801312,0.0011682195506609247,-0.001705167847083702,7.931105699249957e-05,0.008357010494749764,0.0031973570881186405,0.0029046310376358232,0.009194592269792754,-6.977409447401009e-05,0.004654804725383096,-0.31777522422083065,0.0058960991545516026,0.0018472563735102872,-0.003061329930168348,-0.014990671580385992,-0.0031359684727944796,-0.030652225276023955,-0.0009513267967450143,0.0040296133598573675,-0.001344677304253656,-0.00015566880552880292,0.0003065969903923854,0.000565203374715008,0.006982659154827058,-0.000799329988681069,0.0030306875115532353,0.005660350811653188,0.005989493747861539,-0.0024869375406567024,-0.000789374791163075,-0.006036256052319273,-0.03852325554516302,0.0006933622412415145,-0.001825113805325814,-0.00013539696937038548,0.0013517594509055014,-0.0016389192616023465,-0.003277350422174076,-0.005595768223676005,0.011947572623137467,-2.7581422819833445e-06,-0.002755092715493986,0.0002145724147579603,0.0007693665154095489,0.007516096380619312,0.0001268853507380858,-0.00031219201765708346,0.04106025033578112,-0.0036053052170061045,0.00022294406805776427,0.00201961582742151,0.0001513853025470989,0.001980407052137572,-0.0009238607538275545,-0.0003927375228081481,-0.01658786046608946,-0.017636667244121655,0.0011836297640925725,0.02091405212026853,0.0003127420169620563,0.009107713742558803,-0.004857025630415492,0.05919317837559349,0.001140982462558067,-0.006111904146249146,0.0006932570189503735,0.0028868473578467953,-0.015309225018013226,-0.0011760632844500171,0.0021202650818764497,0.0006629102074231178,-0.010016776845755858,-0.0045034007753333785,-0.008168158397065667,0.030521988770049944,0.00013316570805464722,-0.007539743489835818,0.05180513688457426,0.00017518906266083753,0.0002574595604089569,0.041478894468677294,0.006185873012168107,-0.0005665872652920283,6.434508383692389e-06,0.0011633175077842024,0.0006261261112473319,4.702011605533393e-05,0.006677320528631265,0.0004312980658254476,0.004210468200802141,-0.020864493785881802,0.03194933531476009,0.005286328443966149,-0.0008658091282187433,0.05149894566102894,-0.0005457818217809015,0.0897553074081407,0.00023442971489731905,-0.007041177677206641,-0.006339483286854367,0.012778135828934552,0.0007235975595883751,0.007631531168212656,0.002954904732659528,-0.0010963327320795864,0.0028834891462390516,0.032177310876522855,-0.005735564868563775,0.00024028975293577577,0.00709886845792676,-0.014116450819739605,0.0012638803095935452,-0.001364363656207583,-0.004159884981776047,-0.006306999570828609,-0.0029125358316687295,0.0090741926005896,4.1176863884084466e-05,9.651769702510162e-05,0.08462897532208155,-0.00017711516492623178,-0.042951927523665674,0.0015791434412998897,-0.013553336131480045,-0.00020766767113456971,-0.0004242512580858557,0.0012039425249403828,-0.0008493165278770406,-0.0008464182027214766,0.010334040156515071,0.022830575548156047,0.012439074848661828,-0.03276113005097145,-0.07519830517141964,0.030542314866798696,0.0010551769095704603,-0.0032832609029446597,0.024174705271859095,-0.00304809401134995,0.0006611895873716578,0.0055159190836704414,-0.0008957751781100375,-0.09187319558116445,0.002652313379706073,0.02826960364930614,0.00033360317098991843,-0.03535867557319382,0.014301195403989508,0.01503838558732751,0.0036916847537393424,-0.001767756006659904,-0.0005328591555558903,0.03353458009788267,0.00016919012250064813,-0.0005073102838034707,5.220011097047117e-05,0.0566349353435834,0.0004736752873940736,-0.008595412121456918,-0.0020967965797555263,-0.0011899736327183122,0.0005172891280552415,-0.0008341134656561673,0.030824028678836355,0.003812182212489859,0.0007556411449428303,0.0017777794948870898,-0.00047720657001080417,0.005765009730172389,-0.0007584557434308706,-0.015245218242632894,0.0028520222319992766,-0.000173599504675305,-0.09156657663039722,0.0013007168469685755,0.17521352765488163,-0.000618519299656041,0.012317349610313751,0.006800537619720101,-0.0018805196766705388,-0.005598462416446471,-0.012972025683267718,0.006032896775298241,-0.00010688707191075508,0.001253851279855743,0.00796848376720476,0.00695771592760438,-0.0019496078253479678,0.012129263986447222,-0.0016638558945819384,0.05742474439874606,0.0007069596571211056,-0.002386458866120081,-0.009766173261326151,-0.010419768124920957,0.00020195387540878924,-0.008792949966023535,0.003651309400652329,-0.01834872914076619,0.0014279331097108005,0.03509272234224836,0.01571948913079139,0.0026581479312382736,-0.08579990344567671,-0.0035443994889739357,0.007826391314461379,-0.00010011324139694647,0.053237431119171535,0.018666957854166225,-5.383344030607251e-05,0.003062667369152695,-0.010122482032861247,0.0001168833082279123,-0.00034454692008404047,0.0011460496868870487,9.355582028651444e-05,-0.019200915857116693,-0.002495108555089419,-0.00022512675035105817,-0.010338963375398708,-0.12555003209744378,0.013825761748708178,-0.009086318920417934,-0.0017250083042570493,0.004600005919115788,0.006693772177728333,0.7160826891999085,-0.00044206627651143665,-0.002367031120321751,0.00012575216485942865,0.0008877275004146364,-0.02884311836471578,0.0020347873563717894,-0.0014618945299508255,-0.0008182104815298407,-0.0006534782371183264,0.00014870060957334458,-0.03866321561999855,0.0017444560091795975,0.024327502444875568,0.0008333708249139964,0.07722834260270299,-0.0008074351921928203,0.0015542580315024033,0.0008082658337465274,0.008712558877575365,0.0003426780569432339,0.019682491203664935,0.0009725028602454028,-0.03673643310183736,-6.249388215457058e-05,0.0020459173204987312,0.01003953278262572,0.014636424192643296,0.0033058944566583346,-0.0012304916497389087,-0.0010127093769603246,0.007652457530836508,0.005864560309458155,0.0015539755337813984,0.0009630660224568544,0.004994344536029005,0.0022365701102178906,0.001858005421193396,0.03498853309310747
141,-0.00013206928648130253,-9.285607385043759e-05,-4.5185690318778155e-05,-0.001444453621208484,-0.07286010822765455,-0.0008757300304449872,-0.01582583892072616,0.05046870284291376,-0.000528571180986954,0.002834424503691719,-0.00036191695303470573,-0.014196547473515767,-0.00031743429320790035,-0.003689715742467176,9.602274705901477e-05,0.001349083968470226,-0.000676256537084273,0.0010994017373547795,-0.0010432790425421406,-0.0010794900569957803,0.006917283718342347,0.0006587812262884253,-0.002656367026993566,-0.042499938525926484,-0.0005762635554244343,-0.04107254543160408,-0.0016723878700638404,-0.0004282049817116206,-0.0016712138794010324,0.004643638700834859,-0.003402471861859291,-0.004744935598093978,-0.00038811594127410734,0.0011282505892421268,-0.0005408572727887331,0.00025481782180374415,0.0005165245655243543,-0.002680363686362511,0.00011374591644837742,-0.0018250194925239199,-0.0004972625730200128,-0.0001257551138817137,-0.0002824545117231943,-0.0006843202509090149,0.0006752372151639895,0.03407150207081612,-0.0005007539895257231,0.00018223360180479454,0.0013322440595906798,0.0022777524307784043,0.0023810869927482423,0.0030880134623703995,-0.011043409735877498,-0.0037635158036983998,6.561079194868438e-05,-0.00038798584742344,-0.0002794917841645655,0.0002611476780043257,0.0002866365106819703,0.00020231080178934567,-0.006234295954408493,2.633877775600965e-05,-0.0017605519072439813,0.0007646749277365481,-0.0005607210391480356,0.000595654137348653,0.004627907345161544,-0.00020218016419082618,-0.0022269282650047486,-0.0001477384502968681,-0.0022380946505977115,0.0004837012205360897,5.8853336932912655e-05,-0.004023267454360531,-0.0026811197940006643,1.7387873638231854e-05,0.0003487260356552606,-0.0005015083334715675,-0.00023234776086201135,-0.0014687993589279332,-0.0015543052942873707,0.0031141704664119675,-0.009621540106790503,-0.12870588374360795,0.006555489025121106,0.004805293775627861,-0.00297428592315656,0.0173598201663017,-0.000592990035478735,0.0003542505538357641,0.0006462188866162262,0.0010299221658432154,-0.00012933983436921957,-0.001941910861692742,-4.173787831521182e-05,-0.010646629145921608,-0.01313604281477107,-0.002939453029498683,-0.000659706063548926,-0.00078742424572277,0.0026779013832521534,0.0002947314684996717,0.012873320220607989,-0.0006978057827929131,-0.0008263591562541598,0.0001920517975478142,-0.0019271039299467113,0.0005811557287557917,-0.003526444463050592,-0.0033166311692679725,-0.0001230188266524686,0.01648070096536398,-0.012413926683811614,9.880740167776247e-05,-0.00012711168874189605,-0.007984315178814797,0.00047812277383789956,-0.0021126590800562917,-0.00027832346678169795,0.00027821163635898585,-0.0008805044226114721,-0.0045579814387456214,-0.0028916582867061845,-0.0007854930300091188,-0.0018632100912777093,0.05995819680305798,-0.004329139245272821,-0.0009642531045392967,8.625078301904322e-05,0.005675662223912591,0.0003775082364559756,0.9514441010476057,-0.004435588739567184,-0.06799989273722057,0.0038539343469253173,-0.0029993121354095894,-0.00046492725255647743,-0.0034854765568905453,-0.041650942226075176,0.004799998777592006,-0.0005306040051116607,-0.00859717638015451,0.0020862537175727865,0.00010588737763031727,-0.0007889583374793392,0.0257757041139808,0.0002627355976771963,-0.0012660471069565402,-0.0013349772692632473,1.5655523815448318e-06,-0.00147047618725874,-0.001609692315968162,-0.0002534823269609225,-0.00014474254155727464,-0.12112934506901374,-1.3857970668828143e-05,0.006451592736583673,0.0017419409360503164,0.0008600605597347724,-7.60983172684148e-07,0.0014726170959958236,0.0009689070598899312,-0.0017675961338380912,0.007788086617539861,0.001791850547716594,-0.0012997922786349406,-0.003116475537908558,0.004193085350365526,0.07511541311861941,0.004956418462020332,-0.00023842886160891502,-0.01869588913819849,-0.003079495924789663,0.003134411999919432,0.006794807159705629,-0.0005291919973908816,-0.00020057291146175637,0.00875040425999906,-0.0001997565346497749,-0.004245192541113154,0.00014950111542617536,0.0009439466705590965,-0.019812289835109815,-0.0007232266333090966,0.0008136034526093796,4.461431559425917e-05,-0.00073161227045619,0.013902929719425347,-0.00039596834046436505,0.0001941632335457895,-0.002263743412612212,-0.018326298228815503,-0.00047641663179542404,-0.0024105024442283036,0.0013862937876184568,0.004706387991619515,0.00023217044870731107,0.00014813785700841671,-0.004920090862685034,-0.006204063306706765,-0.00042444461279380046,-0.000911245059259244,-0.0017975098254347942,-0.003210222582464204,0.0014512078728193501,-0.05071202717604939,-0.0007290255852050532,-0.00012250065987500468,0.009728843210333661,-0.00704234747098398,0.007073518892066149,0.00023079622761586855,-0.005288272040137746,0.012601895426301711,0.00023338622813490195,3.931454638556828e-05,0.002804105515103838,-0.03729086480424125,-0.000682792557886884,0.0013567454872826985,-0.0005054430036715281,-0.012959963747080297,-0.004199162448363953,-0.003864313810329795,-0.00017739907501335784,-0.006212433642463162,-0.0005355153754496234,-0.0022356557102106013,-0.001725583350129714,-0.10576932305959126,0.00019469391051437062,-0.08997441781352435,0.050361394600844794,0.011712208845960043,-0.0013171789876430604,-0.004617511841539585,-0.0020772292379444193,0.0012943053869862238,0.01276880366439614,0.0011216258653387737,0.002456588412295367,-0.00010296923344234945,-0.005366315853086698,-0.00257188396188598,-0.00023170811353329795,-0.0036353427778624057,0.0019464977610616635,-0.0010598707691448475,-0.01042010356270734,0.00025731687766189417,4.840029957669037e-05,-0.0012369373967575543,0.001588692621288635,-0.003843705518541906,0.0024281646894817573,0.015305835379587494,0.0035576183253665135,-0.014888110059282977,-0.0009792599110012088,0.00045983763978407234,-0.003150023785133336,-0.026572382175808075,0.0008118078759249171,-0.01053630206946672,0.0015001807364229001,-0.0011325834383948056,-0.014796081687267352,-0.0011552189846205374,-0.0006252165049974324,0.0008016489510666899,-0.0001936016321127898,0.004960296643979851,0.003337766962369801,-0.0009652042489131413,-0.007238817919969753,-0.0007875394717980697,-0.027289699606351296,0.000581483161590398,-0.0044430305136498325,-0.0065849997933303435,0.004244762656199224,-5.3588180281000444e-05,-0.0023424704894693072,0.02438557097955736,0.002408276216731219,-0.0001649660085703629,0.0006872818091521677,-0.002591545624232021,-0.0072775098229296425,0.0011157577580982836,-0.002623683531855917,-0.00022938863968681444,-0.017649507467084602,0.004114262385796413,-0.0009293239706221913,0.0001581293031458833,-0.005200307523988689,0.00010936176705085186,-0.0004220199450254568,-0.0032354625382053745
142,-3.5404999384755976e-05,0.00041758267622874303,-4.4778906856498624e-05,0.001981327947433103,-0.018200073849195638,0.0034252486717854147,0.060508238381330445,-0.1776976859539887,-0.0005662711502667177,-0.006928582864214402,0.0007883902496682708,-0.006290632869472582,0.0015699329472567193,-0.003289081997715235,0.0034193926558329533,-0.0029034849993998233,0.002530318758656311,0.0065944311878169464,0.007836625973753652,0.001800160139526296,0.019962377918201053,-0.0008727228390996598,-0.000692234773110162,0.14947366083482,0.0015695499160089748,-0.0637283245640174,0.0074437343326581576,0.002187799842355041,0.005773623276886557,-0.011325085241439577,0.004595984438301351,0.06477158473580671,0.0011572949314119564,0.0006760797811015281,7.192430269101213e-05,-0.007528974704921046,-0.0008521839963069981,-0.0011590672334809914,-0.0002328344528001727,0.009945507765157144,0.0007807377001301134,-0.0006498765992546877,-0.005462734759838459,0.0028009328142415734,-0.0012419435869867497,-0.1888919901217443,0.003515341747461942,0.008178009729992514,-0.001279431273332244,-0.004736133245424011,-0.0009064711174205514,0.008008674138203936,-0.00027915884612930535,0.017178152019658253,-9.187877685711693e-05,0.001697396405961258,0.0014327717431443093,-0.0005982806622345143,-0.004210680032245939,0.0005294518279455318,-0.0005046034421939758,-0.002348497617896058,0.006303891147927737,-9.458916914360931e-05,0.0021826063547898573,-0.004129025345567014,0.006122633810698962,0.0011939572026355167,0.006507015700957906,-0.0009273457634612669,0.014851223623859159,-0.0027018728249394914,-0.0006780287909991256,-0.0009087161522871852,0.004729462057565888,2.839653997493974e-05,0.0009923916420084083,0.0010221877548708914,-0.0005265275920320893,0.005421747838454818,0.0017495754570343405,-0.0039424525581664965,0.03325845251390853,0.44393623667026283,0.0023483785418429957,-0.012364059824591038,0.013650641271519447,0.003947785526443596,0.0009993524814212239,-0.0008033730285177398,0.00711816217090145,0.0033057114936728945,9.159467251915882e-06,0.010341118982773342,0.0004456795281245528,0.009177941614939513,-0.0009906500856328786,0.035588702414451424,0.0022371105646578123,-0.00311373477740418,0.0007188411566981592,0.000157719470709446,-0.05200808985512589,-0.0004827365451832294,0.0029337324825668403,0.0033401026044097178,-0.003220914214751282,-0.0009327483607516585,0.012517055962910192,-0.004105842158420657,-0.00044244053929259376,-0.05868643044002466,0.048790778104369645,0.00019111806608291051,5.986150008568947e-05,0.013150565603707892,0.004749854148773328,0.014834409532028716,0.0010052025968052061,0.00020237548399065558,0.0013225940895970753,0.013972945963904703,-0.0010085623157978373,0.0029547954153256195,0.008983287012115483,-0.32354540850151264,-0.0006669691794417344,0.003353940858883019,0.0004862270190061531,-0.00888566557513251,-0.0024417268857513273,0.20376588678206337,-0.0023991937027659956,-0.018011211518421364,-0.054465770572271824,0.01612445702193639,-0.0012483173494699795,-0.000782517609865755,0.10421649770560107,-0.014273737841395195,4.277576227517538e-06,0.034025330365050316,0.002679634459910298,-0.00018844506551631734,-0.0011869370015223516,-0.028435756755715053,-0.0010590458337439825,0.00241965005223041,0.01927979362776688,-0.0018472806980851066,0.00044089118858476077,0.002959700211393837,0.0009746640860579115,0.0007020660819210124,0.599102423900108,0.00029385993539316033,-0.002106781250595654,8.607216637996143e-05,-0.010772248826879084,0.000582295631388785,0.00020680799235418433,2.8451086822951907e-05,0.005382525041721729,0.00031944055847128727,-0.0064174665474429765,-0.0038578053701549186,0.013692890836549435,0.0006453834487708523,-0.11251822274914573,-0.00676623617052704,0.000879833459395598,0.014398697093723215,-0.0012023563669321575,-0.013042124940984248,0.0022915741066199275,-0.0010440824002452154,4.188039544432117e-05,-0.03866648647243718,0.01175069851196585,0.0020524322174306124,3.481717451569999e-07,0.009424762550718531,0.10309876695166623,-0.004337034977275822,-0.0046767542428159965,0.001620952902572716,0.0009688840404638759,-0.06115721722871996,0.00029579553050772776,0.00029901070591339257,0.011977178757824244,0.00011180089246810116,0.0004200933455162925,0.04116300787583143,0.0006093992820297399,-0.01877291712933796,0.0009567561642536823,0.0006482659097680621,0.026817406481108554,0.02461491145736126,-2.4381629408586417e-05,0.0017825587854886516,0.007149342102369428,0.01253683081600346,-0.0020408257626143805,0.15706022498563418,0.0026046873603189492,0.00020848098521935102,-0.049968386339573324,-0.00017131149723006257,-0.05341376555374727,-0.0003847268170514839,0.017814210595738896,-0.03843206616238107,0.0008440155898396737,-0.0007886821793449363,0.003699235163748922,0.06758656858221865,0.003914840336893857,-0.0051784651269952305,-0.0032243733248916214,-0.014282895505227504,-0.000256848084385676,0.009903310254689938,0.0019450995059061254,-0.012492639130821593,0.002134041737219981,0.006780829547938471,-0.006600672647617914,-0.023023273103893085,0.00023631444434162683,-0.02103111392747499,0.003034751522900547,-0.03013689180369094,0.002485270251199132,0.002364840680593146,-0.0008073345045639231,-0.0022210927520373205,-0.05589602693018042,-0.005235900129189762,0.0175298876646081,0.0006391224270138468,-0.005566629965458268,-0.0020902038011293505,7.46715059438477e-05,0.003359638065630871,-0.015723817170266222,0.0036728793256070513,0.0127145096595798,-0.00040091777509586833,3.242796139964199e-05,0.005533097959396892,-0.0033745018562810554,-6.03697517345507e-05,-0.0013586124299784473,-0.011533785638480391,0.010394755604287799,-0.002074699408571584,0.005770657555446227,0.0011485523446816352,0.014508150703169295,-0.255770390028217,-0.00047060632016864175,0.0005070899612436095,0.0015085645772520521,0.004578062876570206,-0.05309943037127687,0.003283681023338852,0.001069634098510938,-0.0005053386531395727,0.0007452314245971971,0.004426555599617206,0.008965141304319687,0.0032687534512304784,0.02948617725925966,0.002810880511153021,0.07185873644100203,-0.0012551070020867736,0.010051939184372492,0.03965279847103286,-0.018207908017253895,0.00023336050567772208,-0.0020570721380922456,0.00438582693174884,-0.02366750342572169,0.0016948842232787295,0.0016852937389279692,0.017995421621137472,0.030864340426211393,-0.002403527861718168,-0.00017674308761321533,0.00023264106284896433,0.0946530902568291,0.006419244054721107,-0.0008506688416523005,-0.0014054748882748281,0.017343570533591104,-0.001041910017979375,0.0014527017999702765,-0.005421965176133315
143,0.00045211533058975994,-0.0005413298901938944,-0.0007210468413160835,-0.0052149857694639,-0.0006767838351149939,-0.0011786954583413237,0.03180914108129287,0.26098077777385553,-0.00023943199646535296,0.006989450006048807,0.0007133575269041917,-0.0027713089739058766,0.0009028289442272906,0.006000317343325456,-0.0009869267985334607,0.0047475510210777845,0.0007199425471430577,-0.004755013740264491,0.00616432508110161,0.0009294232250005377,-0.008667641650776572,-8.747173663713886e-05,0.0005502009902829223,0.09285299524818826,0.0010725707578083284,0.03268169182690951,0.0020488614812164923,-0.00263529310056497,-0.005642371115898017,0.007970248997851231,-0.008630327080183083,0.015825863151499933,-0.0007763638192773131,0.0001529184052901384,0.0005217370690623509,0.004965237016905927,-0.0001606468453229544,0.0003071851987576546,-0.0003947877171614307,0.005436188580519729,0.0017411005800631193,-0.004049572568915238,0.003676816922439247,0.001379950189724615,9.446645386812329e-06,0.31733972391951004,-0.0030553084865104583,0.00328734547772352,-0.0019349849985863055,-0.012901313026277662,-0.010274182173717755,0.0016027977621196222,0.0010578339150557857,-0.014056065817992557,-0.0006219999866150447,-0.001188037070847317,0.00092230308539646,0.0016820098720321957,0.0023203373264627063,0.0004922603774851209,0.0014453576961265078,0.0009003541528232897,-0.0037254850584829678,0.0019531441647530137,0.0013851032609405178,0.002419715770971426,-0.0005673131532050481,0.0007077460111619893,-0.005009874455443421,0.0009301853038689648,0.008451197107498006,-0.004022290878760437,0.0017560513643923113,0.002927284554830653,0.0006229596950390447,0.00015105290539466076,0.0004743861775415878,0.0014276780533116484,0.0005930410093755766,0.004365877337923701,0.001805483041872356,-0.007132386445023679,0.02114041831536697,-0.5840738303855859,0.000569248951013355,0.01272131036351772,0.011781141445003446,0.0003734443913932005,0.0012858360575365578,-0.000248897958879675,-0.00331402834659789,-0.005191954636919958,0.0006988231065896827,-0.008889619817127596,-0.0001328953602338497,0.005807372177644303,0.0002981662262393457,0.003604541712582402,-0.0010388356973168034,0.0035933080740017686,0.001967957441370247,-0.004586746873183351,0.05116318409430689,-0.0005948039373220755,0.0013960163025216708,-0.0009332143139583332,-0.0109234165443667,0.003932467721152098,-0.01231696592679012,0.0017762297892829134,0.00019669754688970888,-0.043454278393033306,0.028555260856395183,0.0003555694852591419,0.0002589284601462183,0.015253733920846313,0.0069682671714946095,0.005303189752208366,-0.0007598691618791583,-0.0005019322231497249,-0.003633786291988091,-0.013518146788292277,0.008425878559019523,0.001987647398541019,0.003543553414063271,-0.2206954936026938,-0.0022806288833926,0.0019910619881848748,-8.830757826991907e-05,-0.013901188805000514,0.0049936174764868444,0.004645043130186512,-0.0022249738018209524,-0.0035871454692485913,0.0315923341479261,-0.008333469300656066,-0.00025785886758592424,0.024597754861472365,0.04345410269476807,0.01803161815061377,-0.0018512684050521408,0.005151421538902506,-0.0016942296037535144,0.00042377378120568706,0.00016828411313055992,-0.15666739101355634,-5.328400165998672e-06,-0.0028921171229864687,-0.007052891406018873,0.00831098070210994,0.0027212668679724447,0.0009439736228742624,-4.1972606613750046e-05,0.0008516604163854441,0.47441385010750803,0.0003599695511345136,-0.0034838127020041677,-0.0009068537085290824,0.017957473823810455,-0.000255714058575782,0.001409935467624913,-0.006350739397120232,0.00206502367509795,-0.0008439180724035815,0.006940037074785855,0.0005624715854060753,0.00691973158313426,-0.0030213583952900074,-0.2751855251605429,-0.022168374681881677,0.0004986302820849369,0.009767289488003698,0.0017975107761845014,0.02160141700408532,0.0005056912597871249,0.0001273065056003746,0.0016027213521333157,0.07310038132060545,-0.01247972290603472,0.003671760010326509,3.473523898822953e-05,-0.005125875181483589,0.0496752362921332,-0.001651535729003352,0.00682360612042332,0.00229183111753924,-8.193136566508798e-05,0.06254497782287098,-0.00028972973809637814,0.00048156069156086003,0.004194601704719143,-0.010274096900278785,0.0007505257075635235,0.01303244287079475,-0.0005379096727965108,-0.013382118094949214,0.0008021895336376666,0.00019592180482894356,-0.04146404330846344,-0.021331217705966802,0.0033793988304528476,0.0014916429661299621,0.005004078876992293,0.004964940754772046,-0.004462913505927954,-0.13270843796691764,-0.0002492472264934032,0.0004093169139164892,0.0797344835389756,0.002741052487206153,0.02272143665842136,-0.0003400732759612224,-0.010908658380929718,0.03177277213533119,-0.0005669111464793528,0.0017527808031547192,-0.0014418346661891793,0.04448175637600301,-0.00045658413264138,0.007298449802750231,0.0015097540894549073,0.11478139329511745,-0.00014914549988459883,0.0060907492393291384,0.0005049591330949082,0.006593175601211616,0.0009679522314603208,-0.006181091494022294,0.007233045319917853,-0.0016376907614148004,-0.0008109901053726548,-0.0004189056329080461,-0.003405716185439663,-0.015296754255998178,0.0008118859150329748,0.007122491958948469,-0.00027485389349028765,0.005695047733281023,0.08108855471660713,0.005174507107582797,0.01569073492148745,-0.00020987761746138825,0.0006085654902366283,0.0008440534750003986,-0.0002762392241203518,0.004791183873039137,-0.02034141764151299,-0.002692652021516728,0.007954250668950955,-0.0003936160121508032,9.988544563858948e-05,-0.002178693425787624,-0.0025335684008143482,0.000883298902353627,0.006616336698932503,-0.008337729442210102,-0.028961013130064165,0.0015023566537706204,0.004874058883502756,-0.000613299727545126,0.006010999626621501,0.10748387267545984,0.0007284243888964681,0.00635935673429803,-0.0009603738435843105,0.0029876218750598395,-0.0341646854869473,-0.003747528812797163,0.0014622548967947074,0.00015441335254374813,7.216412351287677e-05,0.0008652241854743038,-0.0037671001554210022,0.001125671954676233,0.018010583372693185,0.001983631063681421,0.0822227009807585,0.0016316560272669825,0.001789350756818354,0.018428488501412457,-0.009897818822545291,0.00015927395513088837,0.0005232305518675737,-0.001383416496677817,0.04418409416105087,0.001233213657366171,0.0001639322929775991,-0.0012080590291310605,0.018022251512982188,-0.00405709510636634,-0.0008791916822254641,0.0004898417331930839,0.05948327277947721,-0.005941518076932627,0.0023940979228085028,-0.0002302842773968198,0.008017457280268354,0.0003460686606149999,0.0006988649435665227,0.0026100686595624143
144,-0.00025386159927509556,-0.0002278293831219965,-0.0011329952003923613,-0.001517958130398975,-5.780865558389697e-05,0.0067144021909707466,0.24149485697873752,0.02184808367496896,0.008405897024407598,-0.00515179354920094,-0.00027854797817397636,-0.0017473211196611716,0.001756355804209689,0.055998595187156684,0.00100443616078328,0.0002235855266044251,0.008266049741488538,0.010681531817204782,0.003261383275951135,0.005786240405448263,-0.01655226742634089,-0.0009354080931765346,0.000864287879357625,-0.021823305113218738,0.001507198613227687,0.6080741332633136,0.02014731923411699,0.00014892286867683804,0.006091057259992216,0.0004883403009402418,-0.0003952554115373916,0.01907776142454276,-0.0003902817948117192,0.00024388489486106696,-0.0002807422457585043,-0.004990147936155702,-0.0001245848263904531,-0.002007615012838161,2.3040184279208425e-05,0.034557140102466806,0.0014409468087294023,-0.0011411539636814612,0.01579327076214789,0.006661609070636184,0.0010731218597589296,-0.003014330232266847,-0.000955735077478603,-0.004878440710836886,0.0037896737753347768,0.003370844999743534,-0.0013185344687424994,-0.023389568218703832,-0.0003255171677974244,-0.003071185598533987,-0.0002008807086346879,0.0014058623726233462,0.00026849340288775947,0.004765157167024665,-0.004268444417739406,0.0006351776222445153,-0.00017984988768890778,0.002852145086286708,0.013855444863818303,-0.00042258304747114055,0.001133513228440866,0.00167707613754196,-0.04277198284155622,0.0028621288089136455,0.0032534700778371044,0.000946796289658644,-0.006485950123201998,-0.0025398112188818947,0.0039029257575469516,-0.0009048439606904306,0.0239190284141833,0.00011510720625644566,0.002278674525441284,-0.001150454209039073,-0.00046157750186502644,0.028897011295617746,-0.001708033012940694,0.0025008086919209253,0.16034359378893753,-0.09234760267250035,-0.0007181259881250011,3.3099285345089546e-05,0.014958052989977516,-0.0003823637853238304,-0.0008529190753108276,-0.00016858457040280772,-0.007631041999171131,-0.004882244748026987,-0.000559740935708132,0.0018106287968734855,0.0034258728632586104,-0.008504758572201624,-0.0044638692702593154,-0.09099177144712342,-0.0005817001863740734,-0.001407455454519588,-0.0009830857412164995,0.0010739721416329548,0.031520128089515924,0.0003175909559768181,0.007255787101748169,0.004070765096790649,0.00723839935580569,0.001833127258173384,0.0076302912512216416,0.04733250225714125,-0.0003510542579857612,0.0043017137525143655,0.20647257795508692,0.0012462984689802208,-9.12269179443731e-05,0.10176114856551421,-0.00224988453424741,-0.0034677078487746786,0.0003724436782670468,0.0012440515976143403,-0.0050657379430050055,0.009980532824373216,-0.011988315141979542,-0.000617118737346046,0.01590982066149236,0.020686715552802343,0.0473000758176177,0.017662061638389633,1.3454262156167851e-05,-0.007687229181293881,9.42008290133827e-05,0.0003630136844825849,-0.0012749480468427308,-0.0023920555860551564,0.008612722447112949,-0.0014476842112453557,4.515983259264361e-05,0.005358311831656831,-0.02849584161114427,0.005806352025281347,-0.0011647659619031525,0.11990796696745036,0.0006648911676075184,-0.0003187574450746243,0.005272696233983537,0.15185914615137758,0.0016954931765970364,-0.0046888052020533635,0.05795802747740121,0.002330165455648088,-0.002011392779135826,0.021726222178751285,0.002962372884634806,0.0027785764970323637,-0.09335704162527732,0.001515123705653672,-0.0641728590665243,-0.0010565154204999357,-0.0005830036551577071,-8.899098805381297e-05,0.0007770716116191016,-0.004787309628385789,0.00025181797078764904,0.0019213220371217333,-0.007429565531660774,0.003749237261933409,0.05843872212893353,-0.01627283326390324,-0.05965827014863107,-0.003120406871264858,0.0021876655588261226,-0.006476555467463174,0.032428807758821114,0.0002517235873475514,-0.0002955447123325211,0.006611387281866651,0.0009382828063696867,0.04142479582460919,-0.018397766581836894,0.04694017674229349,-0.0002698808451821466,0.007997316905593953,-0.02510069681349905,0.009362152656917583,0.0017043156559622546,-0.002646517482364906,0.0027243372600756557,-0.010120447710361823,-0.0012016817530784152,-0.0024705553805185244,-0.00254677192468381,0.09527626524478504,-0.00012089333715878392,-0.005210296191787631,0.0018242521926784237,0.0034355582659667608,0.0009445090641585522,0.00124401699291908,-0.01607799484477238,0.01103859347512296,0.0003160949327173507,-0.0015015061705813126,-0.0010253835986163524,0.02410909011753446,0.001027491632357531,0.006378928158175203,-4.88393479048041e-05,-0.0009129831283085123,0.010909791375307521,0.006748702266041606,0.2506597787647247,0.0006457168086026789,0.0364325629685832,0.004643327629020185,0.00329344702351473,0.0011309766553012056,0.007392697180070196,-0.014987699443808247,-1.28390870300088e-05,0.0003989440615073396,-0.002383645496366089,0.02479058673742485,0.00019866846492450942,0.046121561520670845,-0.01127679762708084,0.047181276677573825,0.0036758370506634963,0.0017400573120643125,-0.0015843759168323287,0.0007462573865731417,-0.0004772668789728647,0.00023418630691320259,0.0022008346294448075,0.013198738137599947,0.009006909568122525,0.05045040340401482,0.016487767890850224,-0.004857467006871917,0.004680543187635535,0.00016129637051836947,-0.008058387947538343,7.6235527222169586e-06,0.04298984875037374,0.01721619249025074,0.00023507437244990603,-0.002496384561288676,-0.005826396947100065,0.006596882796170519,-0.0018514465730091719,0.00048310053039831704,0.00034836722645248397,-0.0036081652768860705,0.0012147703335411144,0.0013870394385984142,-9.89986945175627e-05,-0.14979558658416187,-0.0007902954588645678,0.001721504473283537,0.0019143231701939638,0.011368441810016602,0.01595322860822486,-0.509808170974847,-0.0002527999823341842,0.01423972441128053,0.0018781974217822923,0.0005713887928178568,0.024755938204157953,0.0016744210445865104,0.000258445290781199,-0.0001343862812479583,0.0006312297184712949,0.0002462331489822365,-0.041738362223610034,0.009529395547379811,0.10280457873631357,0.0011423184561281732,0.019626274527703862,-0.0007175136440325039,-0.005760912807733411,-0.008027743291923822,0.0029557977297999536,-0.0007730368862224751,0.018799455773961565,-0.0009532595365232925,0.002218391345330307,0.0007113507036259026,0.0052276949129482315,0.03937788285792771,0.05378863987762304,-0.0015616786408870313,0.0018259143042083023,-7.957219432212087e-05,-0.01963896372674176,-0.005665426973655269,-0.0005316320508717345,0.0004795174233588814,-0.0021145163146168364,-0.0005753509208994562,-5.819905351460951e-05,0.04319834584094159
145,-4.7037156067828695e-05,-0.0002142908094359369,6.247177143356173e-05,7.566065016098393e-05,-0.0005893769066170531,0.00030394860464278415,0.0009489917440847321,0.002313655587327574,-0.0002266012360140539,-0.00019114138067479781,0.0006042641085949772,5.8650550416760255e-05,0.00011787865536343482,-0.000556947433223822,0.000834964894477987,-0.006151351411530112,-0.00042771614771186517,-2.4918679330270064e-05,-0.43516725204804263,-6.0302233989587234e-05,0.0029925117721911216,0.0003602784001338383,0.00026130770820705605,0.009168781148880173,0.00028786464053000976,-0.011627972435614435,0.0004433995149411161,-0.000531583420708589,-0.00021883049926316178,-0.0030560143833387983,-0.0001193331143000036,0.0077175070395085555,-0.00017871243983565805,-0.00025414387908689667,-0.0005770878785503197,-0.003812909695751999,7.892500864560906e-05,-0.007181409804196452,-0.0005850314514759883,-9.654542421960212e-05,0.0006441919141443377,-0.0008259923462047136,0.0018748015459596028,0.0002716807010906923,0.000535830041230756,-0.012793404466149655,-0.0003138208393973184,-0.0035360422634858196,0.0006313125050503915,0.0060920825108189665,-0.00041365300198547075,0.0007024287880301482,-0.0006329721275104821,0.0014566654646526195,-1.7857182377706282e-05,0.00019838426424920175,5.8798401130724653e-05,-0.0002927958591894468,-1.634759401017904e-05,-0.0001334701636091784,-0.0003140266879498406,2.6708829703665e-07,0.0002207918621448808,0.006362409206209999,-0.0002683413259059325,-0.0015219036482292001,0.0018949628439910073,0.0001319765712501945,0.0006091007034936936,-0.00010249223716812805,0.0010189886493191594,0.00031295157293990267,-0.00015829574906814727,-0.0005799453756358283,-0.0008909881211591217,9.791018744035283e-05,0.00032778726526032365,-0.00074998766841778,-0.0002526035241391259,-0.00036725098777103744,0.0002471076655819631,-0.0011757867431487542,-0.006976414656792804,-0.016741143140905607,0.00014809752295934838,0.0006409665227778091,0.0006894553682919181,0.00034850911619253855,-0.000472540744444876,0.00028305202790540607,0.00033466960723503987,-0.0007166099284810871,-0.00016836612457526295,-0.002121113188405098,0.0004505535185586086,0.0001331748338497733,0.00013903657108289553,0.00922074473794488,0.00016625806040755642,-0.0002078539444156354,-0.000248731828468976,0.00031845970775319296,0.008791333476386205,-3.67964740454179e-06,-4.184097306968171e-05,-0.000444646675671654,-0.00021917890169044843,0.015202453142969984,0.0044430911158330425,-0.0012079673524659036,4.257442619453461e-05,-0.0007838833093326922,-0.0014483661416398296,-0.00028243029532400155,-0.0003202641357132281,0.0006955627763083599,0.0020922242525601214,1.0467444665936566e-05,-8.301110683045856e-05,-8.323380098571856e-05,0.0013703195962736807,0.00020501180901738147,-0.010061582917253427,8.039732483703689e-05,0.0007350685872972822,-0.019224146043563557,-0.0014665487764726876,-0.0009641922498129027,-0.00021662929169787015,0.005041121850852145,0.0006978173567403568,0.0021112353178970736,-0.00031329494360219333,0.0001798381830611464,-0.005127467476312272,-0.0027760200136625933,0.00046594689136963616,0.002406869891358531,0.0029508896773686203,0.0011217236420750648,0.0003591521557638165,-8.557205890367438e-06,-0.00044785291566831477,1.974994795314139e-05,-0.00027509635117493837,0.12275476702093369,0.0034525470623076814,-0.0024731231285991086,0.015468486326860948,-0.0016098806479840034,-0.0005874607357539306,-0.00012472928062528393,-4.097603731313768e-05,7.214150396228419e-06,0.011787758099466432,2.403585982126079e-05,0.00038956724964002085,0.0012134053388194897,-0.005730856786536318,-0.0004925402022515407,2.169927747005737e-06,-0.0036963270641977453,0.0003176390372463193,0.00030297968819488074,0.0010320405734772602,-0.00039895784108031403,-0.0009303112495850805,0.00041798429371988147,-0.06836983424213026,0.0005306516757267784,9.893815825789964e-05,-0.0068756306846983525,-0.0004016243159027567,0.0012337680458573558,6.031716134138887e-05,-0.00014248795349033482,-0.005962090202935174,-0.0020329838850975473,-0.009000984113477658,-0.0011311653342214855,0.00010492457811354938,0.0002566454373119087,0.002813033836964695,-5.609470038022042e-05,0.0018613603841573824,0.00018070669916337573,4.30402100727405e-05,-0.02108748462342832,5.657368370123178e-05,-8.460860278328977e-05,0.0008518812881450222,0.002038834018530787,-6.730370758581405e-05,0.013847726956783551,-0.0002358872821236549,-0.000800623441455442,-0.00020951652644981373,0.004082477296927206,0.0026114510737252814,-3.937499161402679e-05,0.001120553785820315,-0.0013333544223954885,0.0029800304937151736,-7.682730316459219e-05,0.0006314547011072541,0.0034042345319858563,0.0007043196385407222,-0.000694671720708917,0.007117640616841498,-2.0931479894725703e-05,-0.00848469168630971,-0.0006045643087460931,0.0013976746573059755,-0.0006150617863903323,-0.00011945853323094141,-0.00034323756408612913,0.0006947682346805858,-0.0004809264496115984,-4.803292148482241e-05,-0.0007091335374359957,-0.00047942540851323226,0.021635050871530104,-2.4409743503281053e-05,-0.00046493810603903674,0.0013522110150806688,-0.0008072174266040169,7.61983365791699e-05,-0.0011535703167508842,-0.003575573411744043,-7.877321767775253e-05,8.571874192812786e-05,-0.0005009407636100052,-0.00012404779602221642,0.0002613048793986845,-0.00015874516311620139,-0.0011421178787891003,-2.2012584349134258e-05,-0.0016890418333481635,-0.0044464159101064386,-0.0015149724815941368,0.0016502761911154611,-8.879275785098853e-05,-0.001882919357341732,-0.00039979638651263516,0.0002554045854817992,-0.00043326639049140784,0.8790179987613733,0.000620090532288295,0.001536373941031839,-0.0002812729770406662,-4.7200000664594094e-05,-0.00013029047904167257,0.11550334844499208,-5.826281381059173e-05,-0.0009527518062556195,-1.1023125700575578e-05,-0.0020912448885181956,-0.0023371486019426115,-0.0003510945285868927,-0.0007593010176282153,-0.0008792436041429597,0.012883694978633922,0.00027171723409466064,-3.698844619779221e-05,-0.00025630230044557226,4.9753114840124426e-05,-0.0009912666029170997,-0.00023791410364077184,-0.0007270838612823132,-0.000436057595276225,0.0001762085006409424,0.0006009080763779954,-3.5886579747906964e-05,0.00010803190104373769,-0.004888666236678883,-2.730882906808521e-05,0.02462375247619258,-0.00019039461149112855,-0.0025341233837307946,-0.0015247991482937456,0.00048650186804675803,-1.8453005134477785e-06,-0.001667505487862536,-0.0009521094205067848,-0.0015012548868533876,5.43471892811899e-05,-0.0009570969104424521,-0.001659023764495913,-0.00023865803107028793,-0.0002100394855649411,7.571117902185898e-05,0.0006104805814578992,0.007747790512507135,-0.0026455385764115134,-0.00021393553688568278,-0.00023029669879137,0.0019403458864039932,-0.0001181313577523109,7.849248419365858e-05,-0.00021703381550211337
146,-0.00035023754975378014,-2.5763245626402725e-05,-0.0006835093209918151,-0.010492696068388655,0.0005689903539465619,0.003922633580342847,0.11571325718336908,0.43182307738345427,-0.0027617254251869755,0.002414939332906164,-0.00034095362508023384,0.0010612804752719715,0.0013969585315860454,-0.005350683148749742,0.0009908717261042713,-0.00018308275212614716,0.00274134813206171,-0.0002658562050416591,0.05549153555023263,0.0018784138320103172,-0.0001816950252879106,0.0018219716672776363,0.0014150824148510648,-0.0014100718424003879,0.0014782188132733722,-0.2304266915236227,0.010580546217968586,-0.0016270158234193057,0.0004143901221447914,0.00224939118603645,0.0030530461662276083,0.005153564102921584,-0.000758081018808858,-0.0010792545170958887,-0.00037114882688404904,-0.012724223345425587,-0.0003720468013306104,-0.0017110237696746377,-0.00021579927423816606,0.02153303694545952,-0.0019865764550123493,-0.0034945700276634017,0.0013436606116188883,0.004953448489520115,-0.004392882642513328,-0.29413972723361387,0.006136945792966211,-0.009587165067942771,-0.0010523479792999312,0.01920319354323993,-0.00041380601504559245,0.009452666802176444,-0.00026489859261446917,0.009031618608511267,-0.0003385564804125607,0.002429092409433873,0.0001675699638598975,0.0025153366112253554,-0.00026915345038634134,-0.0006556931166629282,0.0006215593504956512,-0.0012516008240499206,0.003256188671231183,-0.0007310997601451034,-0.002134873065634535,-0.003920415817584951,0.017705710294690886,0.0020881276415060834,0.0032846026624210314,-0.0006398709170466893,-0.012211174216147518,-0.005491709041673152,-0.0006347698937507441,-0.0039883704885928335,4.790761005611134e-05,-7.031302174440035e-05,-0.0004124271228538867,-0.0034742387222626535,0.0006360417659468489,0.01304719172112212,0.0010842831266702742,-0.0035971242862330825,0.07051167458930471,-0.014742206690191334,0.00037305498778085434,0.006435669228457175,0.006935571638643778,9.556673189033138e-06,-0.0018538176999617906,-0.00011568946429896254,0.0012356065141262984,0.002299992218697065,-0.0014390221091215016,-0.013258115493425463,0.004740090242947846,-0.003558816453522006,0.0014383040969489958,0.13862997466082186,0.001097177509189376,-0.0037926684977672358,0.0018077974942760922,-0.0005157130314078339,0.0017657785930615538,0.0002653833302564745,0.0037108670894444758,0.003826632303490691,-0.006482374055058785,-0.0041241797451576825,0.005767558700581824,-0.015409151429132618,7.148856436564946e-05,0.004381634473445141,0.09612632136820404,0.000399754744920551,-3.682558124634694e-05,0.031018112212859827,0.008841184853719968,-0.0030576128391503555,-7.232612181666794e-05,-2.2050652152328905e-05,-0.004156739559566473,0.013715576507094878,-0.05027030921177563,0.0003991790346361359,0.011841045083303445,-0.045235801335678574,-0.01139506102050415,0.005992081837107132,-3.3370653486717444e-06,-0.009684097744873242,0.002252832853615515,-0.011727809569626022,-0.0005355919104018773,0.00022023447141173227,0.015016122442917702,-0.014003005899429911,-0.0005896689009496497,-0.0012239441092279368,-0.001415428926796282,0.0007635265038053729,0.0052120502048431105,0.05761020001525337,-0.002835633905250602,0.0005534635041068883,-0.0008090942472615738,0.678669827946284,0.008757333951366783,-0.007341024687123707,0.06423386556546976,-0.002308474494740481,-0.002526922046052252,0.00344900643068281,0.0009698695620295218,0.00228364370016584,-0.049953008749328544,0.0008846756807189627,0.0009905515878121107,0.0009529457820254524,-0.01860496382476717,0.0003619693131105481,0.002670569146103418,0.000765115610647906,0.000281634710693372,6.796286659693437e-05,-0.016437313211743087,-0.002683076842036714,0.027254220511561365,-0.0007379017735542493,-0.2778571574567148,0.011474201384975916,0.0018058943796564232,-0.04310284815009502,-0.010980452043429607,-0.004344821367235307,0.00024303503469193244,-0.003023668861570136,-0.0007366469332652897,-0.02662190376314994,-0.028026843523859986,0.00023511483647011,-0.00012201736322366846,-0.0005622136438679301,-0.006369729628093817,0.0020683381281142114,-0.006666291046612052,0.001551230814020154,0.001435428421557277,-0.060926913108098786,-0.0017150173750771422,-0.003171990533442883,0.0006327654439033589,-0.030690567123661572,-0.0004222927829131973,-0.028692474118634754,-0.0005731123909074876,0.002289338600678939,0.0017312023446778076,0.0007043699692218064,-0.008843142843092105,0.012502237864136744,0.0003600702718472501,-0.007761419358640109,-0.0023194855429656686,0.013049299887655713,0.0017228702379760042,-0.012158764174943845,0.0010975557631148977,-0.001072300393232533,-0.05539201239815534,-0.0024432684033234304,-0.06080109088349188,0.0002932822508341232,0.01611627842834732,0.00520605375866057,-0.0005222315166796554,-0.00010315089910058282,-0.0008219807307276426,-0.006836842913156391,0.00037161799343501944,-0.006595729917957382,0.0031847265337241523,0.054241043029415535,-0.0005947359775293616,0.011090186642012192,0.004642245313635671,-0.01837125129120231,0.0022651154073207603,0.0024145906585400696,-0.0054553024653408895,0.0011552371051624525,-0.000983915181175424,0.000729900789052506,-0.0005214507341686006,0.006034306738865559,0.0041920222418478995,-0.007242380854472461,-0.001023372883925372,-0.012774647340478236,-0.029151539494767335,1.779647302701387e-05,0.00014105784845037245,-2.6497228154579973e-05,-0.013687436733124232,-0.0072106752023285295,0.00045230195235414217,-0.0021086192950597552,-0.10740970906482311,0.006049440178342538,0.0032459741962887986,0.0005473764590143877,-4.3674121806246136e-05,0.0022683007666774724,-0.013126346879569772,-0.00027678396792846227,-0.001298171704867708,0.00967452815603497,-0.006815055572532258,-0.0034989441965519487,-0.005580062389257619,-0.0009750816257800693,0.006057208368646878,0.09392627729948254,0.0015032904620571677,0.0024238239609445655,-0.0009474026903715735,0.002408227465930216,0.003975532314378009,-0.006759541088489897,-0.005678901674945771,-6.45558456174053e-05,0.001522139022785604,0.0017851014119246386,0.01377312107590829,0.004574819975235241,0.0458207988967439,-0.00012611345053501616,0.12923627851072997,-0.0016000559650821491,-0.002536903604078342,-0.012239306811512602,0.01018668606394177,-0.0005951833654952703,-0.006050720797776174,-0.005742903429625054,-0.03136069888604737,0.0014774541856232828,-0.0006153979725667218,0.013179046247023894,0.020464413598463307,-0.00548358201323264,-0.00026891100158453474,-2.1047171998272995e-05,-0.008378068310055147,-0.02087473297535443,-0.0009637974463189581,-0.0032031771651997096,0.004567877645840091,-5.487894727579413e-05,1.7167266788613127e-06,-0.015362959062900394
147,0.0005796499100282559,4.676587652505115e-06,0.000854522272364901,-0.009488158619169827,-0.0022394515263866118,0.005526917311985792,-0.040871637109598485,-0.5017899143907637,-4.9078376831226955e-05,-0.005088944100459503,-0.0005378442355592605,-1.5181012300911336e-05,-0.0002935304023628212,-0.0019852230272197208,-0.001788910134181542,0.008115109920522855,-0.0019007631396541526,-0.0008413516792119824,0.022350573339956086,-0.0013562440106713453,-0.005559216026967899,-0.0004233044967537,-0.0009130645530976596,-0.008226732735790533,0.0005268260981481504,0.014389459192285778,-0.003544430131322133,0.0007700404940751832,0.00013051282432131883,-0.0061900041337581355,0.002318287643491193,-0.00737739803397075,0.0001566726562803704,0.0025151491641147664,-8.652534829799857e-05,-0.016420138708878616,-3.8182196263591636e-05,0.003013401534976017,-0.00027146780386320263,-0.0030161531989661523,-0.0039020529073133386,0.0054699122158186385,0.002137147103564727,-0.0007833860529256782,0.0062073977376196215,0.4255271799491783,-0.017497383169355764,-0.006934106615672222,3.55349247091023e-05,0.0032503164075165887,0.0010784608834805975,0.0030781632656014806,0.00038511217848174496,-0.008045600464078423,0.0009860997770328728,0.00018411053568646168,-0.0003046346328426791,-0.002259285048034432,0.0010072829784159927,-0.0002922882087147416,0.00038329412227712436,0.0019281347013829428,0.0038634459736029436,0.005275988076894053,-0.001026761090773487,0.0051791022902061765,-0.004890430953918055,-0.0005262065289338865,-0.00043681035759749755,0.00056255157970201,-0.003159030316770107,0.0021340780985332703,0.0015611118192310047,0.012222370362012925,-0.002500866046397785,0.00016654117612707742,0.0023724238445737966,-0.0035773774079409116,-7.420750221650077e-05,-0.004605896753077973,0.0008273368193462639,-0.0005531552629335513,-0.03144023647465099,-0.016238664224504058,0.002327127464158295,-0.0033789858160465716,-0.0020846503742398617,0.00024314985590303574,-0.0011928126412255671,-0.00010794903162442138,0.002896375499432406,0.0029182908521363316,0.0013530267526794537,0.010683638069170012,0.00013888635881864316,-0.0063251490718368945,0.005460709965850692,0.5377095151642306,-0.0015728906159821546,0.005375517307448818,0.0008362270973153528,0.0015113680926401793,-0.23982514341664904,-0.0019978764103935464,-0.0001776637251661231,0.001967041477125088,-0.005690403636836556,0.002179918937498788,-0.01456448280019778,-0.00023975878988012427,-0.0007152613842160921,0.006749067286577395,-0.03477875669535764,0.00011164083836695537,3.567111191174477e-05,-0.0068793172921717445,-0.005158325909460544,0.004274933916997886,-6.375917956131724e-05,-0.00044226206372798027,0.002919583263679997,-0.0018461691996071673,-0.018789819823796423,-0.00040116139130121195,-0.0005630728668370756,-0.005954020681416407,-0.0009176179948988906,-0.004398263022920865,-8.198454932331102e-05,0.014151954012988681,0.008198128549342246,0.009998588031004941,-0.0027543659805564728,0.00025915645029194606,0.003176660658100121,-0.004105022593401989,8.658630950061485e-05,-0.0723490544485639,0.00769775074530083,0.0039778037200925,0.0009178680343700542,-0.015934531937760083,-0.005454533711768562,-0.0003571798429799095,-0.0016572719969720926,0.34476436227567536,0.005596090516198672,-0.011841477886427585,-0.022400643043380034,0.00716832179397362,-0.0023602847269397435,-0.002289882399679206,-0.00031199288527685755,-0.0012812956237484867,-0.04761410498660708,-0.0010590820378912106,-0.004516119716850496,0.00010050842237620088,0.03164772963584884,-8.021433148969713e-05,-0.004522570465082493,0.001967568005176057,0.0011701239644297415,0.0009335725664332481,0.022714600465259898,0.0009027374710859279,-0.009961284132947888,0.006345079061286138,-0.17721529126358768,-0.038615350040306765,-0.00048461145561567304,0.018474814452098323,0.0013151003303801551,0.003143178232412513,-8.329368409844273e-05,0.0009607168424322258,0.0014277653118326527,0.13216219933253956,-0.012411013052566556,-0.0023469488017231026,-0.00012567734807163037,-0.00010975534375183386,-0.008125739061098078,0.0008755733402328447,0.004045948132505181,-0.0006707660019072458,-0.0008006888838876158,-0.01657251414047044,0.0022387210032131268,-0.0007092478310115925,0.0038698470997986026,0.0005771427196022494,-4.871595152430852e-05,-0.0078083670397799815,-2.899184718325315e-05,0.0014541447037828836,0.0030096279065844134,0.00036861921100961835,-0.00042319848196084933,0.005727916805047897,-0.002777797730140051,0.00955299101258128,0.002995701157632426,-0.0039974708349827075,0.00526136585301989,0.02352496848103031,0.0013351043657467247,-0.00028623362445920515,0.1022003525140184,-0.002743241741547202,0.03912540714752759,-0.001919756795087199,-0.0017967587338793764,-0.006464401777783676,-0.00014918478808334523,0.0024747535091131714,0.0007326446489686498,-0.01454670004968354,0.0008508686869641152,0.011215202872142511,-0.0003112325070946109,0.016812975118015265,-0.00010161134157375066,-0.0029617595649756925,0.00025704765833648943,0.0014604397461773742,-0.0007523546343316552,-0.0029073488098019596,0.018428548583811367,0.0004462519868697829,-0.0005290613629664312,-0.0008054421294670863,-0.0002562728320076209,-0.00364106143013539,-0.0010536603503831475,-0.0003088750472770921,0.000653859110808043,-0.006454753016011904,0.05016618338023688,0.0015271098832219734,0.0027725621241101103,-0.0005536281583319587,0.007638224252987778,0.001136986210267318,-9.913843392713069e-05,0.0028319714786188385,-0.04785675102267978,-0.003172202098301662,0.0007523996933256143,0.0009755059107426013,-0.0002731410005263196,-0.00034746033625288053,-0.001647521698061745,0.00024305585185787487,0.0049358606444136,0.006396537168605491,-0.01914835870359464,0.003985338041477843,0.005932022082210834,0.0027383879124009206,-0.0009936639798858171,-0.0059822603947254915,-0.0002656501197275136,-0.07142768613423488,0.0028225478618085363,-0.000936356312906199,-0.0001313964566932455,0.006509169026947844,-0.0021525271601999497,0.0014034820275685219,-0.0002521483769185712,0.001399328663980026,-0.0022697803874935085,0.002376122250869292,-0.018426693608167177,0.00037356031835286685,0.05930488206398563,-0.0009246561132404303,0.001331495497338412,-0.00922372694042798,-0.01521714530471638,-5.255736015485728e-05,0.0027180633893033475,0.0002794756284094004,0.05564079982454467,-0.00041666425463419325,-0.0008739643515022506,-0.00782024223046025,-0.00925889290213825,0.005005354765247107,-0.0001582678146618728,-0.00037299374128822727,-0.006259035454772736,-0.011967149923520286,-0.0036898760172020253,-0.0030832976252281492,0.001943366532984785,-0.0015443162860708376,0.00022680079697995955,-0.0010651256684641184
148,9.739838990536688e-08,0.00013971431751587,0.0008135296745559676,0.0048049240245649555,0.00046865553372323824,0.004859154236724198,0.14013131907235887,-0.4285434932231931,-0.001827832000040501,-0.004602331495722704,0.0007526445648036839,0.00035980175425199054,0.000843355761189333,-0.002678901474147374,-0.0014689017518545297,-0.0032786653150784443,0.0047518858962060295,-0.002189134716683531,0.018350688102090243,0.003479106778069501,0.013685020476219271,0.002961569294308412,-0.0003715880633392511,0.01476981386709762,0.0019622406911075614,-0.19835857725964393,0.013653944065610409,-0.0024266242720850824,0.000679259147754827,-0.002773797828754961,-0.0014242027096270033,0.04536081177807996,0.0015227622015289808,-0.0010694140226360505,-0.00025180630634104306,-0.005090685657104653,-9.601672301614347e-05,0.00041376456309113086,-0.00023253273250788305,0.02198206845121746,0.0033217829574464256,0.003938131913055035,-0.0016075242108789388,0.0016450692050217434,0.00580063997684167,0.22612957730937844,-0.005398058100073359,0.00283678266537206,-0.0014272086043380966,-0.0017266165566786748,0.005253980265232813,0.005447628846687416,-0.0009572310577042661,-4.3085216691980763e-05,-0.00035027239440955926,0.0008635304852384583,0.00039800759312691447,0.003358842281712965,-0.0001918578335277443,9.034730605170932e-05,0.0006610142073076495,-0.0008922135667139227,0.004577244140521406,0.0009992879162141932,-0.0005618300903159068,0.0029203745116847635,0.01358328269708983,0.002478815977013934,0.0001257844469902278,-0.00018896256968906327,-0.01123551659559442,-0.001895381303499729,0.0032582979545999887,-0.00234499649617581,0.004629345733030256,-0.00022114129102007718,-0.00019015048701230552,-0.00411862196709898,0.0012403604136275968,0.01627435406695652,0.00037493381419569354,0.003862490491745633,0.09877037122523535,-0.05276628481021721,0.0004046080352903715,-0.004106284920670836,0.009489643946247656,0.0006930685800248942,-0.001499808878252782,3.228421267975276e-05,0.0018458596403301084,0.0008297781616252347,-0.0008948290410879869,0.004559535334691358,0.002673982812529817,0.006766845799843466,-0.001240786852358984,-0.6523729405345751,-0.0004506056473327705,0.0014193204451094777,0.0010296368523897538,0.0027423409377529753,0.2627225571923478,-0.0010050036121066284,0.004211159616987078,0.0036018367131194946,0.003519240234486712,0.0017950489056750784,0.014499679388055596,-0.010763094728746148,0.00035975027976934554,-0.0002429845227801394,0.12084683724874978,0.0003521006442368628,8.169060995344424e-05,0.03399632071856993,-0.00638007268548384,0.00015479859291882628,0.0003372188294033032,0.0005520968185003753,-0.0027894298277502403,0.007945655340761774,-0.018662063561668652,-0.0002844887281052502,0.01377345824774311,-0.040804720096134256,-0.00791794100498416,0.009304890560147399,2.995682427959362e-05,0.024301513572432955,0.002640138249681688,0.004159700854169204,0.0004305029475694319,0.0027108712652950647,-0.016149936014806746,0.0061118687848956,-0.00013451147982566957,0.04732419855420251,-0.011687386738736599,0.004978826547842874,-0.001753564542842704,0.06863294684483374,-7.082562685800165e-05,0.00024022016574167361,0.0020217344378931083,0.31728584873118376,0.004391286717107381,-0.008159438964446066,0.013139090413031561,0.0033010670787055442,0.0022163779931783983,0.006922459294991049,0.001357519833777875,0.0014852354080166638,0.008953620960077308,0.0007765030516761655,-0.002195566905307325,-0.0009160130155857569,-0.018368693428751335,0.000836019814670198,-0.001727357061654747,0.0023018633468237975,0.0004459925103316428,-0.0019133235147028287,0.024970799190840703,0.0017221286001853908,0.035027650397123154,0.005645115141584096,-0.03174106079490241,-0.01907392184935932,0.0014607446478761207,-0.017665799672740404,-0.007158948871214717,0.0012513598631350552,3.00009791497427e-06,-0.0019613874238648328,0.0028588417280790896,0.07800341386628692,-0.03392075123953582,-0.0004224539085281977,-5.665946579873349e-05,-0.000985787471497507,-0.003407417175358439,-0.00023203598976460037,0.02092430888455565,0.0004949821460594264,0.002810794193605226,-0.04718311236420659,0.0013788289660413844,-0.000958954870217109,-0.003746769090948149,-0.010384906133987137,0.00018047175713523447,0.02535658641632591,-0.0007175347397194928,0.002095398094538955,-0.0002571450499876792,-0.0021023952521974218,0.008181417206810312,0.01007620187137298,0.0001463822500970685,0.010061264244947049,-0.0009708724613982211,0.014869563958277904,0.0033337166287553243,0.02510094789130094,0.0009535011877333747,-0.0031973074280115324,0.04719855900272746,0.002464933491588598,-0.07678949197176561,0.00038528881362392964,0.014081810136707998,-0.0005787869331552978,-0.0005181952886487984,0.00042380289721210233,-0.0030166661290975203,0.012216825191513122,-0.001978231073978008,0.00538874346482269,0.0019120767145188716,-0.024428711332646943,0.00042604992009971946,0.021556037192998992,0.008077614480117817,-0.01555359757582967,0.0029429344183535783,-0.006961392001650295,-0.0026683748548088156,-0.000519990735023252,0.000136197699949576,0.00010591591614338321,-0.0022422886197338756,0.0011590049176794853,0.006118633000634404,-0.003408266431301486,0.0007530251927781971,-0.004671619981353329,0.012576332246001265,0.0006979478418412833,-0.004416013791042166,-3.3528217443530746e-05,-0.008160171311788344,-0.0047941519311073995,-0.00032877947056733636,-4.967378263560007e-05,-0.03790829168771172,0.0023201684364063503,0.007584184261701009,-8.774267049860805e-05,5.1474370154541704e-05,0.0018890395526314444,-0.005319056328125459,0.00035840727191890475,-0.0016245207013608426,0.009310325942541334,-0.010905794005688906,-0.0005847498617313007,0.00033892151206630066,0.0011135399709454943,0.011692681558267002,0.1442677827803401,0.0008831699719018815,0.1083082130760992,-0.001484007675157158,0.00030298987737334133,-0.010815847993679377,0.0033797512641106225,-0.0046490863508322385,-0.0013720353706373973,0.00015988559194395383,-0.00030852871641137757,0.010965479401943652,0.007335184900793008,0.061579637158684364,0.0001579489735455894,0.00029806894351823,-0.0017484975041972255,0.0007356623132549203,0.004230381998274729,-0.004798835682811013,0.00012196553674189564,-0.003361234361364776,0.0028172012138005277,0.021762120831421383,0.0015026408525097366,0.004621004099481279,0.0034506475696361345,0.030022569948748315,0.00459569240391868,0.0007255421318504741,0.00027619188299350846,-0.01743891373565742,-0.004414917921262522,0.0012780739400288926,-0.002511365425786458,-0.0002817913814109757,0.00015311898731141388,0.0007845144381332381,-0.01131132934919364
149,0.001533868833184835,0.00012055578871147249,3.000795465294727e-05,-0.0016523635185122056,0.0009264236745404227,0.007641367898099369,0.45724732519055133,-0.052599507757335906,-0.0018402198840939202,-0.003658964219080685,-0.00047415761445706445,0.0010904570078601097,0.0020531338915027696,0.012649533312908488,-0.0008519240181428106,0.0039907824899973465,0.017465139839798388,-0.00035889608850023236,-0.021517292807715846,0.008185018539841458,0.009177995917882407,-0.0004201671086664638,-0.0018768664094144238,-0.04774974101823471,0.004729383401620421,-0.2983108980411924,0.049412822331405176,0.0026769869217839054,0.009662903903868494,0.0024558099093849456,0.002835261036356951,-0.01648569093313086,-0.00026200350689795093,0.005043088492068932,0.000423292966919564,0.007272039084647221,0.00026017739339406765,-0.003386759946071535,0.0006071307981335428,0.06574306625921204,0.0044542721209306965,-0.002536571895783938,-0.006023622388983551,0.010400186497429258,0.00020988196515812907,0.01755728792220456,-0.0025885789464445835,0.0015897206142612766,-0.0016063682896100464,-0.0035882622360789845,-0.0034279189725928694,0.01317762337485663,0.0003580349852860022,-0.007359395551032405,0.0006394643517723736,0.0010583604023456494,0.0005385806500011817,0.011040607313568675,0.0011717304484628356,2.8625907135260142e-06,-0.0019502293496660686,-0.0021715667457735052,0.020483722746360893,0.0008799416374503165,-0.0009127591732439599,0.00016268706415535584,0.021047562749353706,0.006233953989284212,-0.0012021385799865685,6.376551384706941e-05,0.0016446253828074908,-0.0011932472424255082,0.004026273904494014,0.0034539485681832974,0.021159784548127558,0.00016369787386083523,0.0004127304182348357,0.002485485338226623,-0.0003636090121308874,0.054474189673134096,-0.00041864612509617686,0.0023548741897464164,0.3381184752648177,-0.016074758666897872,0.00016813532505942537,-0.0005738604630230112,0.021670703004818048,-0.0004363585675086004,0.0014860239607163532,0.0002484444117130252,0.005871357252769943,0.006108363470794619,-1.2927315585706256e-06,0.006333997829322216,0.003022537395520387,-0.006665450537983956,0.0016770249640296548,0.23096104273081314,-0.0005567959482572077,-0.0005933758885229403,-0.0004783050878869313,-0.0016448789488379585,-0.12789170468728805,9.3375564706219e-05,0.009886305390337344,0.005201807605272229,-0.0016309282608040349,0.0005906809505028983,-0.012124020977632355,-0.01872526027357837,-0.00018603143039012948,0.010130513659147421,0.4025724793824819,-0.001203617652835623,0.0003027816051933141,0.12627261741131618,-5.251453355993151e-05,-0.003126117301370657,0.0009009804644419831,0.00055769517194451,-0.002169062904722038,0.017627341163674315,0.023976327694650308,-0.0003027129631979668,0.029992265483969018,0.07675973886771566,-0.005689296811403904,0.039181650060831234,0.00010482813002721247,-0.00275320424242945,0.0016740122214040504,-0.005495689153865521,0.0004546541955903324,0.0011716339079599052,0.0006910801549069381,0.006640832357901369,7.353189601630797e-05,-0.023592463667329644,-0.02841218495226025,-0.0006401701280613209,0.0007570209903647006,0.21311045330620476,-0.006439195964463008,0.000601230895494492,0.001727925714767868,-0.3267355810063195,-0.003420830040759336,0.005977269655476087,0.09345173281267063,0.0012105423585860309,0.0019481590513208127,0.02318578949190817,0.00591375065888516,0.006833706328112189,-0.09080430946141925,0.0020560475849732947,-0.018320713482074112,-0.0023734501261105483,0.013127346414167,-0.00011486229914444909,-0.0003106795057858736,-0.0013450371639448708,-0.0019515632733938196,0.0009181619368948957,-0.012937807937594258,0.0007939249210242236,0.1194853044402204,0.0003998004997019522,0.07103168268694547,0.004843998763243505,0.0033635364637589205,0.01634336840027458,-0.01011118370402566,-0.003192434014233317,-0.00030194249501827586,-0.0034078301151160397,-0.0007784437362527508,0.0020303982932446743,0.02411900704557055,0.01887923045071427,-7.76632369604846e-06,0.0036160680417383247,-0.02301482051967131,-0.0053519246663702915,-0.005716298692457586,0.0004813221627342351,0.003500543240749575,0.05116656894501007,0.0006247613475560687,-0.00072944153374669,-0.00020308830746773587,-0.04496777882125317,-0.0005984920366419559,-0.01951838078354931,0.00014974096928285774,0.002618431969082253,0.002842921789359941,0.002378978197490283,-0.01974398564643406,0.03627708406412793,-0.00046708289118005744,0.00020445655281795677,-0.0007922294234568711,0.046272485176850446,-0.002073576654508259,-0.026342248784303808,-0.002153102339787605,0.001722196649699777,0.0043493333904747085,-0.0024518311293892005,-0.16692382630148897,-0.00043187118346135756,0.043869874146843735,0.004242249736593864,-0.0009613507069764354,0.002315600351121529,-0.0025632737891783954,-0.020638558023554184,0.004357314560279574,-0.001191011203347244,0.0042326762817301656,-0.007402558179410518,0.00023814243405154666,0.07187228206003005,0.0019392057415457992,-0.02228220553261441,0.00930698346809699,0.005992412575865502,0.003504441266217593,0.0011831777100730842,0.0006858752405430315,0.0004756761325814922,0.0012618915149491886,0.0035260288072436596,0.017804514904026153,0.012779652963847367,0.0034415729480062017,0.0009520989473335781,-0.0007505303002521089,8.78708365100395e-05,-0.0011139047007495545,0.0001690697783570047,-0.00678496166982938,-0.006571450264154584,-3.4352007132171236e-05,-0.0017235846029794426,0.04195737994609093,0.015456694923412853,-0.008634528526669833,-0.00017770032736508234,-1.6238522584227644e-05,0.003224826093059712,0.004672120737661635,-0.00034023173842527565,-0.0016743605067228596,-0.005860929722172287,0.0031689451236301402,-0.00020021804388792828,0.00941029216597769,0.002750235364279957,0.027874899062543812,0.08872333109622069,-0.00019990762669812312,-0.04578301065365174,0.00028219286468821785,0.0028938903022128802,0.006891269674966553,-0.0007449763189498748,-0.0010657764656077165,0.0003828583197975719,0.0010490081731791044,-0.0012078238970116102,0.02271265096921502,0.018292728296753012,0.20584006419976303,0.0022681113016397077,-0.02247531210715887,0.0010198812186217564,0.0016386408492156173,-0.006242948845213196,0.0016277454589864442,-0.00022675063241368865,-0.006545314912410602,0.0016923432135008548,0.010273720601651052,0.005081114071748562,0.012018987714187437,0.053776902008845676,0.09972471031415059,-0.004179362461923138,0.0006003789715986543,0.000391869368169373,-0.011796073026087636,0.01115838639768165,0.0010733920904695891,0.0007806910503731501,0.0014978954091921914,0.0006384447024612638,0.00146538583153897,-0.01764073145698144
150,3.851069921235078e-06,0.0005130697631507224,0.0003121308030051761,0.003726868344232232,0.0007097223770137803,0.0024381581522354197,0.012188590137124205,-0.008209002004656058,-0.0021450995483898966,0.0015020447507427981,-0.0012171988602305089,-0.0004961012921832031,0.0005905773410650686,-0.014167472853069485,-0.0029726654871453716,-0.0004113775981013022,9.267660062136057e-06,-0.004725719567447367,-0.004438883799222511,0.0004153245969995841,-0.06815732471121304,-0.0009089944952190134,0.0002088486992950639,0.013561278925652925,0.00011679939286079341,-0.40397271854150757,0.004352010684934701,0.0013699724052744218,0.005644128962130966,-0.002233748521733545,-0.001930523381402851,0.00443000112593596,5.8721621479532464e-05,-0.0005328573301660259,-0.0002925651735128376,-0.004491060515830446,-0.0001905663215122852,0.00036085258574601337,0.00013247392897445566,0.0015248174197210343,-0.0019418801222309788,0.0014998782324534047,0.008938642438282081,0.0004963239302232594,0.0007544761504641,-0.010012419545092783,0.0016587052356067042,-0.00019310831458405758,-0.003508640662361474,-0.00406687911587285,-0.0016208386181445697,-0.04068051670382697,0.0009997534952006764,-0.007281822341640369,-0.003074294270290064,-0.0007423403260513935,-3.618157468243677e-06,0.0008679763869012887,0.005382969742089543,-0.0004242108786233212,0.001340202745352963,0.012710113080124921,0.003792239181793429,0.0004343734166536009,0.00112649873330109,-0.002936608110061395,0.006479627511935248,0.00010848583304578965,0.00881256199243974,-0.000228555579797219,-0.0007673807472287561,0.00021586905161024086,0.00364561998250945,0.001464511761695121,-0.0024248909780129526,0.00021051992602353319,0.00040812002697138833,0.0006732821082388596,-0.0009217549697859984,0.0026191898585925947,-0.00023426015041806897,-0.0020001057370822063,0.009804166522333181,0.01031593270119101,0.000134473498583714,-0.0012180800380059906,-0.0003556475854859034,-0.00021606590767548825,-0.0033674234685891814,-0.0005318982501685068,-0.0027887648339724853,-0.005835934560816628,8.908177034409881e-06,-0.0014033877087452004,2.4640690517574795e-05,0.010695299342723872,0.00014755191804047643,-0.004621240883473589,-4.845331852719806e-05,0.005836597232986835,0.0002396239752999697,-0.0014201739155841574,0.007254310578463461,-0.0035284786726928266,0.0001292503691791326,-0.0011750130376483466,0.000510730974490059,-0.002129522560940408,0.0037914309759128836,-0.016264492094747028,-7.964802264553983e-05,-0.0014963749030545148,0.00945548660499404,-0.00028709784551352036,-0.00011981056692905463,0.011970089150386503,0.0039838324705425915,0.002661848933068949,5.6302560369293764e-05,0.0010801348248934434,0.000942336376198962,-0.003066090435096069,0.0038195959019486246,-0.00044786014433726394,0.0029711054177388205,-0.001042959249259054,-0.004816386446911867,0.0012574786077722173,-5.039169978210195e-05,-0.007565349201999793,0.002123520503603125,-0.016004525718650388,-0.0008708831123534887,0.001289796756474749,0.006587553646782238,0.0024647119351888375,0.0007033399176932971,0.0008116839830123249,0.014715493283642517,0.00017774500721767783,-0.0008712701784036086,0.002207170093017491,0.009729046039432573,-0.00015551669693726177,0.003223224517547091,-0.04746864307091664,-0.0024022056172692133,-0.005733381517954072,-0.019139055850476584,0.0007239773527121596,-0.0003622666998532144,-2.645625682370055e-05,4.2407661577505834e-05,-0.0005780547505873113,0.005417951461014543,3.8502757664636724e-05,-0.03547638459139964,-0.0017347520841614601,-0.0016669694153444096,-0.001037211314678715,-0.00046574587674487033,0.002274661915879066,0.00014934196648534569,-0.0005592593178327786,0.00038191503156830356,0.006635800585335393,0.00453599709843191,-0.009177014207563963,0.01747835605291753,-5.4942747808092024e-05,-0.0002439026180793627,-0.0031342523837296563,-0.022123853753495543,0.0037098468522495376,-7.187175864334025e-05,0.002615115235668828,-0.00010228423005080958,-0.011991212102462118,0.0006000358491985878,0.0033088039662017427,-9.001039239028841e-05,0.0008756234531500876,0.005697004384911438,0.02171772208529832,-0.0003825125361141858,0.0015488195689207923,7.934503349301195e-05,0.0006569374585996984,-0.000312268918936473,-0.0028140053514549264,-0.002407348860152458,0.026769556563820462,-0.00015658484738450412,-0.002723886734802162,-0.001080216819184146,-0.0005712060177641871,0.0005723619347278077,0.002517681711487225,-0.0017837717035959037,0.01775537349610862,0.00010666782515616861,-0.0009418870305315311,0.0013517990493574325,-0.00020865041647818994,0.0011029005827278458,0.009814153374691848,0.0010736176597783247,-0.002532460851725288,-0.010526235613535368,-0.004808785403576121,0.9021294614762533,-0.0007489962099071282,0.009729676032944268,-0.0014427541958616091,-0.0003919549249609515,0.001325001518270213,-0.0015692125577630618,0.016079221120028277,0.0004442728979735522,0.00046429071917025635,0.002266372476399521,-0.0004472616452117894,0.00013624803866131878,-0.0015293479552626887,-0.004243308739819474,-0.018963751477591485,-0.000603119640644449,0.00889410568582701,-0.0008305863503933991,0.0014709174415922753,-0.00012079798742460352,0.0011244863774793848,-0.0015389201863893476,-0.005666900244423416,0.0011799434654613241,0.0027413919343456062,0.003290039180265723,0.0003560259114056257,-0.0019505139248905039,-0.0037682521793784836,-0.0002803201006199331,8.885942263094516e-06,0.008885588682062458,-0.004667963197352912,6.996662977912238e-05,0.0032211013366002248,0.010199103064753447,0.005690074978267198,-0.002110284236274067,-0.0010431438540152973,0.0002958521740043518,-0.0041391880628330316,0.00041360204038309346,0.00018740006834066375,0.0016275685085012865,-0.04613755130752681,0.005618482473471333,0.0053972471010861845,0.003870814697038493,0.011343534340014443,0.0018912520645598258,-0.020450955371576627,-0.001384458063445889,-0.007164371652366823,0.0032771753533546643,-0.0026246667822655773,-0.0024384587358962954,-0.00124411245856626,-0.0015966151897267153,0.0015122255962872477,0.00048617248521208415,0.0007512553430123669,0.0020502804073600843,-0.00011082999570506723,0.006978744905502522,-0.0009379953540023574,-0.007116879693269898,-0.0005883602254132163,0.000666419516619519,0.0005257948076571074,-0.00018446776325160667,-6.282345554199827e-05,-0.00021289882602555015,-0.0015362701899621712,-0.008623853763735926,-0.0002168333826750756,-0.00015211034936141524,0.038049211302167166,-0.00016258927496547865,-0.0006969025805018325,-0.0005107270863016246,-0.0006991224085214146,0.0008198317224071411,-0.003047194557485592,0.001813719088182438,0.000435669815404785,0.00025109458257411774,0.0003086890030070885,-0.0008845472953046027,-0.029371369598683902
151,0.0007868295577066416,-6.269839924808937e-05,-0.0011422855549508117,0.0006972848401661957,-0.009401067257995801,0.006593123972334029,-0.016805494624183685,-0.008770672276011287,-0.0003114295251991986,-0.030566450753058503,-0.00035360306580861645,-0.015481930950666375,0.00043478003083069266,0.008960108251507407,0.0001613414064868847,-3.912932266524061e-05,-0.002024720973619429,0.00018729506920817096,0.0021125427831745515,-0.0013515120215522713,0.004784997528439218,7.294387976444772e-05,-0.002540135647213143,0.3866448344654351,0.0010130525025962012,-0.02088283778059638,-0.0001365174696619162,-0.00032515490483746637,0.08105215287646125,-0.0006583748629343869,0.010613053121684292,-0.04449565929853386,0.0005562703012990319,0.002635564581559998,0.00024166569059332066,-0.006819253225191727,-0.002185281030615438,0.004169699594655614,-0.00028099431650914063,-0.007162475901424123,0.001043464239810454,-0.0013947929709674563,0.01635412876398931,0.0030140136266680064,0.000550149677000799,-0.03200333362648714,0.001709501588593192,0.013789210195780971,-0.003476146057047985,-0.004208635806403365,-0.0015972605168906966,0.002674023304346731,0.0015337486680988876,-0.006325006841170412,-0.002051561779224019,0.0006799037556234934,-8.987517202382889e-05,-0.0016396798535148293,-0.0003844471615603817,-0.0004881714846391972,0.005008021913549121,0.002373748989311355,0.0027447235623650375,0.0006281382188043244,0.0003367570436023787,0.0010230677061934756,-0.00036336354105093453,-0.00018903340178555482,0.006383178182557504,-0.0027600919039852756,0.04073972348974733,0.001330023605935914,0.013327520982237261,0.0396001037851544,0.004856091393019509,6.195951388368592e-05,0.00011087290654498635,-0.0028067643420278537,-0.0006803399684571741,-0.002788444507874615,0.010801304823561826,0.0014222346461205421,-0.039877797401698015,-0.05613838126501105,0.005767324365904457,0.00036520706769518907,0.004363657943193988,0.0003106686711525884,0.0006658736813622578,-0.0003559395935835534,-0.0041585783932701495,-0.004201241984528516,0.0002444221384192355,-0.004040824214433192,9.438794457307387e-05,0.14589311608003647,0.038354538940841745,0.005196065280332653,0.002008012001057685,-0.0018441171884605594,-0.0008431716425044665,3.713095719546332e-05,-0.02361058532314525,-0.004768339216523948,-0.0006771226367456515,0.002446411373955456,-0.0001473160424572996,0.0121514944669402,-0.008993953192474227,-0.006143731272681231,5.7665429554855374e-05,-0.03987563177867334,-0.023922207727396602,-0.0004345131381707848,-0.0001482451064509019,0.003963374717879425,0.029288498739388224,0.07073840170229406,0.002650815877140226,-0.00028872006438987767,-0.02689933681883521,0.00968333279888914,-0.0023420989545241927,0.003904534457159104,8.397848573339466e-05,0.056127688069488445,0.0036260433349556186,-0.004728436770869959,-0.0002951488740060987,-0.004089711350563796,0.00267331863190692,0.022405481415625796,-0.0016926921807676066,0.0021365775937890463,-0.018220504925211517,-0.009908496431488327,-0.00371429252454775,0.22024858828823662,0.45065545655382255,-0.0035342971569229803,-0.00725187098639659,-0.016869212733691984,0.013052200816756242,0.0017702144991478708,0.0020305099320375437,-0.029138847442655637,0.0030009839882503375,-0.003736672406246397,0.050674808699465425,0.0010482760953866002,-0.0003027024403958571,0.0085965895029148,0.001354977272808071,-0.0005640074169158287,-0.23813545874949726,-0.00017910060966730526,-0.041180498667064934,-0.0028524218672444784,-0.0005869089572714896,0.00040719463982200727,0.002006508217158984,0.0010925960371762724,0.02254301123251708,-0.004215590932392176,-0.004056332654632882,0.013877575286232048,-0.005913150341878018,-0.016112128058137852,-0.05968976424168086,-0.00011319871896857056,-0.000606996881091719,0.0006431846402442931,0.003597027592203997,-0.004241901442748393,0.0008373881320930922,0.0007741092832551529,0.0006434350772703918,0.08821577642077216,-0.004532095844202447,0.019151698441862125,0.00014168978286008271,-0.004905970388323166,0.15391574264627877,0.023235598787944883,0.000981143513055941,0.0025853355119164548,-0.00021671001688890515,-0.020399860675385906,4.0169637384332435e-05,-0.00139520418478562,0.005761445073383595,0.21494186420282568,0.0003636823688150381,0.10417935325044676,-0.0033724585511756,-0.023505548916064288,-0.0005669258543933532,-0.00013861910254966622,-0.05688099016501865,0.17543139352644574,0.003920621165965525,0.001774327168057352,0.0006631390936773598,-0.00427530228393555,0.00011307685163936335,-0.021626574691304627,-0.0004383710679434563,-0.0008174335617530592,0.02717869068487304,-0.0013441773428899452,-0.059845221312428185,-0.0011651114856198151,0.0890274132299755,0.006448470263590144,0.0007509642189917325,0.012696463311427014,-0.007606125223868695,0.20712978730954779,0.0011051653895496963,-0.0029812528617713854,-0.001514131804136567,-0.03484720500260801,0.0002472679202238856,0.006387169257706424,-0.0024135364412421235,-0.0002021721414225998,-0.0006946232141135976,0.040598342528640405,0.02738673154168872,-0.003182344084963259,0.002810218266752508,-0.005962785010945781,-0.016376406078412984,-0.01871967000264795,-0.0020597368997899625,0.012988932093490096,0.008876652357371229,-0.00392370545391142,-0.006549660947908614,-0.015064266017089151,0.03477657315702376,-0.000504241748702756,0.008809095269960411,-0.000194227678849974,0.0001861438311196173,0.0350454371854087,-0.00519596368759102,0.026227158263188822,0.06909516490594902,-0.0013066042700568105,0.0004259741855092425,6.531280421541831e-06,-0.00266587486330906,-3.5912361911125124e-05,-0.006487673550632834,-0.004618999095284564,0.0025169841583136676,0.04177473981237391,0.0026118282025480027,0.003949138870280693,-0.0071428641545527565,0.0037942407388299737,-0.00044531094722173245,-0.009628235148231998,0.0009452690602265079,0.0022123828802516074,-0.10512655424623517,-0.0007050934581093043,-0.0007370600116869972,0.015855252102204336,0.011550691891538371,0.01349274904174158,-0.0012036725812880154,-0.0007402827087080255,-0.02336927393479788,-0.0013217228371859811,-0.05026171575705832,-0.001102770771954028,0.0029164472344377296,0.00011381945106676145,-0.007227140689925206,8.267335992025865e-05,-0.0012561806320947823,-0.007870012847504028,0.0032176108946118396,-0.0025470279686443213,0.002472067951375107,0.5034094864454634,-0.011768328264627499,-0.009610362284517188,-0.0025541864988305914,0.00047197624547521896,0.10026397362558154,0.003053894047226627,0.0033492689638165854,-0.0013806619627819237,0.003976527473097289,0.0015570243217828631,0.0006340582410728351,0.009966054286375576
152,0.0003159191564340231,-0.00022998078397535975,0.0010804161174561796,-0.0032914572494275353,-0.007036559475634568,-0.005781479461276252,0.04753196372516836,0.011414251661342776,0.00029201584569594173,0.04022802082048618,-0.00011911372829770915,-0.01150390366611559,-0.0010688783148860295,-0.006070242603434519,0.0008458040813039362,0.00045463648376131705,0.0037627989256264587,-0.0006928350304814569,-0.0004851140862283769,0.0005244474535757698,0.0008149103457578929,0.000756604426536329,-0.002661419462735834,0.29616492354521323,0.0016107013156702668,0.04586170678526108,0.0027742656981918513,-0.0011307246637138027,-0.10536462359176012,-0.0003675765165558637,-0.014357320100705942,-0.03257834280555165,2.7800339269495877e-05,-0.0020238573436228025,0.0004753132801061325,-0.007679080555773248,-0.001957773236415255,0.0033272135961884123,0.00032716490955088905,0.010338068761608792,-0.0028428184141839757,0.0005723691691125167,-0.023102660652259296,-0.0026688660329237685,0.0013537253088931611,-0.01881190927874798,0.0014865812145859782,0.012753763338209042,-0.004034695183256691,-0.003086073472196473,-0.0013574469141601209,-0.005287944810722726,-0.0007962608760246582,0.010177720224932211,-0.0010856684701131547,0.00018642418353747702,0.0001840333765213628,0.0021187118726199213,0.0019506681601536293,0.0006187412400655342,0.004400840922170383,-0.002167310044579496,-0.0019095051249535036,0.000924911383931666,-0.00039281751539216314,0.0019200849099165328,0.003350672199764004,0.002645198537411073,-0.0064429455620133086,0.003947801256405679,0.0323757768458315,0.002610956196430342,-0.015643699520690783,0.03562090286644923,-0.0067250565097996436,0.00018705784278450627,-0.0007903262700806289,-0.0013567742196460703,0.00021115266099636066,0.010111434196694125,0.009652215793290004,0.002711059601172806,0.06490703590888341,0.0037683360416276537,0.004633980711668043,0.004190416324246697,-4.5418776140476735e-05,0.0003297668895944745,0.0014494991354137492,-0.00022850843897546935,0.006991207355524271,0.004320755496106549,0.0004832997277007091,0.0055364566218163574,0.0005228898131731238,0.11261216341633783,0.03213612133206804,0.00379448369509037,0.0014290639175720508,0.0018314465579757997,-0.0015291535103368718,0.0011633827876056588,-0.017935172007674263,-0.003279571658204236,0.0017449115086495687,0.0029613925973005486,0.00030733046383076175,0.005391212163380945,-0.00262867699090327,0.0036818899344834895,0.0003854070506381056,-0.028960220589321472,0.05685114901612135,-0.0006369725269918004,0.0005445251405437196,0.001331329658969883,0.018704645423053032,0.05919751532101806,0.0018185420608750717,0.0005614150859091513,0.03565722094706472,-0.012440337521409406,0.00022926674159931808,0.0032673299343829905,0.0003735396495618097,0.041142747083213305,-0.002974497090668879,0.0032083803538485245,0.00031408722140248164,0.00467391666527037,-0.005381572847605856,0.014576831407594113,-0.001501215315664937,0.0022077704367846522,-0.006813337428922173,-0.009230922001796676,-0.0023466536103366777,0.1310372178758339,0.36354661652347203,0.0035930940734636013,-0.0060386725826610255,0.03311636995105366,0.015677064187908096,0.001709101688057107,0.0007175730791201497,-0.017314074369917932,0.001873029524503855,-0.005131714198146202,-0.06029524590533764,0.001627634077496918,0.0013132875221102086,-0.011899745860416802,0.0017623929484766043,0.0014299535725410878,-0.1814285738905537,0.0008964706091798518,0.049923327210481434,-0.0005896857792203492,0.0009920804526709717,0.0002612079049910433,-0.0024856132005511905,0.0005260780961590405,0.018729595668812327,-0.0031032226113549,0.0033109483085532023,-0.014110151728990673,0.014778410494370833,0.010013993016031154,-0.040961900575781224,0.00045532703218428144,0.0004914658189856275,-0.0013181274236753852,-0.004215208635877855,0.009899978478204587,0.0006449455024978568,-0.0008093314645145908,0.0019296854883589308,0.05458696955340698,-0.003918785456244083,-0.013628682644386011,0.00024080811803237068,0.005080623735521356,0.12566987907350416,-0.030720932422311345,0.0008358451057238394,-0.0004957297153009577,-0.0003723180671684834,-0.015486852101798579,-0.0015130108591774882,0.0004365874279115404,0.003316190795083048,-0.2673721014178954,0.0006040367955540138,0.07549907175938073,-0.002780484451818249,-0.0191859908773797,-0.001006847663969154,0.0008155216770266206,0.07280791079555135,-0.26465713698128673,0.0027847001817495522,0.0032562188023253086,-0.00038981441721885933,0.002759242137645442,0.0007120885901927337,0.020769501482936235,-0.0013575215955371391,-0.0007625290396036065,0.026090640783148704,-0.0006141519518223109,0.04943706489202366,-0.001014680287705648,-0.11733754737873761,-0.006549260938104123,-0.00033319494416214276,-0.019308527048957084,-0.004793487201895303,0.155177683265924,0.0011923730770817195,0.0025879884318785063,-0.001194656867588395,-0.025300763213510675,0.00020643773780316954,-0.004492933800686015,-0.0009640211544469175,0.0011065827009269242,0.0015908792510960267,-0.05511740620532995,0.025364595562944188,-0.0010281831382777662,0.0024065485818001945,-0.0047196783524249206,-0.013655112473754179,-0.01266878488921557,0.002886247352264089,-0.0143197909800724,-0.009173373120352303,-2.219887966922065e-05,0.0010151816456660419,0.01652450473593162,0.02849081285497684,-0.00038116192435783846,-0.01727464295383381,0.0002742953743048521,-3.881658725994608e-05,0.02983700191850566,-0.0025415209401707505,-0.0346156673035411,0.05054688776386614,-0.0009443732039922173,-3.106155984103354e-05,1.2995074956506408e-05,0.00427295806496074,-0.0003534277751093681,0.00527321014029607,0.009842759457574892,-0.0011808936029444848,0.03410773246684978,-0.007966963998413543,-0.005313278120559442,-0.0018775658954437984,-0.0015771700940609423,0.0011362843966674571,-0.007027767300274056,0.0012692054221966342,0.0027098340532472295,-0.08514403059562542,0.001503870069402391,0.0031328350555726364,0.015102616192939577,-0.015092259878340644,0.010169229266080833,0.0002493493961941906,0.000975195020245113,0.034713127271220286,-0.001874298929894106,-0.019980438947276098,-0.00041467247491012646,0.003886033068147258,-0.0004665461619122943,-0.00765460882561675,0.00014395755142352848,0.00010370021478118782,-0.0055524104031051775,-0.0012560857784803753,0.004548571005781746,0.003485331100335386,-0.6497138900567477,0.005988407833948981,0.0132234780466336,-0.0018722454002714772,0.00012750655614045953,0.08135559908962055,-0.004129249586241949,0.0004184225027080283,-0.0013360466620743333,0.0031664563834372236,-0.002468922504601255,-0.00020710754408894598,-0.011570570590384936
153,0.00027245909217102213,0.0002414233837356606,-0.003372085503325334,0.0006191832828878211,-0.0002839765837103331,-0.009733350960461832,0.0009865151464921304,0.011761029888637997,-0.0005108409883689789,0.02098529652028021,-0.00035500026297263614,0.0006463115072444185,-0.0005689472248944158,0.01790462520853571,-0.0009205416692857973,0.0014236726195639184,-0.00028139324752258707,0.0038293115674921073,0.001351976467629831,0.00017953835713468806,-0.004705116987934938,-0.0013784226792388611,-5.63669864627591e-05,-0.012580304491352503,-0.006715513148365977,-0.12048113877009872,-0.0019969989881414053,0.001798347682187571,-0.052453493868825,0.0013129614666707295,-0.004011085079300619,-0.0013605340198990686,0.00045785673821994305,0.0035890800250370667,-0.00019049608844775093,-0.0008728432251100112,0.0003032630222129483,0.0006732501903878552,-0.001018423029453961,0.0005301483719227559,0.0015358535216340508,-0.0005388439584023139,0.08122203523470352,0.0004748246011176665,-0.00019621085507416907,-0.027262099600855207,-0.00045917394393844325,0.0024263362230591634,-0.001160239005169021,0.0008852362221815628,-0.00045678758306951596,0.007605874205941036,0.0002400056797991915,0.004101139367597837,-0.001645675985571516,-0.0006028231179883493,-0.00046034184911814685,-8.294501717723301e-06,-0.0017597494614675629,-0.0014702087142707196,-0.0009260042702616763,0.002971449110904449,0.0023800920768193515,0.0011727555626269053,-0.00041860702439210085,0.001884984264504904,0.004619133861203886,-0.003700721668457091,-0.007296964803111129,0.0027664263210425994,0.001892380132002782,0.0010775833700155542,-0.0060282363579040755,-0.0003876447556332204,-0.0028961700799780034,-0.0001457911014192282,-2.9965204550782415e-05,-0.0019400506265015837,-0.0013234977065706161,0.0022620304677039523,-0.0016286875077679366,0.0006509017151050348,0.010627411570891566,-0.009084395320815817,1.3857837552091524e-05,0.000869388038710649,-0.0014895706325430101,7.574529208905249e-05,3.113385034452139e-05,-0.0005692055820593275,-0.01819339293673565,-0.004597335176563714,0.0003687728764193007,0.00035053575236060276,0.001183822054223971,-0.0027775731079402637,-0.00240312855961012,0.01644276154048886,-3.2221111224849455e-05,-0.0022650349397183435,0.0004964277001855942,0.00024230577882962748,-0.010840628239590595,0.000686206374200856,0.000597938807930503,0.006015820851986247,-0.0024000004261721993,0.00040122365547318097,-0.0007893161516991072,-0.019006071315713295,-0.0002622822523134262,0.004668210142906212,0.0051779272859423875,0.0001259951778592996,-0.0018281179756991905,0.005212722378686689,-0.0019946972759268856,-0.0015437220763456574,0.0005890910757100709,-0.0008634203779702042,0.020753983551203156,-0.008633554850498678,0.005292360170783679,-0.00022439812484712147,-0.0009197184378845363,-0.002586571230770377,0.004518844221992516,0.00018967072183461798,-0.0005540757694157484,0.005143106925465159,-0.0014039528003535779,0.009279638634859136,0.0001771630899155232,-0.0020282148092179413,-0.0059801564194024185,-0.00016590427787823228,-0.0020058916239371703,0.029801197828983335,-0.025743551084319083,0.0007697604787274166,-0.00035715897838129807,0.005328097855684975,-0.006186054345237428,-0.0003149023025979119,0.0057753559443589515,-0.012283614153652943,0.0004995596611897146,-0.0012838311303611987,-0.04860167285535847,0.0008144543252115953,-0.0020710823642436102,-0.005939335383295316,0.0005870645391963,-0.001717433342762533,0.006254624434682982,-0.00011436354993478372,-0.14744411295697193,0.0007126509240439917,0.003544484124366569,-0.001959271000374469,0.005840291442534612,0.00181937300383652,-0.001468432519326873,0.0007916391643326363,-0.0020883545612373567,0.03903455112909156,-0.002134446532089852,0.008576734391942937,-0.003762427147906035,0.002016305891943059,-0.00011574610118502944,-0.008058580066100211,-0.006408816432140302,0.004880331716550877,-0.00030529906570702444,0.0033231971313897814,0.0003943222850168725,0.07884200701486847,0.0006512120765670565,0.03645600014432712,0.00013604048994102572,-0.008105856703904077,-0.012571680270639467,0.08786732935850752,-0.0005132636866660833,-0.00020587273573042988,-0.0006276308430931579,0.008958910692915453,-0.0007562310710339942,-0.004576070351089282,0.0049789189027694015,0.8883820522564653,-0.00047523395107569675,0.028250026448044113,-0.00045785852138985426,0.0007187218201826539,0.0009286321282369367,-0.00015143047807502513,0.0328586300771721,-0.113386580025424,0.00017529289015155063,-0.0020288559341372463,0.0009591652938173378,-0.0007945503392047751,0.00024705162133517274,-2.4762447048298666e-05,-0.0014111349378787804,-0.0005419671905257937,0.02374069261607057,0.0017025911392869334,-0.0745503242931415,0.0004015386022253615,-0.039298199443987214,-0.00010086238786025906,0.00041929574253137154,-0.009671782730164896,0.0014876949183642088,-0.016624413276412967,0.0006463094931364113,0.0025385165832989562,-0.0006414678975572284,-0.004107717155291752,-5.656297789564642e-06,-0.00214459630255975,-0.001144124595469385,-0.005417843457360099,-0.0031642216728180825,-0.025017553255203197,-0.0018369161581726274,-0.0005775868439554237,0.0007267615165411819,-0.0004976077465015834,0.0017385342924739235,-0.0013311412276657483,0.00018594085503520355,0.013003027012857984,0.02582912041891047,0.0013570817191774678,-0.005141969503447703,0.007273726817875456,-0.0002658743388874521,-0.0001894060311814523,0.009450028399311238,-0.003975836931297387,0.0005251040263912071,-0.0034001415260924957,-0.0024025741875526247,-0.014308936347563488,-0.001893128709337383,-0.00014915697430517853,0.0005972411097301498,0.0035124827093662293,-0.0027050911004801855,1.4346722269869931e-05,0.0042896804521082525,-0.03995766240161868,0.0010892377461267696,-0.0032809721925566512,-0.0009738079867819037,0.016231034158167037,0.003356582277666645,-0.0024184572055006206,-0.0011398577172739236,-0.007736452403394798,0.0003560937979973476,0.0018833878533431427,0.004746700351545085,0.0011184158800415095,-0.0060184888034397355,-0.002562753693496322,-0.0036850501070760182,-0.0009819613290986944,0.005337875216644406,0.00036410762454473365,0.00688905898325937,-0.00028108563822845537,-0.0021996563970067256,-0.0005601014052804961,0.0064713075438952855,0.007782850809468055,0.0021158854965830855,-0.0004526480047760636,0.000389883230964486,0.000627548754320602,0.0017816558656549928,-0.014174243381035435,0.003536035785580885,-0.33389735968816847,0.0016072708611460772,0.004368124013380843,9.919110231236625e-05,-0.0019510535263877887,0.0021507329009129196,-0.0035892776722774547,0.001106170964097015,-0.000738448200178354,0.0003180944250193449,-0.001594407174302258,3.327466503873363e-05,-0.015650109836861967
154,0.001364990449751814,0.0002304415738758614,0.0007367147277651011,-0.003264293658125297,0.004866832862018939,0.007327712738943271,-0.02417848047440468,-0.010136449623897474,4.914373783450332e-06,-0.0006415304159578389,0.00042760393800771526,0.005847080422582215,8.876879907975671e-05,-0.0019354487042512573,0.0003463679818009671,0.015042565763697648,8.925850104398586e-05,-0.0023311759317387257,-0.005266380751934793,-0.00025180769805510997,0.001757383503623971,0.00023462884382372332,0.0012446889311061235,-0.06893482182727366,0.00021680472335269818,-0.001931546884712733,-0.001581127226690189,0.0020643431620170453,-0.0001295439017977365,-0.002084518020567319,-0.0038606927579407924,0.010322765877794043,0.0006918693934521991,-0.00207478312642883,0.00016322362423599503,-0.003510088111557442,0.0014473151523386948,0.009561127368778621,0.00024038248912863075,-0.0019644754981233215,-0.0024630920374289172,-0.0014956856775278755,-0.0053606503329000025,0.005079342118856804,-0.003936004039901932,-0.2613425155970038,-0.002652899330833761,0.029550164824137644,-0.0005182636076438407,-0.007241872065181545,-0.005822208206644386,-0.002469276363112382,-0.002292910730717747,0.0016240904219652855,0.0006149156608952534,-6.673279991954825e-05,0.0009555422787071444,-0.00011815899380371059,0.0011993351047344344,0.0004490915219402501,-0.00041207491720428465,0.0007893625718036826,0.0036901219032333308,0.0023873427004766573,-0.0002773346559595824,0.02422552290962697,0.0037214820498229434,-0.0009205085441639509,0.0007469716196389462,-0.0008072858470273634,0.018558651565556986,-0.0027797933838242966,0.0021451063989055275,-0.005589268111081427,0.0008527377197606947,0.0001439041454358832,0.00011375951076622419,-0.004253498123337567,0.00013870888744014955,-0.003985144815464038,-0.005436343937278411,0.01917915790488616,-0.014851331490549964,0.018308043699338052,-0.0022668578385898926,-0.0023136617816644327,0.0018154794165777775,-0.0002875745457523119,0.002080371768532762,-0.0002514566852428006,0.0019322991149725314,-0.002655989619478033,0.0004544683405627789,0.0021611180983780003,0.002040361542696685,-0.03665375328149595,-0.025641896082421463,0.011292651295943569,-0.00013469484130283586,0.0014631325819540345,0.0027195507929001182,-0.000245037016907521,-0.038853463320433816,-0.0014009718780560974,0.00018755091057425042,0.003374982174949562,0.0022205343286565713,0.0247364532120103,-0.016740122466612876,0.00227930878307592,0.0007391876373706169,0.017079925648328324,-0.02210531223983792,-0.0015622824558087067,0.00028008176896502854,0.0095217989319719,0.0022577963687378027,-0.025198536254052925,0.003398559029216549,7.491105800909968e-05,0.0025895880833012043,0.017479653032270417,-0.0037325305909577233,-0.0025570975442162558,-0.0006961938150500972,-0.01691016667374378,0.00032647101500115055,-0.001773353426061653,-2.3282152063425557e-07,-0.0023690191453653742,0.009132112787757397,-0.007444507737612202,0.0011312132690943905,-0.000716703460460379,-0.01995034874063793,-0.017841761015702912,-0.00012984583480079356,0.31729124472089454,-0.20178958254107632,0.00020099574567462863,-0.009387148255640632,-0.003721554307185397,0.003390878547178105,-0.00109978434993792,0.0009940706572522566,-0.0534014950164384,0.009905646162512256,-0.025265166885945163,0.029182886115133866,0.011000552463124386,0.0010303823835305236,-0.003302117682513591,0.00018434427741283472,-0.00024599417884116175,0.03646651988771451,0.0001914295317523154,0.012264167757376758,-8.489583797443353e-05,0.012095390413625621,0.0008872614040932206,-0.002643896818427656,-0.015399386341249221,-0.010636817854988531,0.000998778951635526,-0.0020497394532763215,-0.003733689475451747,-0.006633812892385311,-0.005688988590109316,-0.055171555661765376,0.014609070359345996,-0.0004062170560999289,-0.010652644233978114,-0.00045595455153272157,-0.000566168813105877,-0.000950493318089554,-0.0005205974949880677,0.002595557076303759,0.7862841400926317,-0.012914552468886781,-0.0065172380900026545,-0.00014279086967874943,0.000890015129373816,-0.07906342376893394,-0.007480516679897975,-0.0018300595807226525,-0.0013113441414979391,0.000582565822626049,0.02022731309896358,0.00018526229902843597,2.3775260343419534e-05,0.007094834308098597,-0.1041185170580106,1.6142418604318115e-05,0.22529285748471667,0.0012268595118378293,0.005484425924715616,-8.138301695848944e-05,0.0009153376858840032,-0.004764092012886932,0.013671569524386858,0.004206056872039739,-0.005334789396705942,0.010198910102582875,-0.00025582487241304814,0.004193832409761836,-0.006964266270062642,-0.008178236439589495,-0.0022299315389116307,0.2243607144276896,-0.0020708745126385283,0.020519821436308087,-0.0038585756890004326,0.01595138331362539,0.008660634349814384,0.0006034968823952231,-0.0030080136008392173,-0.0004589177636668132,-0.08298244623461243,0.004720970580183638,-0.0017455347438576716,0.000651433700165377,-0.040245308008236634,0.000392057469076652,-0.002450878978404944,-0.00874855579604716,0.0025167423614992656,-0.000289842039533186,-0.002040181072784619,-0.02327773387439905,0.0008634349377683445,0.004385091663336116,0.002742297604346703,0.006492231023079357,0.003142198259385006,-0.0005491912777747707,-0.0025021000943100417,-0.0018559507621886922,-0.008212538373541802,-0.027674814358614623,0.001371905145266061,0.007052798369081979,-0.00047001726023413425,-0.001747931130721097,0.00018528750205002494,0.00020522909017241936,-0.016191024717902187,-0.003674064779476822,0.00341300217357951,-0.02139182814988116,-0.00022066731689305554,-8.356249576422017e-05,-0.0008959399094478806,-0.001292042916126414,0.000500343525408729,-0.0020943297114235076,0.016663197678947972,-0.0024980642583717575,-0.023029080366818267,0.007007491204511777,-0.0005498129411537454,-0.0027741992602822313,0.02248193527056213,0.0007153153539760631,-0.01864700543970208,0.005266442420233236,-0.0011640125494080298,0.03555196106218038,-0.00034911101969335376,-0.004973151739325084,-0.010610187813560363,-0.0005696664492330634,-0.003401271043445595,-0.0013978954874371238,0.00198139021065562,-0.010697765647995319,8.144717469535465e-05,-0.08083376296759959,0.0010469592053341126,-0.0008668343664005249,0.04533987057468681,0.011583666609921987,0.0002971006175762174,-0.0009731622423786537,0.0027304618582161882,0.04274069117576679,0.0012715349423103525,0.011667785580555968,0.0010328136810774996,-0.0017141870344148623,-0.0006882652563414554,-8.517200123744472e-05,7.516305597630481e-05,0.0007429666638549132,0.0010105822688617682,0.003965704143397444,-0.0046532933726811335,-0.0003657287396154887,-0.00044952130786070875,-0.001636257240223485,-0.001815408219463627
155,-0.00224222985518764,0.00017655077163826471,-0.00012413483919151286,-0.0018564914261159993,-0.004877707675069882,0.0030036326056786557,-0.008024802413593608,0.012474805635289875,-7.84156682614584e-05,0.001975267253558677,0.00039033290845046087,-0.006758569037379397,0.000507021696992893,-0.001012385700596287,0.00046917384809010143,0.008887137075615018,-0.000844337941404899,-0.0009609470721170382,-0.004154558479900539,-0.0005925469701067651,-0.002915240526269418,0.000767565149912431,-0.00045954735880733566,0.005698478534630194,-0.0011414150337250711,-0.005437414464262352,-0.002092353175719222,-0.0013789076282822877,0.0007636346756078952,0.004258568348032579,0.004037486738493468,-0.014887878135170646,0.00010682211743498482,-0.00012220177088884815,-0.0001595866044895002,-0.003097381343315093,-0.0014513334477104026,0.008296365938658519,-0.00021469208750978484,-0.0033046136347129294,0.002513857702276386,0.0012047298718722114,0.0032551687901425114,0.0029389878209621035,-0.003661059974730813,-0.11909327931639341,0.011749690307761722,-0.01330592676001795,-0.0004421005922546322,-0.004899836949202128,0.02112948660688981,-0.0008651545388623193,-0.00030608672309859024,0.002398310456649882,-0.0005126939065062336,-0.0012289371670492696,-0.0007731185196730231,5.76962579658803e-06,0.0008208588565663747,-7.576995351587373e-05,0.0026800747451438955,-6.14308780559653e-05,0.0022691974412627864,0.001169573094958768,-0.0002700906977673506,0.0058977633000268145,0.0018443516123881308,-0.0007268301684125529,-0.0020895473948462197,-0.00021501562201376584,-0.005356898772363165,-0.0004961934608866052,-0.005861688182093136,0.025874713887855817,0.0005604122715278347,-7.194962427520789e-05,0.0002995483793954276,-0.0010151571999571238,0.00030113761247063664,-0.0015629733707152923,0.005739521383642178,-0.01702770014623353,-0.01524897245512729,-0.012001246123112819,0.0019897918480225063,-0.002447027928595873,0.002816609128027921,0.0006729124495149716,0.0006469276685448548,0.00017061663213096753,0.0006533827017120169,-0.0005049298697673273,0.0008801665424658968,0.003024779049156187,-0.0017032769721247536,0.08364207944894662,0.016823573891236517,-0.0842439695558754,0.0020702297740776525,0.00026579897428794137,-0.001100672443135102,-0.0025263876721996203,-0.0009421179349931759,-0.0012911672829130194,-0.0008780001191896671,-0.007416102376619943,-0.0013304399345580977,0.008689903921394217,0.03427952653676027,0.0026459764227777546,8.765064051756769e-05,-0.016990550135827204,-0.009137743207785369,-0.000562965408644587,-9.995638639978457e-05,0.004781500199163017,0.009574993172711887,0.03599678780657303,-0.0033527964546710364,-7.052976744696422e-05,-0.0005788606734024038,0.014647368592335598,-0.003303682253690507,0.0038452873803289027,0.0001806459134721522,0.027624683446282546,0.0019122756646409657,-0.002858908241193182,0.00016368166870766318,0.003861447451553878,0.009465913276498787,0.0067330642432637455,-0.0022229539931646826,-0.00026656435483328467,0.033620282892399114,-0.012386294311691822,-4.5084970719280054e-05,-0.8373013214239392,0.15408963312414525,-0.0008001746198174134,-0.0056751482776930574,-0.008351312665812044,0.011101884849794998,0.0008401049273192204,-0.0033280246354465467,-0.051996361352777194,0.001804158389514448,-0.010830806910660188,0.04630291929000568,0.005957880880702653,0.003452725111468234,0.0031434936128418786,-2.5910852097113654e-05,-0.00034702539637988285,-0.04625899824235784,-6.3946603589144e-05,-0.003555742154383753,-0.0009307766664765063,0.02042942399736914,0.0005288564214150472,-0.0022342643571824474,-0.004138243615575438,0.009653593824059278,-0.0009485443473071856,-0.005394696576683888,-0.00022765355669523025,-0.0037196509108572487,0.002879393991895074,0.0515833441103124,-0.0013557146104580912,-0.00027385074023083406,0.02785215612074924,0.0014843488254284733,-0.005520093457553133,9.074815948923853e-06,-0.0003012376673061332,0.000835360258998931,0.3657923188177589,0.01697548239170705,0.008762575386816341,8.391817257961433e-05,-0.002042312604507864,0.05613737027323508,0.0007270896066287396,-0.003401077426716709,-0.0010815049441555142,0.0018571052274907393,-0.02233721337426324,0.00029927053572908005,0.0003831619932164076,-9.0879596301116e-05,0.008056178591447059,-5.111011133763534e-06,0.032179702779252084,-0.0013221335586676292,-0.00703071345521801,0.0011414885219912132,0.0006891949247183307,-0.001117441378881947,0.024330309923143244,-0.010486218384504888,-0.00011393186460214796,0.0027205977140504654,-0.0012764136007084393,-0.007206283966195719,-0.01228657189524071,-0.0037539711695401424,-0.0012102012482831338,0.082693134238902,0.000115473155762243,-0.004397686506791768,-0.00027171114751364453,0.01813075601499402,0.0082780524285673,-0.0003443840923201165,0.00023536025348491058,-0.002939167473417742,0.1118848500283297,-9.56825777836609e-07,1.5777672986108052e-05,-0.0007146924306910531,0.11635822391111739,0.001187907790860069,-0.005176830825429829,-0.0014174424151272365,0.005528373132014834,-0.0007762179496288045,0.0040674154848577065,0.013898724040952413,-0.0009498925254013092,-0.0016887058009543705,-0.0020777297267646627,-0.005730922543612592,-0.004875862627885603,-0.0002372766406042655,0.0011567302583496298,-0.001579620199187031,-0.001408466036120052,-0.017917920805825896,-0.00019931906314687563,0.006874697183079377,0.00022764132975361655,0.0022493171645490903,0.0010640112042470526,0.00016669388513602598,0.023640618416291212,0.0005536306197467,0.0014428083966265756,0.010046317535207603,0.0001486304956523029,5.5914139381799946e-05,0.00011549245863257883,0.0001291522309628465,-0.0003426800028227886,-0.0032515203027562818,0.002281955388695374,-0.013590547681983006,0.022474801335569127,-0.003894570895191224,0.0001105069121203131,-0.0030269857709475743,0.011383879687208207,0.00023241980947578521,0.07310852673211539,0.0026794170371326007,0.001439092016562402,-0.047124047191813144,-0.0024404550947325007,-0.0013009871559975762,0.008409943055941449,0.0006256394717078411,0.0026162518606003475,-0.00132284943098242,0.0014416509325709034,-0.006245889149435833,0.0008848659237092769,0.20604648852856983,0.0005518738202672311,0.0018726879259550891,-0.018062159385432576,-0.011086014801682007,-0.0001019011245912355,0.0017404272724372998,-0.002151130865263605,0.009038552789359123,-0.00020276498978425415,0.0037868335289638656,0.005892913647613426,-0.004559315767714539,-0.0038635206116689486,-0.0008273410210468827,-3.451985034678279e-05,0.002824448179860245,0.0036214035220046292,-0.005234483416268273,-0.0015313226890204868,0.006732993911573735,0.000702379956281929,-0.0009104305904489127,0.0019850779201551084
156,-0.00021288815823988398,-0.0007133175091589353,-1.1458693611741066e-05,-0.0018450944836813268,0.0004485600245714155,0.03175397244727318,0.008615649202136127,-0.04371922286854136,-0.0004395171807947164,0.007153328300432638,0.0004344455544928747,6.10957240410135e-06,-0.0006402377752749062,0.018939164848555727,-0.0013924866328455681,-0.0008727852597274271,-0.008190044311602494,-0.0003155973889865235,0.006821630986302224,-0.0031311605220592136,-0.004401815864561631,-0.00025015632863683527,0.0008114201014084096,0.01939324747515066,0.00014981789679464723,-0.013819023315004444,-0.009574662802111035,0.00043356995709749823,-0.025719138204156756,-0.0007570728467279691,0.012036276371041793,-0.0032821769285729238,-0.0002260643236908031,0.0014163661239377247,0.0004976442846493356,0.0004844174278743407,0.0005447201123405373,-0.0023560487414191994,7.543572897234863e-05,-0.02826964807078172,0.0021110798600774156,-0.010789085187991852,0.006916931407732202,0.007252445151010171,-0.003014798910107119,0.014081710957993357,-0.0008006348605827983,0.00248599873311343,0.0010430521217372226,-0.003297509221854944,0.0007866641280899677,0.0026448066427810428,-6.0314932165607947e-05,-0.0037180845106673695,0.000138989000059746,-0.0010185544986678573,0.0004023550347044668,-0.006219262006221618,0.0002378543771379246,0.00024194501972403892,-0.000829168053307633,-3.3158974369119985e-05,0.040085355502434084,-0.0022835099204114163,0.0002686008205965932,0.011005805481880567,5.799498992746602e-05,-0.0018956515875706665,0.003001928408019373,0.001236009542780931,-0.004818360043457004,-0.013741666979584781,0.0021427909282295695,-0.004864441897764336,0.006936488794417935,0.00031088865894122325,0.001285754758432481,0.0006041709954731876,-0.0005092741156763336,-0.0162356007404399,-0.00047132875437750233,-0.0007336234420675212,-0.16902139859983872,-0.028871199479364566,-0.00039523855186849856,-0.0014774008900767356,-0.007053063406932663,0.00011045105582935949,0.0006336212153929942,0.00046052212815041876,0.0012245445977269202,-0.0037927419455908596,-0.0013737563237110387,-0.01577654800690715,-0.0021761050394908357,-0.0017848543673156243,-0.00997901924672101,-0.0009670909708875278,0.0001083103675156797,-0.0037689749259412963,0.001444092891266624,-0.003922344399648637,0.004348705293275824,0.0002838994295941192,-0.004040409429046119,-0.0036528978911795264,0.0003592277186304522,-0.006155543883682015,-0.009750422509786532,-0.0039083052495962785,-0.0001784126896718077,0.0031872379260078866,-0.052364008133978686,0.0003479283481903298,0.0003022815538866498,0.04566809761485148,6.851350696957057e-05,-0.0006796342326392327,0.0008297217092122393,-0.0002843126160603308,0.004883061138585874,0.08542096722297661,-0.01015509992932235,-0.00032048816341177203,0.0064604410964386304,-0.0017745685723992112,0.0008153093788259856,-0.014273267899616212,-0.0013946907504165875,0.016893368673833144,0.003260081016705254,-0.0016953049988694636,0.0003478939289817233,-1.2605814406948298e-05,0.0011121462751100693,0.005380080213627637,0.0006452237386601642,0.029565100724994554,0.0016736858182806189,0.00014497002725911545,0.004672845385154317,-0.042605685665137415,-0.005240955584599779,-0.00025421391651314764,0.002112600097328461,-0.026582738845261078,-0.0023447589364268048,0.0012936419853222594,0.9421330168799158,0.0037435272369194237,-0.0005707819310379833,-0.0017665537389336462,-0.001526096154456923,-0.0014608887877800107,0.007360325617944163,-0.0014374725760229418,-0.014090989011967297,-0.01586937299376664,-0.0007861463177885438,-0.0009432815379407417,0.0013864335177712311,-0.0002826581064294069,-0.00021036412467022707,-1.207226158776286e-05,-0.02589875347034953,0.004083302824236644,-0.03038570918586785,-0.0029882914161137846,0.001918295333293622,0.0007211201607864102,-0.001756842405163966,0.002712526192460698,0.0019589890085851686,-0.012869391982301352,2.361019903699725e-05,-2.1961333548671758e-05,0.0017862917717968163,-0.045513322721661045,0.0069982487304930535,0.04070335909849672,0.00012743782274726376,-0.0012658518108578708,-0.006837281508810029,-0.0005819235501697499,-0.006637599272763332,-0.0015850954972428995,-0.0017648128289157008,0.005209605688932299,-0.0009971431164347477,-0.0012572848222299408,-0.00046407797127826834,0.0027428607745244586,-0.0026851824244156653,-0.04409942485160227,-0.0005031437053178711,-0.0005040189841298321,0.0003501437388405533,-0.0013648886147347428,-0.005931324714442226,0.03885252991898359,0.0003697264391755683,-0.0016511593506689532,-0.0003289098892809814,-0.014358139192286977,-0.0009048149764621005,-0.002605787795396374,0.002506036807751256,0.0007931423217988158,-0.008828684507585198,0.001468567113156021,0.017794391680380103,0.0005682057962027292,0.09507999494088042,0.0019469214166184298,0.0007707630366441407,-0.00023234873175810008,0.0016341804202488217,-0.00693161727311693,-0.0014362906717840748,-0.005561116742815092,0.0016203088621881381,-0.012442177992996867,-0.00010727013193627009,-0.0006786811003070064,-0.0020346632491989643,-0.00011092466129679075,-0.0025268580797633273,0.026938334879390298,-0.0009454347856820089,-1.2773854739665975e-06,-0.0007286947095807574,0.0004202223391187687,0.0006991961147455117,-0.0003359176923675586,-0.007814066981582688,0.015518401618767339,0.003674531454026537,-0.011828780195528117,0.014547109603768496,0.0029321752546076097,-0.004544864357931997,4.84006960664988e-05,0.008699419126955975,0.00017693589849112032,-0.00024578446640117525,-0.004363191280418577,-0.008895978775971713,0.01815331529836322,-0.0008948113980895114,0.00022075568656855916,0.0005886321134372999,0.00045570998337699767,-0.011207517190423327,0.0005745259411990599,-0.01542816880578382,-0.012415870112570514,-0.0005504984713378047,-0.005149253567215994,0.01965216747410426,0.002710456200024489,0.0023457249121266433,0.0066594311863576155,6.231206976269228e-05,0.0004991763309156027,-0.0015969054231468082,0.006213636548715465,0.0065354669481237256,0.0010274790650986352,-0.004907039707830282,-0.0025250292099132706,-0.00345514758756668,8.612531097554598e-05,0.00048512511299540404,0.0008282477943872873,-0.07658633105231169,-0.000524134342984703,-0.022028520500208957,0.0005705496551016423,0.002790789752566132,-0.0026007401035707542,0.0034532830527319426,-0.002131163988860616,-0.0007919036559061372,-0.0012142824685055804,0.049045553974252955,0.0016129603504865461,-0.0035930241093660303,-0.1586791802665811,-0.010077195328055434,-0.022558482399864573,0.0005865144458833968,0.0007127995560065247,-0.003925003360508205,-0.0014337660054151461,0.0025334269149170884,0.0011303621811081382,0.0007173316016122174,-6.839978984050227e-05,0.00021332998355596736,-0.005996264555663581
157,-0.0018876095873265266,-0.00041605677895903415,0.0010098953214984913,0.0015791690729584078,-0.005389033773375428,-0.0022611884512502914,-0.004194872842035232,-0.004139781424606304,-0.0002269261729668029,-0.0004969054530324091,0.0009762690870541157,-0.023206646554411944,-0.0007937352176636211,0.0008489428116433863,-0.0012738127540004723,0.006190060306345557,-0.0014536809363844758,0.0003977406019880225,-0.006597753984076658,0.001739362635153223,0.0020564408512016748,4.956086167302344e-05,-0.0005875363253389568,-0.5794333915857905,-0.00193412628131083,0.006473577774979561,-0.0016562682454711389,0.0018874526730398335,-0.0007723064632479092,0.0014052287032014499,-0.0002926975028116341,-0.03418045361799805,-1.2250473232264247e-05,-0.0016657840318014417,-0.00010185260052622547,0.006265785714784436,-0.004893363894892408,-0.017152035561172733,5.6584171328986736e-05,0.0025960033488374133,-0.004094237703617446,0.0014714940951027463,0.003735720148233696,-0.0003412579661678382,-0.0004929611685343532,-0.03023342899542974,-0.004695110050777385,-0.030355967983378918,0.00015495759256132168,0.0014865183465970176,-0.004021132305851166,-0.001318697987855123,0.00020711291616267065,-0.0015591167932572196,0.0021749566042396223,0.0014096854033203467,-0.001058623433935521,0.0001309208172728428,0.0011375548433283575,-0.000784114308786027,0.015897662814949816,-0.0005588661322130979,0.0027617535980435422,-0.0027176724986935426,-7.299193310145169e-05,0.0035131540076865013,0.0004921616315654795,-0.0009522122835437133,0.0011203722563515569,3.2190330919808566e-05,-0.07866457081082079,-0.00022292826442930382,0.0006688751293145987,0.07907974009496839,-0.00011664779965138775,-4.589536966163876e-05,0.0007566284025616312,0.006295962178421335,0.0006888791637394039,0.00019122525415165605,0.016062054475597148,0.00907424570534169,0.0019707646345717006,-0.002822008400737857,0.004828373962846776,-7.634419589547248e-05,-0.011540940272859894,-0.0007971251191576014,-0.0008378935415249578,0.0008365486215158174,0.0013903240368981955,1.986179458540868e-05,-0.001151445069063577,-0.0018169779078619427,0.0005137079543768262,0.22250482835591948,0.1436275956938224,0.018757990311798436,-0.0008164128892276367,-0.0015069786352100841,-0.003563921731609139,0.002052964123657344,0.023165439988347934,0.003719795834310924,-0.002116855240836709,-0.0016551058062777412,-0.0007725926827530545,-0.01952682148547663,-0.0010882201580347446,-4.9796941034522396e-05,-0.0001608228792599753,-0.03935510758386717,-0.005173787378270379,0.0005583915762003983,-4.7127095865975854e-05,0.007866221323495334,0.0335209269848074,0.10030731278242622,-0.00024648898237495526,-0.00027702556730217244,0.0013996977220611835,-0.001109106585447738,0.003805643724411547,0.004497924582022594,-0.0012049353919670932,-0.006834584546718291,-0.0019687386185491774,0.0003785330921218036,-0.00018032318807847253,-0.0028555241135416933,0.0013640389609886558,0.010619191428120558,-0.0059541769452011485,0.010906529276608755,-0.0014394519246202706,-0.013909683779090277,0.0041939181332828965,0.1652243419557903,0.18008762589391344,-0.002521724079282514,0.009731408931202244,0.002465884012546826,-0.02699205795475916,0.0041002010532190155,-0.001431915969296432,0.026277580881636647,-0.012878226583437229,0.0020048157849721056,-0.0014681344363973948,0.0006879674181894269,-0.0006776374069126963,-0.002967350443169939,-0.0015818437173698704,-0.00020578686191108277,0.09911235875198217,-0.0008135476909530035,-0.0021844005061552874,-0.0031418743852553548,0.011687140363968784,-0.0002611472491204298,9.960177826357636e-06,0.0010960893611002519,0.023113131221568262,-0.00289379569976915,-0.0019241282812512777,-0.0035248263782345426,-0.00046618279429731443,-0.0012235657394433705,0.04956613633059207,0.0048461460084033205,-0.0001482518077048911,-0.017071081305734523,0.0008319540235023704,0.0016737170134139001,0.0012852838558536656,-0.0005354625356202011,-0.004496900639544412,0.11421628185814059,0.0068225249835935815,-0.0006980749805258167,0.00012235862449769264,-0.0010792117036196747,0.13159460902058845,-0.005569467340132438,-0.0025932365032800674,-0.00047871790718678753,-0.0008164590926468297,-0.001988645986154565,-0.00018995226989124148,-0.0006288036043928746,-0.019911005663533796,0.003971940262189749,-5.56477613344597e-05,-0.3862953023644018,-0.0015775278140221644,0.0034705698988581335,0.0005957934047324054,-0.0014361019723786485,0.00015406292557655285,-0.0014925796369375816,0.000878686254885977,-0.0026751892683244405,0.001726221750457091,-0.001660836602969111,-9.387175713777927e-05,0.0011309712221628469,0.0002067933672495869,0.0007059780602510061,0.03442992561074148,0.0046013636702167595,-0.005422823481785501,0.00393696757175839,-0.0008368714987718566,-0.0029117373451004423,-0.00023495155618796434,0.00030832677686174793,-0.005146310278340224,0.4533549089962464,-0.003048376829019525,-0.0010984579445089179,0.0030596290635437114,-0.030642238249513676,0.0008509438880286158,0.0025040212710178283,-0.0028023631293931433,-0.001094465254730394,-0.00012913748488700867,-0.0014904036820092515,0.07568984590889641,-0.0024852211571662723,-0.008305288881273314,-0.0058986406933944704,-0.01410628260037258,-0.01904077835033542,-0.0016868559465381878,-0.0031458287438358642,0.0011086766539252762,0.0009088503697284485,0.004969179793962181,0.0004414851543773912,-0.08475897634560418,0.0007138782608112481,-0.0008450393292825324,-0.00019051925986344966,-0.0003283508579129957,0.08317364115558817,0.011170242000136247,7.92885313229989e-05,-0.05787706162156238,0.0027747898456387957,-0.0001695714425543303,-0.0008125003954516249,-0.0040294561652412,-0.004673969282353464,0.002435140060736418,-0.0040312606641452016,0.0034478239443983955,0.1500545517911531,-0.006396947761056345,0.0018546146558217763,-0.0009326153403413352,-0.008740574468744988,0.0005323232948171996,-0.010899980634450898,-0.001941664879036261,0.0005961588664348404,-0.10070092174795926,0.0006635049699897644,-0.0012842306447724463,0.04300447162403849,-0.00014450252428186328,0.002746297602836706,0.00045052263385099607,0.0018474191399171676,0.001071041968361497,-0.0002635001954166549,-0.044647089839056166,0.0019135731687722757,0.004153560237795503,-0.021091718150752614,0.011105476277136804,-0.00033062644982236045,-0.0006628547189440055,-0.010390016689257629,0.017049008734555643,0.0010786561514527886,0.0003725457310146847,-0.002784568725679726,-0.0017971811292929324,0.00016966945120153176,-0.0010838678441100202,-0.00025045013500826774,-0.19310901344083722,-0.0043267820302697775,0.0007625769248849926,0.001822607600906613,0.0017954594832515639,0.00010928256588117052,-0.0019738298525649803,0.0014787086298885298
158,0.00013175067545316362,0.000364485207488348,-0.00010345998914904194,-0.0009081016243806713,-0.002113520996432011,0.0006896238564357245,-0.0013269318658771004,0.0029533326851864045,-0.0003947059740937301,-0.000432826087068816,-0.0005769296177556859,-0.03146943144132828,6.975985476780576e-05,0.0019770532760660106,1.25744194966553e-05,0.0034540144945218424,0.0007724590663809715,0.0011557947525489267,0.0013846765426159934,-0.0005185322845995682,-0.001050839506556812,-0.00043442400122938713,-0.00012055145227130807,0.22872941699882823,0.0014019197401251267,-0.0005462846220747018,0.00019528196928861275,-0.0007312160386411357,0.00010634331760364877,-0.00030108326423211075,-0.00025587460208446097,-0.013035153816801173,-0.0005719212819684264,0.0002229870529278765,-0.00016470785721314773,0.0009305976677955047,-0.003330963769155919,0.006316065552584729,3.067326696111136e-05,-0.0005406754676455976,0.0012322938612609607,0.0005685371354607022,0.0009368092530034401,-0.0005459394602671014,0.000771895688911034,0.014317518266029762,0.002247721773997933,0.007943126603238015,-0.0037177310820180813,-0.0010041786501275604,0.0008524695562143001,-0.002005278141921741,-0.004024722191697192,-0.003858983190466053,-0.0008534142556390588,-0.0006468849473700838,0.00030493724809128875,-0.0006069995190376533,-0.0012597274661124327,0.00034753269708482325,0.007214906333943109,-0.00035779216671758267,-0.0017845155208271615,0.00037203563080992605,0.0008908107329980708,-0.0019303342050929386,-0.0003649001571852116,0.0017181807486280481,-0.00130003190993135,0.0003992469010736634,0.02693152694574976,3.0278463206602317e-05,-0.0005883695658832758,0.04278538174890517,0.00034636892467153,-8.190223257854151e-05,0.0005504417590043915,-0.002872249972693107,-0.00041768329917355905,-0.0019031094646522009,-0.004831755809087752,-0.0035812430292712664,0.001667315767125331,0.011462024513099222,0.05433554447508435,-0.001910898618243109,0.0031078652928797634,-0.00025964824893572915,-5.949335831464389e-05,-0.0003021029890180882,-0.0015314752903652783,-0.0025870587341649607,-5.933943078661151e-05,-3.025116555591123e-05,0.0004979256703860862,-0.012438345325387496,0.16774831415704278,0.016469074607632986,7.537031193749141e-05,0.0003442223143498638,-0.001184896583172914,-0.001182351231757014,-0.0049559097606591,0.0002438843902417831,0.00038520940677317164,0.0015041317894039668,0.0032715053789086016,0.005336493774421965,-0.003979001194148959,0.0047712215831800095,0.00010004339251034298,0.003196244675817259,-0.0031716518585682765,-0.0006370266347147623,-2.840700912702665e-05,0.001086386161763694,-0.005562752359053073,0.021374732537364997,0.00023815844982747088,-0.00036467911362155327,-0.0002750105573893855,-0.0018612410624297233,-0.0025628164553090672,0.003413737169350454,-0.00013502626551230908,0.007607896178994515,0.0014145310945723067,0.002315616943393343,0.0001261578731111511,-0.0017912951062477897,-0.0012272384099379142,0.0054408413485288205,-0.007547221339223347,0.018251096775930176,6.185336412593574e-05,0.0016030736747331888,-0.001685204267673459,-0.0337401513155494,-0.5624225454354448,0.0013052738656974122,-0.0026295458971920954,-0.0013470703405571716,0.00891229660666683,0.002275573493670595,0.0011255368936161692,-0.005731496317337754,0.006050751705758065,0.001764592345782307,0.011378452645671392,0.0025367278823564977,-1.9259352618687057e-05,0.00041602831470013025,-0.00023093444535234433,0.0002578636307724911,-0.06163542620268339,6.282281050893293e-05,-0.000621384800474559,-0.0038430737515846164,0.00048450431879732683,-0.0003573466444169464,-0.000628431543989946,0.0005031190990799439,-0.00981389610923977,-0.0022614232527381067,0.0011299051435104247,0.0008854553368424275,0.0012211798089559077,-0.0006580752139813458,-0.03451992892292258,-0.002943232340373931,-2.5033369625265117e-05,0.0065406986866684315,0.0021654317703187044,8.136178147532917e-05,0.0007181008155535381,-0.0010449811143491132,0.0016058945361422296,-0.06713732536275484,-0.004820104095164871,0.003723773258206271,-0.00016540507902410018,0.000792626720935217,-0.03195367849519351,-0.0005411188244553535,-8.335993548242988e-05,-0.0002979106109691487,7.21315295302275e-07,0.016096843035727774,4.327565517014964e-05,0.0008423762600511269,0.006269007904511939,-0.0009400612342114567,0.0005074397303151817,0.16507923689776355,0.0029368078323300482,0.0009084887785756127,-0.00016555411335950716,0.00020807986571876015,0.002858054373334482,-0.009423188737629208,-0.0013470174759464982,0.0002513190083774687,0.0032342704660473665,-0.0013176334320054977,-0.0006000562957989989,0.00299178270373863,0.0008426780852671695,-0.0009989235647319085,-0.031920082914861224,0.013408077033673357,-0.004539557610697794,-0.001630553865912987,-0.00376396831899068,-0.0014115699039358963,0.0010080773175032117,-0.0008273736948600544,0.005834384008148716,0.6017789828253205,0.00015482090055212588,-0.0004690044945093938,-0.0007928951675965227,0.005811824172189761,0.00030517820783156763,-0.000674265284579605,0.0005031549227552101,-0.0018399301282056683,0.0006573515176644925,-0.0005292525460239201,0.0575438591863087,-0.002280276358273426,0.0035303894571527957,-0.008300243403415652,-0.0996205584971959,-0.006153901489438827,-0.0004760010690241345,0.0008406126963065412,-0.00040216889736843775,0.0001964561271485324,-0.00015692358580214096,-5.981507584978981e-05,0.0027973129564218425,-0.00040342325742993195,0.0004023956923217048,-0.0004296098632962954,-5.9883794467981144e-05,0.019890603889721113,-0.00215135526144654,-0.0008900874465339848,0.054242005915765466,-0.0015671907153320397,0.00020826345603470325,7.237682994895434e-05,0.0025126330746963613,-0.009830644767260165,-0.0005432659555495191,0.004043885753454664,-0.0006410049398319177,0.15491114395749123,0.0037972211231397895,0.00153396256565929,-0.00017412343987928403,-0.004237939463739876,-0.0004789412284200703,0.0007956620501603281,0.008018947126443418,0.0008303140696088432,-0.05617897679290675,-0.0007657566607067109,0.0008255392074156482,0.05927029132033967,-0.00039343759207113654,0.009324998495747298,-0.0011094636129083766,-0.0006478217382529898,-0.0013779205588133068,5.638326679764487e-05,0.010522867201701893,-0.0008884392941664026,-0.0011462532657752589,-0.0019263671790819472,0.00409883723337227,0.00016076227441532906,-0.0002743195530085769,0.3775867706872137,-0.005058005785627776,0.0014822235679317645,-0.001342091877145503,-0.005137267154021264,6.847701217626819e-05,0.0012355158994556813,0.0035059789800073425,-0.00012291815150068663,0.02227877163126901,-0.0009765468953135438,-8.695228619152095e-05,0.000545578461022378,-0.003787336682010473,0.00025611059739762305,0.0005452699612470946,0.0011523714192530994
159,-0.0006585170183585743,-6.0708186207930614e-05,0.0003085364658753291,-0.00017940839296358532,-0.0030415516430087742,7.514363163743393e-05,0.0018821844202821705,0.0010713881817342261,4.4965098861756564e-05,-0.001248578646294702,-8.23977637248452e-05,-0.003338748103238783,-0.00028569141470850476,-0.0001220065803151267,0.0004137439067306934,-0.003195042383929158,-0.0014477790461839384,-0.000785953687801523,-0.0016199594168892842,0.0013326488449641877,-0.003611397622371641,0.00013449858407767692,-0.0011637438478029824,-0.021568144731293985,-0.002049835081068138,0.0003664598679221365,-0.0006432352936670029,2.869508025244577e-05,-0.0013327513154396038,-0.0005317997905923272,0.0005503613663517502,0.010960641069113857,0.00020081964355765994,-0.0018528474727491655,-0.00010201782772128673,0.0013237914398568716,0.00020546743600518636,-0.0072879608795194855,-0.00011114842105756353,-0.00025252987663221087,-0.0005669240198994394,-0.0004247297978493324,-2.0754749333613603e-05,0.00036779268687411057,-0.001055874513784809,-0.020558438099519877,-0.0006351380862701764,-0.008707205473193308,-0.0014982204292268567,-0.0020856250777666636,-0.0005266259397360739,8.225928126734947e-05,-0.009401761950399889,0.0018024861716661577,-0.0001147178554346609,0.00021712027597476182,-0.0005993793621719488,-0.0003210432899967885,0.00012785074627294512,-0.00037576604190440375,-0.03253897297332669,6.957271005467167e-05,0.0001831233510317437,-0.00224435390900387,-0.00030252282703233276,0.001859781196455205,-0.00046840978607514045,-0.001676163172672285,0.0003154121106835714,-0.0002538587752930735,-0.02425213458080195,1.2738592710219649e-05,0.0006046712480301824,0.009952463216009788,0.00021982203080293545,-9.546653993702716e-05,-6.0950026639104704e-05,0.002259980771506258,0.0005202786373707676,0.00025217673106152664,0.0023906134912516606,0.002080313026415548,-0.0051459094964814035,-0.005314294315014878,0.10226696031720117,0.0013138829241172338,-0.0013451374715317279,0.006502759407090407,0.0009510620688537266,0.00019834760156467587,0.00022541763890415425,0.000453769769340906,-0.00025427366143667795,-3.2231597114675816e-05,0.00020224547911048825,-0.06450912422642797,0.02634435076391958,-0.007670478749185496,0.00020346342885037044,-0.0011528739495482812,0.00011956991465918165,-0.0006803342113733892,0.005205471377679337,8.833510111181221e-05,-0.00020036000230879954,0.00013790113013213484,-0.0002146907168056164,-0.008526586295067305,0.0013846930627205655,0.0008198167419442752,8.771449818658532e-07,0.0010459292349817185,0.0009595215410228061,0.0006673532943674253,6.69708068693919e-05,0.0017997401412262113,0.0008034691738620513,-0.013076880160817626,8.677011776559904e-05,-0.00019635757757006884,-1.5693316318195172e-05,0.0006401087253606111,-0.00014732488028463197,-0.0010925912157338773,0.0007406983163819415,-0.0016948619144454245,-7.974010664285044e-05,-0.0014853991739973472,1.0089494304314078e-05,0.001968418546408543,0.000301820084205785,-0.01745029715987711,-0.012470067030401736,0.027794774837157046,-1.771615485674817e-05,-0.0005561280269325507,0.00022624596180865694,0.015871175147113642,0.22295057727433862,-0.000631820601131075,0.0009880478577624634,-0.0012052063552555267,-0.006718825746943427,0.0009663602644157347,-0.00029484184090800545,0.0020776214804793074,-0.0077363819358684666,-0.0010472059804789889,-0.010546693390059583,0.0007847716922310988,-0.0010960126373877111,4.8387550678964664e-05,-0.0003802677999359493,-0.00036613147548057734,0.02584349602151143,-0.00024804358718114456,-0.00019057084935135415,0.00033552202039638634,0.003972323337215242,0.000575919154410657,-0.0004627830108234433,9.117618533965738e-05,0.004378044047794347,0.006468147962683416,-0.0006382246109367905,-0.00027082046161930676,-0.001429350901721195,-0.0002470503516333591,0.014433513393439314,0.0062604687304148665,-6.387841564469126e-05,-0.0008816277402706792,-0.0007977075128225106,-0.0006689841970992558,-0.0016165756367541493,0.00039790705317820633,-0.00224749145645424,0.05603027495358158,0.0031228758519583986,-9.35287925426789e-05,0.0002574833210535572,-0.0004460305940599934,0.03345744792252359,-0.002242803053408134,-0.0005867156906362173,0.00010816655953075228,-0.0002565006032772964,-0.00795854207683072,-3.442771151703026e-06,-0.0003395880841431225,-0.006981838288364438,0.0015728642904917244,-9.785647846503702e-05,-0.18753597353122778,-0.0014710242801198098,-0.0005029709528944735,6.562079515230604e-05,-0.0006191684604262172,-0.0008983738693896502,0.017333112678194016,-0.003769928381001762,-0.0008721332552291058,-0.0023319856261935596,0.00017023828023705802,-0.0007011792443623372,-0.0038905258560085806,0.00018684620237281583,-0.00044501160854322334,0.02803967686430742,-0.008975937192430353,0.0028655557464785757,0.0008951012829120367,0.0028008378700594286,0.0016882156133386122,-0.00012000855089300331,-5.903704601261501e-05,-0.002509096568604396,-0.3056837601057237,-0.003015878677051641,0.00024952640619980244,0.00015736760223384683,-0.006672921075502571,0.0008462541215751103,0.0024421085410204733,1.496290735162554e-05,0.002270614322775589,-0.0010553328857599354,0.0026706687054871238,-0.0037922033217298434,0.003651893697078106,-0.0044958459396315965,0.0015592121167018148,-0.1373684131792439,0.002585301933614357,4.2422855463910343e-05,7.115369123865574e-05,0.0005238637310308788,3.36377529160381e-05,2.4399597284606358e-05,0.0005189430745940599,-0.015401688845889976,0.0003777776121591012,0.0024718732453565674,0.00037860244285830495,-0.00014682368324157218,0.00392286962669911,0.0038910316912106895,0.0006905221663617237,-0.024032684312641113,0.0006787671781606393,7.410256085145349e-05,0.00011604736278516281,-0.007365908683507706,-0.012462721409288367,-0.0003994362123619028,-0.0011848370087019953,0.0005886051324827616,-0.01045819043638496,-0.003858114980307076,0.00202991863456687,0.0007126291193154176,0.002351805413890372,-4.244969217518952e-05,7.298937685220122e-05,-0.006741078158570351,-4.899888952628604e-05,0.005148958199255817,-0.00014126867119399616,-0.0007024733715207503,0.07499080396002551,-2.848295662647174e-05,-0.005376812830791157,-0.00045840481974049243,0.0006812031135153759,-0.0015123849204739213,-0.0001167089382675293,-0.006906940405152084,0.0004125716430611261,-0.002699062269314993,-0.012309179699553537,-0.0019943185780043663,-1.475691906765124e-05,0.000732160698599396,0.876061405483102,0.0027052163362537023,-0.0018422470269762877,0.0005889049825171131,-0.0022332289349766784,0.001408183756727615,-0.00034524701535198045,-0.0025931171421075447,3.0006491580571344e-05,-0.028944367532455873,0.0007038532454410745,0.0002610632648054334,-0.0009348682278506609,-0.0003203759137404738,0.0003308145196629145,-0.0005139277883146665,0.0015073195359267895
160,-1.803919976173223e-05,0.0003763095010332737,-0.00045138965663213404,0.003178226830733503,-0.0002680431391679579,0.012944010171507026,0.09560209548153568,0.008834920884558584,0.00037372207510172,0.017116391646816328,-0.0002995266053723008,0.0003269354114453554,0.0006147852702699554,0.008987888307719882,-0.0021188467847835057,-0.000685308989378814,-0.00720900824772478,0.001101941796692982,0.0005033592070271189,-0.0027646978014843294,-0.005236311203373475,0.0005784516532186106,-0.00041027509498711473,0.01343687018971555,-0.00252471927930891,-0.002157315601773509,-0.0038843266459105226,0.00011939491626619187,-0.03690872907522645,-0.008601176439907125,0.01639666943358332,0.004404093826971304,0.00010716247495378176,-0.002557277283828011,-0.00010645967760750964,0.003928736743282601,-0.0009542275661479794,-0.00445375852153767,0.00030258640623625945,-0.01960602679732832,-0.004825949107523001,0.0026588577617978875,0.0019771195749613652,0.008723235347207913,-0.003255309981639065,0.00034592464039238414,-0.0002447024563957366,0.0015093119149783949,-0.0008838722007543463,-0.00330909346849454,6.422121755383231e-05,0.001109333260604101,-0.0004365845593755145,-0.013841109821417097,-0.00037753958662013233,0.0010800417914122798,-0.0001478235260219448,-0.00397343888169519,0.0006754296399227284,-0.0005201832395505604,0.0023270027007569038,0.0020485723159882415,-0.006810096482179454,9.671144546231632e-05,0.0002576849832473978,-0.008432575360549303,-0.004368350282452296,-0.0014487334299570238,0.006816573171688192,0.0035897408520866275,0.0012785060284233641,0.0006135412355436928,0.03740536886772033,-0.0020814767565564404,0.014577270086321297,-0.0001573079481363565,0.0005094660385757226,0.0009500002604960391,-0.0001569592798530274,-0.007205168885722678,0.0009787268617528861,-1.3154532883011619e-05,-0.12075719896580339,-0.03512769190228351,-0.0023842272667767075,-0.006610406491165569,0.004260183180751573,-0.0003493157769482853,-0.0006317976492639448,0.00011329277893400158,-0.0011304366563544236,1.7517543618638103e-05,0.0002711412067914684,-0.00905486313708359,-0.0012866412986146055,0.008686469534908552,0.03683140225204201,-6.588155663696162e-05,0.00018444438911727895,0.0023407059173494523,-0.0008469267361062077,0.0023874524314735504,0.0008117024320167345,-0.0013406646596723307,-0.0019699991632708205,-0.005912330906813215,0.0004863029220370065,-0.002158346819936616,-0.0009364518223629816,0.010662813703679717,-3.2527827058250955e-05,0.00023706463707355075,-0.005292054796158108,-0.0005277953609901891,4.5773414458997325e-05,0.07967880763002853,0.012630791610935162,0.0043703920719259355,-0.00029870510448012856,-4.980552934212573e-05,0.014868159833133833,0.035976789318162346,0.0007802907592862978,8.603524266987084e-05,-0.003535409132442344,-0.0013508712927006103,0.01930915689453488,-0.00924468041858179,0.00035742739731301626,0.005354062335784309,0.00453746905400076,0.0015560262160481755,0.0014729104154867102,-0.001739408194500653,-0.008852383895693247,-0.003047261541812719,0.0001246669184327264,0.015563288806818095,-0.0053176889176683225,-0.008950574372454806,0.0013023343411141843,-0.023443895673992406,0.003947885540115997,0.0008879121654220396,0.002215682830547674,-0.005216411739259671,-0.001001104610524295,0.0004823101830503341,-0.16081638446037222,-0.00451031329329122,0.00017741456670464223,0.008558817602853852,-0.00016979791126078402,-0.00043220484530909865,-0.008188001478615512,-0.0009851841161522968,-0.015282562572482965,0.0011041399485231314,-0.0025279199371114466,0.00045304743732368295,-0.00023896805136288605,-0.0010815191286491972,0.0010095189289433541,-0.000957403104265377,-0.0007532804356813146,0.008965666242707972,-0.01343455639780942,-0.01871687301683862,-0.00041237768547639116,-0.0032718509433134046,-0.0011011170025065431,0.006092937768434498,-0.007097727067510237,-0.016535014160365,6.931075940553623e-05,-0.0002840650958977511,8.122734920713675e-05,-0.01883869980765758,0.006313707098056695,0.0418749269014871,0.00011023674358855498,-0.003074547499430049,0.017480437940886932,0.006866087880471743,-0.003175531420610711,0.00065843836575482,-0.0008877565292601029,-0.004192382958436927,-0.002712778671844367,-0.0019063589588395246,-0.0005782593058071255,-0.030615216527099906,0.0005683415955754561,0.012792668313609881,0.00014583167948348155,0.0006183951368317927,0.0009805956897157135,0.0007385934697825934,0.00630139563741732,0.8631076218335566,0.00044716020827151445,-0.005922602467908199,-0.0007760150305286967,-0.003992303165720485,-0.0007432768731164062,-0.017056173901309514,0.0007335840026253589,-0.0003268547077533747,-0.007258378577117424,0.002209963553322257,-0.012375725931687802,-0.00014394320963726382,0.17566423486037183,-0.013804653115972747,0.0001292516015117288,0.002735034043543467,-9.447118634685944e-05,-0.007746317993774175,0.00039709384514119775,-0.0069789622429241,0.0029918759175692946,-0.002372743218260631,-0.0005853176911424294,-0.023195249727630842,-0.00200795431988712,-0.002463439634966855,-0.001014851756459858,0.11172013012718744,0.005591616964406729,-0.00021074069363623033,0.00041657603090472636,-0.00017559045488366263,0.0030169259941846124,-0.0005901483625220315,-0.0032890452731458935,0.009722316392465558,0.011661127777682202,-0.003978264518555824,0.005949497054927348,0.0110279379473836,-0.005982604422824534,0.00012713694828789777,0.03535683811928255,0.006881427898329521,-5.487095872701341e-05,0.007724808656356764,0.0011594932875130018,0.027754710591470458,0.0008909495509728806,-0.0006499747256031674,9.636941434965074e-05,0.00015790765727849649,-0.0008015841738978361,-0.0006879126175708865,-0.011040908545201912,-0.014384570584671182,3.912077056145158e-05,0.0340717430794273,-0.0025676581151978686,0.006893439602393556,-0.005869619904426419,-0.008633215371087594,-0.001032966046819352,0.005754461992684951,0.002659286980516487,-0.0012572062208482488,-0.008617673173640001,-0.0014736081207640476,-0.00041940570088895373,0.004263762697180393,-0.003976981112024009,0.003924715463953825,0.0007763560200143587,0.002514432706191093,-0.049800841901051406,0.0008048221447400838,-0.007874688426459829,6.661538507203059e-05,0.0010032908016217746,-0.003054385678540485,0.0007463095886490572,0.0003427952862512483,0.0033810509814894223,-0.019576341071906648,-0.013967179100323399,-0.0011031088658579667,-0.0019537193703768026,-0.3599997718082811,-0.012320916341712703,-0.014271420290366127,-0.0005352839802148636,-0.00036859363262451914,-0.0019040848635620915,-0.0035982602196118246,0.00044808061859248746,3.57629430221763e-05,-0.00042187435196202553,-0.0009783815350598523,0.00044000182525384473,-0.009858994065132427
161,0.0012288469514259083,0.0003792083842863482,-0.0003303485361956333,0.001140932705386861,-0.00819940046322943,7.92850635806721e-05,-0.02613209588924014,0.004355689734909204,-0.0008622520365677254,-0.001141201003892204,0.0004243449708156953,0.008053235870334796,0.0009940658225209029,-0.0016268387809292234,0.000696342278882732,-6.706301373517534e-05,0.005064603719394496,-0.0003971790026473451,0.00395733585506787,0.001489615472626174,-0.0010996340787533688,-0.00046489700867741613,-0.003878858571364356,-0.2609324120848232,0.002254727403927362,0.0023789424161101483,0.0013872217999472275,0.0015335780460158967,0.003339071670375424,-0.0003783440901801525,0.001379722045391038,-0.011388590841432775,-0.00042563387310574213,-6.672268802123587e-05,-4.2978245605517634e-05,-0.003073004814748351,-0.01130914026828081,0.022247511250522992,-0.0008716579496027025,0.0072657234127695616,0.0038240793608249417,0.0014045188333242902,0.0069961925541467945,-0.0011531111664233665,0.001467283508206036,0.02264596628725711,0.0012464318188355056,0.0285648754732035,-0.007652040763508209,-0.006574444998573622,0.00011700682700678533,0.0006592662711822552,-0.0022741771681922783,-0.0027872637932882757,0.0005639710512141335,-0.00010534690305225546,0.0017248791674599473,0.0007457980503513119,-0.0019287746732193154,-0.0003136658771796322,0.03487185351973826,-0.0016813515309850716,0.0012037818604864092,0.004982515997793597,0.00012015456270320773,-0.002597879100833478,0.0005082054170866455,0.0007885722286431231,0.0002918569224844266,0.00022877001900222828,0.04779356615869376,0.0013039760551044003,-0.0003564487962376482,0.06498866997827436,-0.0019629935264376844,-4.297778691895234e-05,-0.0001050425476814827,-0.004945571312867776,-0.0005739822450660363,0.002526137566190633,0.01763874344127227,0.00024440659444865,0.04005780619193204,-0.003268412087749713,-0.006705974049005551,-0.0005657517868330221,0.0018587746483933257,-0.0019724488274629106,-0.0008527306810843997,-0.0011456613102662702,-0.001929939841487616,-0.0015253306722748119,-0.0004975504036175121,0.0005914102815596546,0.000561042634898588,0.010720893389831825,0.5324011033833467,-0.008230978065544261,-0.0004967234889351807,0.0016501053703886052,-0.005241988955292407,0.0005062150641819802,0.0033690980183527716,-0.004154795162613439,0.0011298144454281994,0.002444809546286732,-0.0022382688124594763,0.01560187906374629,-0.006584256202256699,-0.004845268347036585,0.0001287469136167247,-0.0011991567684140503,-0.008942598921946671,-0.0005444448627704747,-1.3035175576929514e-05,-0.03447712063566874,0.0007664791650513472,0.027837943870262706,-0.0005940563863283364,-0.000848853591051905,-0.0038530287946436067,-0.0006656045144316034,0.004002883200593574,0.0023583904936547765,-0.001009439784192434,0.0010996886328199906,-0.0001075064896014727,0.003919878245092245,0.00023032887615446335,-0.0017741963872343544,0.0006631943589309489,0.0020107640944682635,-0.0018945757050284305,-0.0069544258099501,-0.0028397769892631094,0.0009764722255654226,0.0002292165595347978,-0.01585703113631906,0.07305258248045836,0.0005643159388668481,-0.0007238524539351088,0.005571290349608763,0.04720495915164903,0.012810195670664682,-0.001735852175964975,0.0019297386738000612,0.019472051759331276,-0.006605671520901176,0.04806409429071714,-0.0010594693617772511,-0.00035525546450613284,0.002274754133934241,0.0018675897142358426,0.00029925267726351297,0.007111810449155355,-0.0002830587540696877,0.003122575944340674,-0.005552250878408908,-0.002605819703847451,-0.0016137147749663962,-0.00014306423205856175,-0.000954542081482502,0.01413449289850995,-0.0004437223317563313,0.0006844187408683311,0.00048660763383680423,0.004073492283045176,-0.0011789679185478848,-0.04029233913553277,-0.0043593766272912,0.0006742952776623481,-0.0028925241431271356,0.0014073650158887366,-0.0009727084582697261,-5.5718018075392485e-05,0.00012433625741107042,0.0054520092014145385,-0.09485564010282345,-2.8638432003165546e-05,-0.009919094785048837,-0.0006206447234380352,-0.0018294620465095965,0.05326474108270714,0.004122044364542469,0.0006650091681564725,5.170566811440319e-05,0.000997265950109908,0.0003479596918775326,9.00342161689327e-05,0.0008737548172060099,0.01514972628558965,0.00013863991231125744,-0.00016150877784378015,0.4844282012689387,-0.0014088982109257894,0.005958402970822747,0.0009041700667943471,0.000884606515927028,-0.0017113860022500548,-0.024071838549137962,0.0004088733154883322,0.0009986716780530994,0.002662994142680145,0.0045161298650918166,0.0003937666238112089,0.003500853449848613,-0.0012579852023395198,-0.0009464116939907671,-0.08207439380142116,0.0290672304294952,0.005711511083444155,-0.0006926577703895466,-0.0013200718943777016,-0.001157607979804928,0.00019637343542628152,0.0004823533388695027,-0.001963580755032529,-0.2858621995018973,0.009424548505350495,-0.0007093291807303949,-0.001797108268108746,0.013018674319261788,-0.005742383902157946,0.0035189729375112444,-0.0018497209470216313,0.0040012877553235494,0.0014670101660754196,-0.0013842052204749312,0.12513427468409055,0.0015180657086992025,0.010968040194155657,-0.0007234556911443757,0.009970605709997341,0.004203711011774559,0.001134533534180697,-0.002973725333507343,-0.0007601517890160889,-0.0005146303747007794,0.001947285107618866,0.0003472867821905446,0.06163380909444668,-0.0009052979260123339,-0.0008558403911482827,-0.0014851899476404221,0.00010228855142625781,0.1065711959062262,-0.007629473652754098,-0.0007815305912461025,-0.000699295856810414,-0.00024638537244862794,0.00019282651053469102,-0.0025321096561690625,0.013248273658748862,-0.017232674552102922,0.00021371451452836115,0.0009348807296596414,-0.00035348269427466837,0.4703120743192529,0.012895340586971837,0.004939422719255914,0.001825276278554458,-0.002249601709297694,-0.00024659203145166626,-0.0014397765677367311,0.009519552602526293,0.0012767781319899729,-0.09998631223744166,-0.0008709475528834373,-0.0010291343176307777,0.10412735465393624,-0.00033355594692643876,0.01201337059806713,0.0002542920863880275,-0.0007428829554847419,0.013403752636705022,-4.413336822198938e-05,0.0055603355214545215,-0.0011656377857746977,-0.007269666788153433,0.05245830051353011,0.0008841028514947555,-5.68013368489155e-05,0.004243830349907753,-0.018590268409974672,-0.006765952860954319,0.0005154766281185975,0.0013360815227816624,0.014707488525334106,0.0047616077414232676,0.0009571218671274029,-0.0012499742733601271,0.0006601132263958087,0.07026381007593391,-0.0003838854605139673,0.0009323175601067841,0.0027524947988663544,0.001179430994486464,0.0010297417470934885,0.00039547865652872624,0.003248821431836418
162,0.0015002933235997756,-0.00039238015901962853,-0.0013006692098136109,0.002270367986494526,0.004798802011027976,0.00014100026941701524,-0.006418297059958795,0.005698446107876641,0.00039666752121885265,-0.00031727884827990535,0.0007803314824599387,-0.009123830070591591,0.0009502619159506716,-0.0022437511278367607,0.00020485957109573835,-0.003252385175197145,0.004837347409596321,0.000618422366607474,0.004996037417426158,0.0013937566568131346,-0.0009604765645089171,-0.0007165993107105264,0.002500373157660364,-0.4144529503563621,0.003620398104070839,-0.0003389317277664172,0.0022220692684163795,0.002025111212338195,0.0016094960331489074,-0.003704164395892667,0.0008290755973607289,-0.022812928859513443,-0.00026686574690316933,-0.0009738182766919866,-9.5188533434383e-05,-0.0056864028904833625,0.0075939161570038605,0.02932706027864785,-0.0006928279737529863,0.003974887095963004,0.004017348985785271,0.0015178932002124336,0.0017338527132148584,-0.0001799363612870761,0.0013974452968013307,0.0507413773353842,0.00011815040855959677,0.03397732015032194,0.003890298668856493,-0.0018519227337477427,0.0008176625219558989,0.00037874918878070727,0.0008325533588745132,-0.000438517384594143,0.001249697474580494,5.316678231115715e-05,0.0019265979785026838,-0.0005660473943577197,0.0007666484698558844,-0.00021349574641836566,-0.028395536640157957,0.0012978337173326076,0.0013511079784239023,0.007164758022604681,-0.0001813244618323398,-0.0019069239394167066,-0.000616764791019585,0.0018303136714890008,0.0012777109620906615,0.0004215088726821775,0.06124598773928173,0.0008594359013580077,0.0025177746171766045,-0.021083600956275098,-0.0006566440165197821,0.0001813304309724699,0.00012309079239659904,-0.006484932876427013,-3.071947871916003e-05,0.0017919024770471697,-0.002599377722135066,0.00034837992624614945,0.015850799451311487,-0.007755775344300776,0.023846812935795245,-0.000990046702654894,-0.000669180571671743,0.0026534001121651055,-0.000156309136000675,-0.0011049235302466043,0.0007703446868805239,0.004575286192653033,-0.0001242833485862434,0.0012567001490056615,7.118100584051386e-05,0.11064852809665233,-0.3849999739662687,0.008945646531316553,3.2079599880123835e-05,0.003180115504673309,0.003996207861481874,-0.00022182395436204567,-0.001905118503041459,-0.0034776618837295617,-0.00011188627581022736,-0.0005794690825328477,-0.0010953215300689486,0.021388408903680454,-0.0025699807217828084,0.0008581924082919437,0.00029814859790487994,-0.01295437434167197,-0.0029324439763508377,-0.0008048989648488103,-0.00014060736838581583,-0.010293223897804658,0.013468868778250319,0.0162782803611118,-0.00044171390748894146,0.00086318435426263,-0.0005186428080642819,0.0029770185817210373,0.0035321958418676634,0.00014836842324882733,-0.0031930795858569963,0.00998873152116082,-0.0011695207985801068,0.0019303205101800186,-3.9762761823332327e-05,0.0014284718696784457,0.002070245821247398,-0.009812498521115707,-0.0036916413428317568,0.009985174597712693,0.00493162826174594,9.067595545689169e-05,0.0009954580928065206,-0.005086294218842394,0.17438628346030316,0.0005908493208860999,0.001577632750855748,0.001286142609454706,0.018862269834277523,-0.008320849803407965,-0.0011821109106701672,0.007977281344432572,0.023333638381460214,-0.0036565002840592605,0.02477775261901568,-8.242991470944769e-05,-0.0004010139085279885,0.0020456685081884345,0.002522089109681998,0.0006175752465520049,-0.01130863492340748,0.00012499842762752467,0.0017305440995158614,0.0025855582174360743,-0.009542661582925702,-0.0014755004928989242,7.600222768752891e-05,0.0001641281844109141,0.0029272978181381216,0.0038823832927397384,0.0011154230488065607,0.001579716145047435,0.0010861077576042478,-0.002483481760459861,-0.05128177457780017,-0.0015687981907355607,0.0002460771679675365,0.0008434226888124514,-0.0015671675370766223,-0.0015508438218290836,0.00021965138828800804,3.621452822834125e-05,0.007034407510812601,-0.13069536971704113,-0.0010110968477524294,-0.006613772288051293,-0.0008686285272314354,0.00018413346595021066,-0.0027673585772902166,0.006414786012072883,0.0004205662742757946,0.0006470051617301215,-5.772236323644316e-05,-0.005700566074902126,-0.00040985574877663855,0.000603788682466174,0.01962954161889842,-0.0036453766243897774,0.00020091652891095213,0.5953079638954509,-0.0003520890233073906,0.00026722865948126256,0.0001303386410853812,0.002411004663030165,0.0012580950470348108,0.031241486320415353,-0.0008649937325682661,0.0027269389439446984,0.0033944879172549697,0.002497269638019828,0.0009033507211087706,0.0014710514930431386,-0.00216831442912643,0.0009897707877040425,-0.09419655404533046,-0.007067767547117762,0.0007138189657380192,-0.0006453285804961933,0.01261665431122866,-0.0022563532109046037,-0.00034194394960969376,0.0010719764762113554,-0.0012671472252154341,0.22694145152881606,0.012138020419672046,0.00041946869833479894,0.0008317987863658252,0.017573957604990698,0.004995154660701974,-0.0018841347982176855,0.0011474592409390627,-0.003927971006854737,0.0017775437493874765,0.005141169017383351,-0.06828126557945098,0.0008430867432238157,0.014281665870685545,0.00021151035636107762,-0.029076055296527265,-0.0025752897761583456,-0.0003499248578912558,-0.0020726415689687637,-3.885025896247245e-05,2.249456741749631e-05,-0.0014705517750354768,0.0009114049441646451,0.06444546481314507,-0.0010724940856227678,0.0010869815708383725,0.000538663693121715,0.0005227489408193564,-0.03548002726753705,-0.01159776757443198,0.0007981380965545242,-0.11252144211775311,-0.0007605293743069398,4.2000853994885595e-05,0.001682432385352194,0.02089092815522532,0.009263644996027234,-0.0010436679135780863,-0.0030038430617706433,0.0009192714351095458,-0.3328085856164084,0.015203942033111732,0.0011071058684425884,0.0008679013440632977,-0.00726228658050318,-0.000522343843338928,-0.0038786730891192077,0.0014676851867196604,-0.0018622352220061251,0.05383513788075002,-0.0010676759072780762,0.0002125030891235698,-0.05229499434885008,0.00030422560189661706,-0.015377865849595176,0.0008604079358152522,-0.0014101425194904425,0.0061292899344211945,0.00047739684931288884,-0.00510159807896769,-0.001036185615394005,0.004047554310239901,0.06920878938213867,0.0019586555935614735,0.00017022660043321952,-0.0030882526920581804,0.1823814314025649,-0.0067947340690586045,0.002178447253758952,0.00014633730248886498,-0.015125117530375414,0.0010624636557821261,-0.0002015921333389653,-0.0019608060455788834,-0.0010546898941203378,0.07304869241384003,0.006141706240027649,-0.0005089597288776945,0.0033200602475882066,0.00040110667795488497,-0.0009079182852807753,0.00010256602000485119,-0.0029587791103435237
163,0.0013565249801883263,-2.3826629625071927e-05,0.0014819511562678906,-0.0010270399794594382,-3.6322027181919566e-05,0.0006451281651497515,-0.4866605523485009,-0.0037282712107898526,-0.0009762958200263648,0.004829391976571357,0.00017583027858447328,-0.00036455062896092495,-0.0013157092092034137,-0.04410135491601912,-0.0005183037832001761,-0.0011116809663969142,0.03767045383645779,-9.22037364900069e-05,-0.0012401287009248113,0.007780082087209445,0.004628025695554601,-0.00020578539262195664,0.0008797332337019317,0.03386450024562581,-0.00278431405800305,0.032347426091125245,-0.010362448524996147,0.0036371745206669366,-0.0004008345441797439,-0.0009774135063760434,0.007388186241595915,0.0015391733268770094,-0.0002038911872424276,0.00021029566401730392,-4.964752854871857e-06,0.0010857757021595152,0.00023736335127890265,0.00020938157710996162,6.539152821672875e-05,0.11651031192681521,0.00287257704159219,-0.0006036497202898174,0.009183305055651741,-0.006274088882358251,-0.0017235638075175364,-0.009782348958695754,-2.307850653956306e-05,0.0032112425481573142,0.0006730198488016093,-0.0007000184689651438,-0.0005640806494875486,0.0018107448481170189,6.104883802147878e-05,-0.0021318257198405313,-0.0004900520436961955,-0.0036866655220783064,0.0006653724173003514,0.029074925300687997,-0.00036646396071464285,-0.00014288519574241765,-0.0001270376483726316,-0.00031551471074793287,0.0039339803703566465,-0.0018902762143641503,0.0006978412360262587,0.004634313976156597,-0.0014006746140677565,-0.0030265241539193135,-0.0015277657046111374,0.000791059068491029,-0.0015693746067430014,-0.001426742092995233,0.009507854709236973,-0.008055144654630595,-0.005045867435463133,-1.5494031948809495e-05,0.0008298967692262349,6.920141804306681e-05,-0.00036928675447301176,0.04582163814301582,-0.0014062103216634261,0.010170832324633644,0.6779561849122322,-0.008958264933720015,0.00013873623716218245,-0.001508633931689013,0.012005170482161098,2.1517699542936142e-05,-0.0007415981197045115,5.248652731033865e-05,-0.00031846796442015855,-0.0007223837108611489,-0.0004641645577227044,-0.0041745605551224,0.010070444339397442,-0.008961512750704871,-0.014190755289589635,-0.002669226264582422,0.00027915022684853186,-0.0012972598359347223,0.0016668123096637531,0.00010803311037829201,-0.0006203965053287368,-0.00023532049607943167,0.012075577212554743,0.022704416979628765,-0.0004041602494392739,-0.0028890086744629163,0.0007890715821610127,0.0011086872131205322,8.857825698510569e-05,-0.0009534070938641594,-0.15194659058640006,0.0012841703897524884,3.8168979765274e-05,-0.3030217820761066,0.001036210828267793,-0.005399537344730103,0.0008270887676389161,0.0008913745455097887,0.002765443840592347,0.014236746688222036,-0.003382636778281904,-1.7445472471897374e-05,0.013153590876303281,-0.0036876662891999444,-0.02272058399981629,0.06129176433768978,-0.00023306001762544992,0.0045919989988470085,0.007698488994754379,-0.0004374631182717274,0.00045710652926518516,-0.00023493615450803293,0.00027396230127811096,-0.0005996559542381149,-0.0007919667727066607,0.0005354711272994722,0.0003521541513691901,-0.0026641549024484894,8.340103377295349e-05,0.08305484568085222,-0.00425170253348389,-0.0010633379963733184,-0.0006499785244565986,0.007770323547786822,-0.0007225930620411631,-0.0006971844829709496,0.144575217434426,0.0030413188906082186,-0.0002765750061746538,0.002463543998887612,0.004679366180974696,-0.001416318671154691,0.0009430800493163728,0.001124793891843022,0.0355156069825667,-0.002200120433507902,-0.0001491294025247321,0.00037605862971316906,-2.856392794085708e-05,0.003181875211219571,-0.0015051285152446472,0.00031858309922761473,-0.0023607340866708404,0.008120904266804287,0.04964729401534543,-0.0008075705402482335,-0.003094984395966725,0.000876650231424525,0.006064823570591547,0.0030190149970933944,-0.00444348130030343,-0.00654722796648805,0.00011678995682727622,-0.0003974829011676532,-2.920216733775247e-05,-0.0015555266309312853,0.0011798817353539516,-0.05630487637965184,-8.69690386027383e-06,-0.002984365587123198,-0.002927788789151859,0.008606737633261414,-0.001877205820395439,0.0006355928228405673,0.007665846771881727,-0.0020367811805782066,-0.0002879457353460674,0.001902539048245019,-0.0005311983844416002,0.02336624143192727,-0.0002779319117918221,-0.04976894525131144,-0.0004383075089638283,-0.0019420831407000118,0.00040227671361640774,-0.001580730752653293,-0.0016428913080755551,0.20403751966458777,-0.0001658670261386868,-0.0010592869947598366,-0.0016633850381424743,0.03503662162045561,0.000938489089678298,-0.012518883331615667,0.000714110287775651,0.0008388654288093034,0.024218968853556455,-0.000932739436931804,0.018523679970797714,-1.7825640500332418e-05,0.004560480137702725,-0.0004961201672735997,0.00024303665253991996,0.0011644383168939976,0.0007395234785887756,0.01410890456999541,0.0008136298088915056,-0.001647675243160978,-0.0015090397305549679,-0.0032091138911707786,0.00035915907878423994,-0.03344537186665405,-0.0018413057805377856,-0.004531655297745049,0.002913138691037869,0.03500020870451289,-0.006881874051150535,0.00022060873603504646,-0.002588974560382747,-0.00024963216559920585,-0.00045179038903908793,0.0004573092511403901,0.021909333000130052,-0.03374898764768531,-0.011365097863345532,-0.001977136612933781,0.008395481223720962,0.003406841148929491,-0.001940266760431776,0.0001764282305556017,-0.01304611679444135,-0.003930864111134144,-0.00014589210003212137,-0.008278841042841698,0.004407000985955373,-0.0020487658725265915,0.0019145745377910856,1.9077979189929383e-05,5.4871335738893023e-05,-6.176116936654381e-05,-0.007573419507296281,0.0006099622372165794,-0.004825836628394748,0.01993206406106803,0.001154058486330255,-0.01935079985833199,0.0011879513616517897,0.012651411547338579,0.012988033395741751,-0.00024594575799584406,0.00012350857619675137,-0.002036409678886351,-0.0021830250951131265,0.003232416923834606,0.0035377548763823215,-0.0015606486416103425,0.0035924663403477455,-0.005229721211280656,0.0003406683812197384,0.0006939158598133538,-0.0008833243198346763,-0.0025923521859270993,0.2584209682419834,0.004623999064674915,-0.002287605000371268,0.0003152495352020633,-0.0005755615141483494,0.001712981490441648,-0.0007985893490697407,-0.000475201054412705,-0.006299380387799947,-0.002339522861499046,0.016591739015169964,0.0018899001987741119,0.02461879702889943,-0.052927562279846144,0.024414001417199363,-0.006687584506074509,-5.3192440587952056e-05,0.00014463630222018298,-0.001575431605867747,-0.00016161135915870265,0.0009641042005844155,-3.0011118105216505e-05,0.0003259407074189813,0.000854956225548752,0.004966550353951974,-0.007419106576639724
164,-0.003310899735791471,0.00022388118035804316,-0.00010501447208654396,0.00174611571223656,-0.004535961374776375,-0.000851514276838097,-0.0017650138094341232,-0.0006254796077306349,0.001620865495694554,-0.0007165542531508348,-5.616362139054809e-05,0.0073502972054597625,-0.0005310259717335088,0.0016862340021701174,-0.0017156860813945657,0.0005607497865175101,0.0024771790116258283,-0.0002211884365369149,-0.0003127544367496349,-3.528726209696409e-05,-0.000727192665042592,-0.0008692402931311481,0.0028536951944932235,0.05096561050412409,-0.0010836712072627847,-0.007233546333366633,-0.0011247973003923467,-0.0010396369992604904,0.00037123201472061274,0.0025494285141801284,0.010298377109481031,-0.021385136760187842,-0.0003866362912578053,-0.0001096035232928446,-0.0002482621551095094,-0.0008643311526306588,-0.00598313298128865,0.005365095242565573,-5.609553521695662e-06,0.0028713940273312547,-0.0011355333295400023,-0.00016442083002877333,0.0013687819194469755,-0.002600793075062537,0.0009215267996834507,0.015328509461580616,0.0024867319739905963,-0.013696973070972736,-0.0024972970126861944,-0.0013798706929106308,-0.0008282418740696816,-0.0006977832787262317,0.0021987663231449166,-5.731147945143948e-05,-0.0006303281117202809,0.0008091218336651372,-0.00021928445456509751,-0.000821987459882658,0.0010257153965004206,-0.00018133569455878323,-0.0009282633277359169,0.0017493646601856195,-2.4604594632195165e-05,0.003460126304269868,-0.00012420002390597885,-0.00015318837502153234,-0.003984005771553847,0.00035121969496930395,0.002892016760408413,-4.555841167832794e-05,-0.04081152855887037,-0.0001533731703183645,-0.0011932927549471101,0.03462016335872243,-0.00022742380703827045,0.00011765757278791797,3.218846221181987e-05,-0.0009410802194145303,-0.000286542958941368,0.0002635405783654107,0.0022097209400502088,-0.0006280520079091495,0.008486905572486577,-0.016232416324207743,0.005657112337259943,-0.00037214500293543396,-0.0009716158467560909,0.003812255583240696,-0.000576659292601016,-1.6877422691151823e-05,0.0005903400412947998,-0.003696053395328696,-0.0005691418333679588,-0.0011992571932989363,0.0005876711880064715,0.2868929850419584,-0.13817682923904234,0.009241108917621189,9.143729167999503e-05,0.001165639731420876,0.00234262060574058,0.0010230571259710278,-0.0009880126473143583,0.0019758923611519416,-0.0009704525583705687,-0.0003706933076747137,0.0011064292546461665,5.080513532069921e-05,-0.002388554821289356,0.045738245957914765,5.086358212784241e-05,-0.009887179499942734,0.001132967125875301,2.946205278718311e-05,-9.974414973176532e-05,-0.012501515933988,0.09118066898087862,0.18751627313647204,-0.0014089914630115244,0.00018859556370424816,-0.0013138786302517302,-0.014449720004451272,-0.0009170031261989233,-0.004426369424949951,-0.0004658859719621142,0.007952833191412807,0.0025050353618959243,0.0031104724861994388,2.7557916527642945e-06,-0.0007826936004899595,0.0004089524975502399,-0.014409246528490774,0.000523786526409773,-0.002044233469589211,-0.0008613422718591161,-0.0029717592750802416,0.0002234399833787896,0.0032562758015913656,-0.30984537300815146,-0.00354130122243115,-0.0004920512286109447,0.0002080275059355846,0.014690580740682965,-0.0018382777065936238,-0.0009388898499938284,0.0003989386930622098,0.003539393466048598,-0.0008575959389481979,0.011062808327254895,-0.001752430956777159,0.0014112391173427916,-0.0010515158686562227,-0.0005762698236615816,-0.0001737651120232552,-0.032500015728538556,-3.299241882570681e-05,0.0014269458191527589,4.450352640467635e-06,0.001049652650714621,-0.00010905880044776751,-0.00016060236191323433,-0.0015886736397595113,-0.004965796711577754,0.0009785440896618305,0.0017383392295236477,0.002787864137782991,0.002310616701878961,-0.0026364364018447084,0.0037198638761002014,-0.003294423044053609,-4.208995971238978e-06,-0.0010502369452064261,0.0021281863586025567,-0.0006897622813718546,0.0005692810395734288,0.0005242649303290848,0.0003876243814746122,0.013459447840679104,0.0026765685972043422,-0.00550505415538146,-0.00028219319559176503,0.0005612968107349032,0.7893774706391963,-0.008254829473366187,-0.004129471459758361,0.00022379877501864376,0.00024340714671232454,-0.010998648119147435,-0.0015899455297034223,0.0009589118605904316,-0.008220679095752255,0.0019436680021980078,0.0004737302612953208,0.058211347647898294,0.001940453479840381,0.005951268671210143,0.001997450601410539,-0.0006064421877543888,-0.001247151736766022,-0.012577537123415571,-0.0013247812354885416,-0.0002608122146685477,-0.0006547408789440243,-0.001493831867351806,-0.003991438965020463,0.001060281691997644,-0.00013377426945672833,-0.0002645079386499052,-0.07652818544419929,0.016836548473253974,-0.002740494452683248,-0.00035877103624267805,0.00031633571219495844,-0.003026424516697812,0.00025952711294823395,-0.00015987052311011306,-0.005878301166411759,-0.2314264968603101,0.0019063574799389402,-0.0031850991559386806,0.0015508982898125726,-0.004463022398023754,0.0014151669549962772,-0.0004022054906675787,0.00030333794565927147,0.007132054093177547,-0.0009811763119438985,-0.011654005783962654,0.032103362824217926,-0.0029114877162696997,0.0010191613980774052,0.0017648303688332198,0.007241717044467164,-0.006433187378334044,-0.001256669764299583,0.0011272517101610178,-0.0029633965953782147,0.0012670267214005947,0.005691215654953472,-0.0007243631570233711,-0.07188991424124447,-0.00011257435989100572,-0.0033611132832103447,0.0014748318640315926,-2.264344607572598e-05,0.09766654235786668,-0.004024937872348062,-0.0038197472825621955,-0.004241944530740415,-0.0005026915024205813,4.014562578442656e-05,-0.00017894087414818552,0.0270387136045585,-0.001647692528579085,-0.0009039122752920008,0.0007643995858569801,-0.0005772104810005917,-0.07848716675869097,9.256413353523913e-05,0.00017657765849051496,-0.0016937159609704553,-0.0100440873024721,-3.640802474140503e-05,0.0005176130218856774,0.0036326266919499395,0.002131735074988171,0.007413244891297878,-0.0005760038226735008,-0.0003155282193032555,-0.012963922284561105,0.0010832239193046436,0.023671880196110322,-0.0017970845453791633,0.00010152228425145716,0.004882918915318807,-0.0010812886482645173,0.005165183765532433,-5.3055031702221997e-05,0.0019884806178150595,-0.042533897033038455,0.004477846897903973,-0.00022594638468135565,0.0014506119053439618,0.004308588561267385,-0.01941398614541603,-0.00018979742137747378,0.0007469123156331032,0.004951073757875026,-0.0016582880115407622,0.0001898880421406339,0.004531179558576364,-0.000287861681661037,-0.18460272414133777,-0.002323835341790599,-0.002527257490601889,0.0010010374941919926,-0.0011188699147613359,-0.0007287578822598529,-0.000435525338777588,0.0054965819014628
165,-0.0003118414204931811,-0.002050302830678861,3.6510595103768795e-05,0.00042833999902513683,-7.965720709828043e-05,0.001657059268411196,0.002455055687426125,-0.005392706722490381,0.0013484433434729206,-0.0011023718640636748,9.043484791935227e-05,0.0002583548394814654,-0.00037955155831496533,-0.00028113661186263995,-0.0002959224590779199,0.0018490115958039082,-0.0004625290675742289,5.758424088094828e-05,-0.021784716399044547,-0.00012678447875150156,-0.002212495674985059,-0.00030382418429110566,-0.00015934012090622763,0.002020893454319361,-8.305428847941998e-05,-0.006246093334124759,-0.0002514292137029842,5.118103197279504e-05,0.0004703623349056802,0.0006017035860968654,-0.0014894644338105604,-0.0007100158651414221,0.00038151853845975765,-0.0001764304543617012,0.0004227310472340647,-0.00357299534987265,0.0002654473965037846,0.007425742771959457,-0.004324589652418057,-0.0004566345815109887,0.00011964707498470067,-0.010997492496562355,-0.0021404943863004905,-0.0003604698303304369,-0.002537279921999608,-0.038746914135769805,-0.0009645659277095142,0.0061233868434204365,-0.00022336125005755495,0.0027753819309231306,-0.0012737069165518473,-0.0015132731253274326,-0.0010196541600886817,-0.0006346413576462496,0.0005490497482927448,-2.4101240120337573e-05,-0.0001817955837593488,-7.622593612811022e-05,0.0017228566849898062,0.0002287651170519607,0.003864553763168087,0.0004728855186714051,0.00021884547509776696,0.14081859644674308,0.0004962911080908954,0.010141060919712609,-0.0031167669609405246,-2.0619115964138134e-05,0.0013503636922565885,8.935543901897195e-05,-0.0032168279417825055,0.0009570983679423698,0.0027104159215868874,-0.0033421028831557426,0.001730789733446137,0.00029844468603712265,-0.0003649552733142676,0.000464502739131371,-0.0005305593526687911,5.6170344438848346e-05,-6.784022775859858e-05,0.0011342540793316197,-0.0015324009283583832,0.002978210958868255,0.00020625859357057094,0.00041934993981887405,-0.002129918297704402,5.5288261781669384e-05,-0.0005030198793016959,0.0003752955011600964,-0.00017811629165060387,-0.0017937046955194783,0.0005004792960020192,0.0007604886181905115,0.0003360425737223787,0.0031877768973204187,0.002754595779448041,-0.0047945928294771106,-0.00012939702305870757,0.004075816189936832,-0.0026455556424751425,-0.0005488856378114172,0.0015752882823869513,0.0004103968926049016,-0.004027799462301212,-0.001033288494562291,-0.0010111169926178142,0.14629716596872716,0.001218411349629926,0.04753349641424871,0.0007009586172185606,0.0026546513089929988,-0.0005990876951942798,-0.0008431406771558579,-0.0037872082455663834,-0.01087819115904651,0.00616930452849608,-0.0038240390584691336,0.0006794179639827602,0.0003034218832351123,-0.0003719751256714578,0.0022736262635728267,-0.0016653266331835455,3.1806831279804215e-05,-0.0006919170591229291,-0.0016939376901589347,0.004744869686484619,-0.0002124447328090914,0.0005606908592753449,0.0014665131389468573,0.0023114193221428023,-2.237429298201741e-05,0.00037652827863989837,0.001423762354723685,-0.000805183994785789,0.0001283005062296762,0.0003177601750184965,-0.002714191676917408,0.002709623093873414,-0.0011218057692399075,0.0007552006051685363,0.00021819613007113174,-0.003675334125055512,8.317837956785334e-05,4.240407455989413e-05,-0.004614643432666826,0.03685698053120781,0.00021711540506624794,0.005512566465210503,0.004121042385485771,-0.0003068179125185492,0.00037055460271304,-0.00018688660749197284,-6.632900703519177e-05,0.0027832857256619584,0.0004753895277568766,0.0011508827999003254,0.0006671313659243608,0.0003565458021979541,0.00017922084499139598,-1.3365993723279002e-05,0.0020701574277841575,0.00011559298250500875,-0.000874766937246563,-0.001075495394124447,0.0011822672698786549,-7.654582541367677e-05,-3.020125870324339e-05,-0.004043715433690758,0.0009917542591620695,-0.00029285259196315484,-0.0016860087866145887,-0.0015244951208008871,-0.00045283526955108865,7.705834872540236e-05,0.0010531171344674564,0.029147562832929633,-0.05655365895385754,0.00010755669375192838,0.0014708812419154315,-0.0002498165244871923,0.0024912156275379584,-0.01617983876153575,0.006162986899795289,-0.0015785339315333967,0.00018934233736819664,-0.000962303595585249,-0.0010733540435136912,0.00037646725056955394,0.0007525231414133519,0.00036951510192694177,0.004497853410879089,0.0002449743851807521,-0.025456262367825833,0.00011694607727163445,3.061053738430408e-05,0.00014799123817351781,0.002094479463452559,-0.002958372895244493,0.0026848979952576782,0.0032040544197111985,-0.005678733531818126,0.003196125488385502,-0.0031055213422162,0.0008446396504158565,-0.0030051347579877477,-4.632934968067451e-07,0.0009467150957975885,0.15177737232629615,-0.007408923419789072,6.68859333575455e-05,0.000428646243727848,0.00327916862776752,0.0013263495626560193,0.0004893103037335777,0.001396634850290604,0.00019484740855009247,0.00034707432168012715,0.0010838985673803,-0.005188936549446452,-0.0008431764271816473,-0.0018006616880124969,0.0005705948336963766,-0.0001834538543198311,0.00020430695562612055,0.010911789945751628,0.00010614106875676572,0.0026342443521510067,-0.002798751408959045,0.0003335303580698582,0.005179241592349729,0.0002937949208592554,-0.0017671515681947623,-0.000842611669003049,-0.0008783119844543825,0.0008010209480604017,0.0006399871318521598,0.00043183234376700536,0.022366838553234396,0.0012372594147765036,-0.001731216174123504,-0.0002341066291126282,4.821871971663573e-05,0.002134057826430485,0.0002604153768704042,-5.142519993666387e-05,-0.1400200468782867,-0.001388485683440661,0.0019624840163436513,0.00029685176805013585,-0.001024775211896839,-0.001497575600116906,0.9494351885420129,0.00041567525608737495,-0.006528826986825819,0.0018699161344088683,-0.0029451104277685965,0.007617707229306771,0.0018169639408746488,-0.0005995998790378208,0.00022658760465035343,0.001308047606849471,-0.00017547682968985538,0.0007207863108173878,-0.002420273097130145,-1.67038508822714e-05,-0.0002621578815186726,-0.0005381377220390661,-0.0008154553708215788,-0.0024037455656443596,0.00041778922565666594,0.0017374515732385982,-0.00018675399606967163,-0.0005133705697066184,-0.0004219658052662229,0.00014106544264612473,-0.0005650927845243856,0.0002256676965196431,0.0014622444647667391,0.002789913911255475,-5.3474601977162206e-05,0.00036013816201812664,0.002255911814891988,0.0032054144844106394,0.044645298390648076,1.5373006662117984e-05,-0.0013767425421564736,0.0011914414080811764,0.00013863921937100517,-0.0006161733328967933,0.00012771917897034884,0.00032268530932795417,-0.0011697551647437384,-0.0011712589687146973,0.0009520303018357881,0.0011443855530173354,0.0007231340513515628,0.0002556254655532516,0.0002871629258183238,-0.0015158638196445062
166,0.0008400307364514524,0.0005075123461848047,-0.0006466158716725459,0.001100858199255868,0.00021586448012711576,0.0021984664711593217,-0.08140965030844557,0.012240654191867793,0.017812865913031255,0.00134259590987814,0.0003198533744863813,-0.0005630624278012055,0.0008016232390446287,0.0417591395839983,0.00047070608198880506,-0.0007338952898841046,0.004415786502899996,-0.0074159530299855135,-0.001880166248509764,0.0021518827526640413,-0.045652798885644844,-0.0001473935548919449,0.0011550733520442982,0.004077599505116282,0.000237760970302741,-0.11590532207385507,-0.0030350886968376276,-0.00030190033237165875,-0.005673457547819238,0.0007553242051746437,-0.0016239814091755515,-0.00014824993715787868,-0.0002601684881608675,0.0038159006685569963,-0.0003005346132952391,-0.002814705559220044,0.0015887683397152394,-0.003255588385880159,0.000173776931354298,0.008076895308844118,0.0010505025937376075,-0.0007971604344934903,0.01452715107854191,0.007767245023557264,-5.6187744802998e-05,0.05585735446394575,0.0016370625126504216,0.010698165693471314,0.00412276244589625,-0.0027749343292963495,0.0005141505320717943,-0.025321264485537117,-0.0014235284336943555,-0.0008472383470625065,0.00029178371567816375,0.0020178903283589516,0.00050388020885778,0.0019745440652266816,0.021526307760682397,1.1371878979885442e-05,0.00641973177177851,0.010590511784051088,0.008403652500687276,0.00034392305311612076,0.00043832554262613135,0.0014228500550690294,-0.06295622840891488,-0.0011870297061501122,-0.003180385769612699,-0.0007664310204066709,0.0038666911276174255,-0.00034346303263098604,-0.001853181890454426,-0.0007767796657249277,0.020592308807059152,-0.00021005661283013052,-0.0006817583060099717,7.19446298694977e-05,0.00010974828542326467,0.008048155799192703,-0.0012923483536337686,0.002347159512229949,0.04839434494073418,-5.7076188281678965e-05,-0.00046009215791361144,-0.0003156356203478754,0.004066693903705749,-0.0009763748628618136,0.00010009540145667663,0.00012045739840879153,-0.005640876007849951,-0.030947639954512135,0.0003131165351336982,-0.002409564830392264,0.0018590609724253501,-0.0012131526478647873,0.010003411025953951,0.0013988928140655056,0.0006925810675387153,-0.012128383946592554,-4.188037319906692e-05,0.0018627355375594873,0.0016992275591792786,0.0008929765621765997,0.0012662405610471467,0.0005580406733008796,-0.0007038171069191743,-0.00725899733221234,0.0004952583692847692,0.868335525474548,-2.0233395068430804e-06,0.0012560633074844476,-0.07658232788545556,-0.0008427207867978317,-0.00010833948163845725,0.19913976789321292,0.004499014525817509,-0.01180164205723138,-0.00010131898192027771,0.00046340372463198824,-0.0008418148682895199,0.000892238597380442,0.0019550135599189773,8.92004138911059e-05,0.0077819056485601045,0.0017420323910456118,0.12222777513278484,0.004538596273171513,-1.3567515989798551e-05,0.0019136416907378686,-0.0023699024259368436,0.001731849138127724,-0.0011790216094295669,0.0006456927951194529,0.0010640408448198985,0.0010106104516486776,0.00014252158123477087,0.007918116787339322,0.017618034053328832,0.0022798268291396905,-0.0015802924690557878,0.010346096983100538,-0.07363626882958349,-0.0004264059141247234,0.003199984628295305,-0.0023721889359701155,-0.00034127570175016323,-0.00101570921147834,-0.005524668665750236,0.000838403721967487,0.00038933975338165073,0.004371884839623719,-0.0010568689556291035,-0.001010322780176328,-0.0005455076742541011,-0.0009863966799286438,-0.0334591231942839,-0.0001406732951377749,-0.003947005961275546,0.0008787186481262156,0.0030032792605907952,-0.0018774874509698521,-0.0009031334099937063,-0.0005578431701041833,0.0032109167796102694,0.009142515692473215,-0.009355030006723658,-0.0007252310780610531,5.875510764697268e-05,-0.00398442486737732,0.001365589916942282,0.0011801534523972592,0.013170064690978013,0.0012928284191435079,0.00027509479970560385,0.017806425440141143,0.00022331596396603793,0.0744466042762166,-0.0011734127155548508,0.09313607323235087,0.0004541103214898007,-0.0008665574560590326,-0.04907178860848482,0.018332420314315312,0.0018426530651013823,-0.0016170655644660425,-0.001738830123404898,0.0030521303255407143,-0.00035428026866574786,-0.001257590494713557,0.000562541731959413,-0.01991546826431177,-2.793111358996396e-05,-0.015114706325882505,0.0019574183339475153,-0.0008845765909763648,0.0010531089418146285,0.0012204362151933684,0.006379629967713917,-0.03002026894213398,-1.6350824792008174e-05,0.0006200765522897875,0.001346016646068058,0.002157533662309096,0.0012773814159810276,0.007254084950065114,-3.205273087451561e-05,0.00025380752810681906,-0.22064765578968265,-0.151784505106915,-0.03874448906564253,-0.000460522185588513,0.023532954294363376,-0.004234979681995259,0.00029549023138570815,-0.005013400878266389,7.796418351567599e-05,0.0031253674942073456,0.0011668083474297916,-0.000949273444327295,0.000706591158469891,-5.7105799802058786e-05,0.002344208718710818,0.004911287125794042,-0.0004068777818825945,0.16137878110210715,-0.002715127389180369,-0.005784330085763412,-0.0013526904809807042,0.0006042114144829372,-0.001986511912538239,1.916080014454074e-06,-5.2696222751324844e-05,0.0007465724957666569,-0.0009984497584389755,0.028137563495229258,0.016330040153294954,0.0003884354028852446,-0.05219436721350798,0.0005444404671442271,0.009014557822852428,0.0004255764821852186,0.03102345296247383,0.0255046811148359,-2.3806183294235173e-05,-0.010012623017670193,0.0032309143611049486,-0.002799895260958833,-0.002557876230210215,0.0009097803230271079,0.00024540653310584776,-0.024475956394414074,-0.0012185701430195315,0.00032331979556277524,-0.0030221530083233976,-0.005393392056633654,0.005508400629505795,0.010586708706168598,0.0026928960227464837,0.004266687556604145,0.0011566214171366941,-0.01495227831159902,-0.0006562384842066747,-0.001974457466761984,-0.041762198203146444,-0.0037153049842699017,-0.001704104245889432,-0.00043219853278322895,-0.0025586602461634728,0.00609825384400081,-0.0005889255662779511,-0.001399709496432687,-0.022980749233060056,0.0005500954121583344,0.018399528320015957,-0.0004517481973511983,-0.002688242212977832,1.7449054251228186e-06,0.012023209086570294,0.008572916208517634,0.001098534284361671,-0.00010654241095543748,0.06192630454120152,-0.0038364072775725296,-0.03777885736125447,0.0005232832565875455,0.004223242594311135,-0.003032855768653479,0.0034566137111585946,0.0019678859413941223,0.00013288176650800177,0.000637087263083036,0.020920221408637293,0.0012501102411554043,-0.0018181901032100474,0.0016322065135809674,-0.0009189022465291444,1.6496360539514435e-05,-0.00023547956433947123,0.076835277169397
167,-0.00039264349678317224,0.0004393091650685115,0.00018156486253521334,-0.004796628804089599,-0.0012664570953862806,-0.0021232729606017004,0.014128808537602223,-0.03541818011803534,0.006241442342445658,-0.000676304928429761,-0.0002797590702482934,0.00023742139712831269,-0.0003699891526418842,0.005476050026556755,-0.0005910686620289761,-0.0002548615998008031,-0.0017917811325303679,-0.0009333234408966124,0.008496579275752324,0.000538659588592426,-0.01356347794072153,-0.00021284177868930972,-5.520660717133429e-05,-0.03908219591791638,-0.005076860805351587,-0.03232894146218654,0.00034183941110242557,-0.000332541402486195,0.0016271773102799706,0.0020615486036842136,0.0033526778111102936,-0.0028444247664871063,0.000672448084061434,0.000663471119635467,-0.00038780668444711626,0.003378816109178807,-0.0007280940488127306,0.013492988308902146,0.0006767229701219615,-0.003028274450641029,0.0016815337415196007,0.0010480294655350784,-0.0021072765613629656,-0.001312696341375676,-0.0018879714015636005,-0.18792564763640748,-0.002863773634368073,0.011045898968789951,-0.0017113062681807457,-0.0003008866099620659,-0.004757994610091859,-0.008140160202178977,0.00022679637598088914,-0.0043817639803044265,-0.00012710728888190928,-0.00046020493584798556,-0.0005786268537394069,-0.0017804083151869874,0.006931727442445065,-0.00015600088987294041,0.002329063516137091,0.0025772830418847293,0.002185551928554772,-0.02649539617281999,0.0007554334828560605,0.011262028608654896,-0.021885146629834613,-0.001341138908849364,0.002275976184236672,0.0007626145391005008,0.007286075664933729,3.354523508464376e-05,0.012029243804515614,-0.009947465380479789,0.0008757113220362505,-0.00013273413685516502,-0.000354383647367867,0.0002726315309766157,-0.0002485009227768025,-0.00030507344814767543,-0.0003850450068029571,0.0014217990528720052,-0.016438672933200976,-0.004131213537664437,0.0001007795947318837,0.0007535474251087956,-0.008283259793254585,0.0009181009465726213,-0.0007700321997211878,-0.00046543111149959307,-0.003572335419129634,-0.012754018921531258,5.86392713856701e-05,0.0023991375795820984,-0.0006777679386953826,-0.02797384857278342,-0.002670475211702459,-0.0052065530657955245,-0.0008098608987853967,0.024225523628544143,-0.0007881371855074702,-0.005543888499655881,-0.000390774167755061,0.0002294036975046829,-0.0008419997779837233,0.0005010006672254657,0.00040519017715853355,-0.010345036951404723,-0.006578304614127569,0.26552166185957826,-0.0002433973783044236,0.0017048574957430735,0.013151454371559328,0.0006888046267310114,0.0007405020291801484,-0.02042243562106091,0.005782787830117756,0.002354723409122521,0.0030198568489329647,9.528546376628044e-06,-0.0024061898884000037,0.0015425993526079103,0.0036394635090407626,4.642010252191859e-05,-0.004978340200412287,-0.0035803934391847175,0.032637104382301295,-0.0014000505371620225,-0.00018491388752563836,-0.0027737125794080014,0.006090573343302126,-0.0008237344316334258,-3.383308278250408e-05,-0.00029230000183908846,-0.006063881384275291,0.002773056413009212,0.0005823520443205129,-0.024465963204500445,-0.008886000620302757,-0.0045731267968050875,0.0015410648210142895,0.0010853988412259132,0.03380365551448127,4.952099220917953e-05,-0.0006682485709393082,0.009364077450224446,-0.0013037273356473456,0.004224208395681133,-0.013697445431756917,0.006592973054938635,-0.0023336566131113923,0.0005581214821998902,-0.00046223051881945484,-0.0008389651999769806,-0.005433686280739962,-0.00017947181122577772,0.0010768841970886735,-0.0004221219804773677,0.006719938869184713,-0.00010998065742727936,-0.0009443372037524214,0.0029054844023206237,-0.00035383418101498157,-0.0003907977158341437,-0.008645493477350762,0.0035335202194029898,0.0002379997656111498,3.681922660997249e-05,-0.008182862261566263,0.00556315503072389,-0.0009868396376022587,-0.006063442696736905,0.005058077818907776,-0.0037522850102520966,0.00037990278861022454,0.005142158745611359,-0.004432670547238387,-0.3087904827386076,0.00918565175191148,0.01609489396071596,1.4127034237912048e-05,0.0005874332538991424,0.08820208802669499,0.0019991673830300014,-0.008443004923783358,-0.000522407443943728,-0.0020997872148459324,-0.008033987743752774,0.0003846607964522811,-0.0009731573906343378,0.003492138491941501,0.0018227188520932287,0.0001645356140364037,0.06233951289898742,-0.0007755844736935946,0.0014733136251259913,-0.0005462053406451906,-2.5585405074157776e-05,-0.020908899694123927,-0.005066427948610375,0.0004649533281878255,-0.0010004273512814847,-0.003606733335133394,-0.0057046630445630325,0.0023016381247645094,-0.016801671883032165,-0.0007463623548529955,-0.0002616788838561032,0.8278467619212309,0.03832256310529798,-0.0033776507562189857,0.0011933002285804033,-0.01671460021315204,0.007942846211678468,8.179658451247743e-05,0.008892372598949346,0.0013370293085627866,0.005652724820783696,-0.00031571982789099784,-0.0003661478947444963,0.0009069344302510268,-0.0024576895391820413,-0.0009442950166204541,-0.0015850337523702612,-0.00037555896648334194,0.04337610401386279,-0.0032777542106322676,0.0003128850539314756,-0.008235885521363236,-0.0008720111843538692,0.00029852930074963295,-7.198825635050315e-05,0.00031993670942208016,-0.007207241675501446,-0.002274782759468962,0.004958723229364942,0.00400522421353167,-0.002408019871107745,0.16030433623894685,0.0017529217186195104,0.011989040593444066,-0.00024764329974097415,0.0022640911180497065,0.006103742446586638,-2.7453800789837418e-05,0.0032532449366097465,0.016347130134502112,-0.0006948334578002909,-0.00803918369836463,0.00014121004574433937,0.00026543536901877003,-0.007127684311325132,-0.17322622671720123,-0.00028316998990678566,0.0005835157849655476,-0.0005837846903308923,-0.025057649717513578,0.006012251905805749,-0.00523919819319734,-0.0019645675366191636,-0.00028869634884524627,-0.004153072258513302,-0.00013165914217899742,0.0008047009282328662,0.013861609891058278,-0.0021568991631667265,0.0020623483738431273,-0.002605699683825586,0.0024260696557730447,0.0011870579089060162,0.0015664426720211901,0.002526522553070543,-0.00528650809244601,-0.003122559212315836,-0.009591691056840806,9.184450684186096e-05,-0.0014649853962910055,-0.0011677143335350995,-0.0016508946485792578,0.010813229288274282,-0.001292822137355109,-0.00026230314097409804,0.011563878750098877,-0.0006012756030237371,0.15831747331143914,-0.0022479167403333575,-0.008545895153145976,0.006361159508167391,0.001730552467236834,-0.0032337685334043343,-0.0004860925151892728,-0.00010135626650309296,0.004374291910418767,-0.0036574110274925813,0.00340110080344079,0.002619274031545098,0.0037557582482365026,0.0010751391167762388,0.0011429078016462668,0.02200159910017212
168,0.00010095964715597965,-0.00040467694649618316,-0.003290950503948077,0.0007254916296110181,-0.00042654699440710004,0.004098956989199465,-0.20026354111547107,-0.0030743483234925034,-0.0033786770959839123,0.0007082484749968309,-2.0952102779799942e-05,0.00027716303425565677,0.0005687209789057814,0.07835596308531183,-4.1882865920936764e-05,-0.0012758811789714275,0.014868976809215784,0.0022827712352332967,-0.0005607664779660566,-0.0007929111996088039,0.0061520724234225424,0.00025052179776423127,0.00010264092644022597,-0.01323951256079089,-0.005604935444486228,-0.031170232226508,-0.022123477053907346,0.001263031243692055,-0.008206205195102107,-0.0003328025290726106,-0.009323836535511436,0.0013026146196793583,-0.00010857074742518825,0.0007837318185526499,0.0002547786694508322,-0.0009699269676098641,-0.0009906016865850638,0.001769080552626915,0.00031492002312339534,0.0356893069281376,-0.004394867934827248,-0.001487853678748255,-0.02696234435414917,0.019339053269857534,0.0001317790027810066,-0.010265444476296688,-0.0015065659941867014,0.005817671346663508,-0.0033576950484831883,0.002909105651641673,0.0016004072508898903,0.009522555554990328,0.00013962109845921424,-0.0023261146764263895,0.00016877125135615623,0.00047796179300557467,-0.0002561515335630024,0.008376117928249046,-0.004166177993221384,-0.0001456033052065972,0.0026168699383079925,-0.0009179062555731371,0.018170374995732326,0.0010109716239665042,-0.0005663118402097142,-0.003981206631187437,0.014375769619622107,-0.005912691617391478,-0.010379144519006666,-0.000654438051363386,0.0006406153042788177,0.0004977830045680789,-0.0012764115005427464,-0.006620825821175973,0.020614695370231455,9.585581227840312e-05,-3.450908327846773e-05,0.0003149572856729105,-0.0001582103521209216,0.014593248128858859,-0.0005566900292046694,0.000479694307910436,0.19563245822019118,-0.0011892467731867316,0.0012786027870701421,-0.001086353615890101,-0.005214973359977703,0.0001629507606441703,-0.0010404359442928433,1.6640711385275397e-05,0.0034932410324790726,0.0034673918925373724,-0.0005263297732407955,-0.0003167823038218772,0.000378033352691346,-0.02998672707332708,-0.006345418418303069,-0.007194463387633411,-2.9643978414040095e-05,-0.0013100759761650897,-2.625694039238343e-05,-0.002313043452394862,-0.0059261051827256325,-3.008881711263553e-05,0.0003572248842201361,0.0023568161398485566,0.00045702701048904327,0.004829753143783965,0.00022734169347894684,-0.2320145052444934,-0.0005980412103148633,0.001173977289029114,-0.256871561863751,-0.0022140931786789886,8.006004924582255e-05,0.8032413247773853,0.012553139440795705,-0.005667196093156893,0.00114886018876491,0.0032485998613708093,-0.0006802850737099179,0.015400165682337404,0.0007587526433223374,2.6791632533111577e-05,0.016299117776085115,0.001429798617037556,0.028655864726435113,0.020114990016453105,0.00012642026291784236,-0.0027169788835199925,-0.003855120765890064,0.001233002082876565,7.027778414138712e-05,9.931637088813478e-05,-0.0011634297411531568,-0.0005588486296280327,-0.0004666530792060506,-0.003285301620945229,0.0002153847352096332,0.0009189977702256571,-0.0009225048018819057,-0.03145369531562383,0.03275746243005468,-0.000509685940874036,0.0010808096293980878,-0.0002542105465731361,0.0004011280128277925,0.0002639198623997708,-0.0378517924735054,-0.0005841533093317189,-0.00014351435931597234,-0.005112670883833239,0.004017670670246071,-0.004341268988733014,-0.00585253047829648,-7.454425441440107e-06,-0.10480325619189242,-3.832065337786841e-05,-0.0004272001928352298,-0.0004862469215883474,0.0018679418197222126,-0.0046968927842622335,-0.0009864260826643375,0.00012036323351141795,-0.00028340607234182084,-0.001138544681884469,-0.031200457623101398,-0.003603960238251283,4.929297235174712e-06,0.0014026387395773207,0.0004490645360170336,-0.002283759387875936,0.011970362846890042,0.0009435775420509745,-0.00035434517156697487,-0.0017815326257460107,0.0021534932547235585,-0.043037215529090476,0.002418993003298983,0.2633282842231121,0.0002534006309726621,0.00015674247500679364,0.04235141848611277,-0.0065503315513873225,-0.00041726818862470455,4.273849311283405e-05,-0.0008624526981574438,-0.0006803774446392675,-0.001050189768289819,-0.00620927114231617,0.0013699443504618242,-0.050430354183203845,5.5058458880031386e-06,0.008176517541830308,-0.001742987517857092,-0.0003198824451977741,0.0018906496572044973,0.0010612611801925909,0.002515755933423413,-0.07042651179507087,0.00011479153619777405,0.00037265156664186005,-0.0013692488462844082,-0.012912795219668902,0.000606825042735103,0.0023006235013956797,0.0006135229736774807,-0.0002864214063863372,0.06843886717454715,0.13343268820195334,-0.028158180105934592,0.0001632925396191972,0.09648320716414266,-0.0007167190996539418,3.330793007483377e-05,-0.002765106181984599,0.0003682583323928318,-0.005557338645569555,-0.000817713947665691,-0.004651337844727081,0.007952864883089847,-0.0028333218749322635,-0.002141676145244391,-0.034623122314619344,0.0003776455795604579,-0.038293472486779015,-0.008099803586785624,0.006272638809497683,-0.0010718916193817938,-0.0005330005082559743,0.0019261263996163454,5.811590843536867e-05,-0.00036651244879922634,0.002912866966992286,0.0027468783517696138,0.010097547213000449,0.015178748669085819,-0.0022667865589021743,0.008822124736721166,-0.00023338641913734758,0.011169039679282976,-0.00031225214995682675,0.032446195757970316,0.007647357804350436,-9.018761422077692e-05,-0.0045114946291466155,-0.000970173293701922,-0.0034449045301258845,0.012434503125494515,0.0004351955319227517,8.780989196849331e-06,0.003991225348343698,0.008488502360892065,0.00022496727460046516,-0.0007651625924702836,-0.007013981900827941,-0.0016279151602666513,0.005454597050592521,0.0014586813021168902,0.0003637075040921582,-0.0002722946855464362,-0.0079638593140853,0.0006545642751002601,-0.00028439655315800824,0.03252407824448306,-0.011579366466171208,-0.0003983325525945937,-0.0011842114087079261,-0.007292782393202588,-0.006392582710251297,-0.00037046099833196015,0.0005439232075629929,0.007627030851318574,-0.002218147468908129,0.06388975312128078,0.0003502773262257072,0.005027080007889376,-0.00010877906446714195,-0.0067144743248883166,0.004447177645898415,-0.0011733903490543283,0.00039178196799716236,0.010532225338128996,0.0013173333825145194,-0.0005263537344068734,-4.3739217158341055e-05,0.006826159934943872,0.002243888818411424,-0.03265084004709297,-0.0013485001344722084,-0.0008480178121898678,-0.0008935920156488211,0.010757508636779808,0.0027417815515506753,0.0011341948493728566,0.00016264619179694184,0.001668615205751971,0.0019719257842797954,-0.0016769594633021367,-0.003972137565023173
169,0.00033917104657069986,0.0002977256832208961,-0.0009726265929256404,0.0004601066885367084,-0.0018544384275753197,0.0011314866137158153,0.013672040503483687,0.0030033508689795794,0.003486620129863632,-0.002171282468485888,-0.0011721872905460944,-0.0023450247906697144,0.00020072838798915042,-0.009012087703298557,-0.00015765339049023932,-0.0009664425852434814,-0.0028456870053677327,-0.0038971205507366095,-0.0011305968146410892,0.0005446021587945946,-0.010705962084266581,-0.0002831593768758121,-0.0061623222097543255,-0.015053517742824204,-0.00081769695472198,-0.02200981184040562,0.00012984007798530917,0.00025896195442716603,0.00025777424639489895,0.0005153723761074794,0.0034343124321794863,-0.001856186922495936,-0.00010504591113374463,0.0003717545831589204,-0.00024475432927725154,0.001356233756265403,-0.002964124471561671,-0.002529560465254151,-0.000262806809506114,-0.002155330642587157,-0.00033860910574294416,-0.0012321305502011964,0.015955052459031786,-0.001381796372723174,-0.00017146628104616497,0.020621754346640032,9.593262279773479e-05,-0.008509833757866552,-0.030271638108512775,-0.0021655660948446016,-0.00047190070283247097,-0.006511088068977106,6.719681517992882e-05,-0.00027768113765156387,0.0007207295461952383,0.001163872278278166,-3.265959766156042e-05,-0.00025563245165648597,0.001418578222297008,2.42171418329256e-05,-0.0015963171641936846,-0.00040255677143950926,-0.0007167758090439057,0.001217140159397407,-0.000914708569662432,-0.0012006128557737938,-0.01752217860725215,-0.000575763940566652,-5.833950337563557e-05,-0.00014037619437821903,-0.00026207553121300594,-0.0002739829027562916,-0.0016307025764095637,-0.00605626010751782,0.0006634468202219553,-0.00013338115956341295,0.00023830792175369734,0.0009274345691567456,-0.0005560739883461207,-0.0011552205196946577,-0.0024323854808763604,0.001906497167737351,-0.017935344344745523,0.0031635374740630936,0.0005917826973602153,-0.00019938367605431976,0.007593127649804228,0.0003015623708490727,-0.0035776072094245628,0.00029709428970966123,-0.002361884547026285,-0.011691443466143928,-0.0004697091066192652,-0.0007726496806510929,0.00019600632436168137,-0.030329080695729482,-0.04240518042223546,0.004009193328845565,0.00016573427450994826,-0.005568022878051408,-0.0017743161277726902,0.0009089593380624493,-0.0035234767832245054,-0.0024923782825990327,0.0004389838043768505,-0.0008830270091363645,-0.0007051605651996614,-0.0007002652357635288,-0.00011252183294301662,0.17067087435101277,-0.0004652343015007169,0.001188812697680822,0.020087657863334413,-5.8027479395092625e-05,0.00018332342717684576,-0.07880348792870574,0.018599745468198606,-0.009914779539154896,-6.616758248748578e-06,0.0002631803374489065,0.0008767969567779558,-0.0018705642925179809,-0.0006150279587011166,0.00025326115606215876,-0.000714005962903862,0.003860230913318173,0.02013027910031341,-0.0016314533493207814,-0.00077007156777141,0.00014327702108434003,-0.0010682862594372082,0.0036308273629196185,-0.0010256501175797746,-0.00094884894698216,-0.00034831634752030506,0.0009046150791425583,0.00011825347415053656,0.009856525008478195,0.010880519383238389,2.3899854445822225e-05,-0.0018098308727318951,0.0054038566148140385,0.43052415452704235,-0.00032659317408802283,-0.0006537099243629763,-0.0009185954006551383,-0.0011252465060948792,-0.003593393883679806,0.0054125121983965244,0.00018913640987526165,0.0007091061893180806,0.0024104317858966275,-0.001186789386435127,-1.6678178178571417e-05,-3.6986707704410836e-05,-0.0003373884004796399,0.0026197378898821944,-0.005337830989807743,-5.348810777718873e-05,-0.0003716673010843916,0.00031540611399840616,-0.004340171024795566,-0.002162393177669341,-0.00020716786888145319,0.001634945031465741,0.0029536237517679377,0.001607756119379417,0.0006655180410506932,-0.0024659213698945393,-0.0002978703735237419,0.0003569260878583113,0.0015603226340887948,0.015750702116311858,-0.0008088452105167922,-0.001429657695622873,0.004386537297707992,-0.000980850809528832,0.0410126574456321,-0.0016216770883321437,-0.02657549032278674,-0.00022660758415666703,-0.0016040311062170977,-0.02700980863253584,0.0015752102149596341,0.001352459965976643,-0.0016764398298096906,0.0006540852429232902,0.006001624206469458,0.0004105759909750553,-0.0002795232499501395,-0.0018427289063446656,0.0035625785296841727,-0.00027452924539898317,-0.05436883703603707,-0.009559068017786693,-0.0009117284943870028,-0.0004758811317315105,0.0007999847315838952,0.001846647532718799,0.005689843634924391,-0.0005549279358212379,0.0005754092207189692,-0.0011294202429565636,0.0026115961457525362,-1.6775692763098258e-06,0.001359015572392912,0.0006350636154509911,0.000548710449559581,-0.0842447264030239,0.8309093995424406,-0.006085060005454394,-3.979331002015082e-05,-0.010548094424424859,0.0006919887674066141,0.0004143157100359061,-0.002289384430686428,0.0002919629661078163,0.006724389646632408,-0.003997367982907323,0.0013816350950011558,-0.0009277957234559989,0.0005750612363479403,-0.015339422345022696,0.01447667068422513,-0.0038758640332736904,0.031169382014503054,-0.0007539014642757765,-0.0040292060966796136,0.0030884882207672095,0.0009902442368885287,-0.0019932055112285973,0.0016221944588874632,0.0005598828549604499,-0.0005876434955677094,0.0008467904831010137,0.0064756712788769715,-0.0014987308106358304,0.0005840239428465297,-0.023288801451932583,0.0001473241650143065,0.017858449548723544,-0.0021940949160938797,-0.0014891934002343606,0.002837568791473119,0.0001322102787329471,0.0017143964411440013,-0.0009900774741133736,-0.00019191711993769186,0.037749161932051196,-0.0007449999372890568,0.0002898116615117595,-0.0037138797157719667,0.01525528396509121,0.0003447921976710024,0.0010051849663357103,0.0051942179339405405,-6.429577629447382e-05,-0.013279650411839688,0.0023933070492501455,0.0007760323012911095,0.001048289788714085,0.002168325766571206,-1.4318163458287847e-05,0.0010282205570294025,0.23880849493832826,0.0013133286724068877,-0.017657915103557076,-6.716325199446899e-05,-0.002433471667736101,-0.018469475463295554,-0.000360535901516614,-0.0010753579885109956,-0.003629229979598437,0.001406732836149125,-0.006602976247717048,-0.00022905036110147225,-0.0009555330768471833,-0.001016754993120516,-0.04492407563211369,-0.020818597762910666,-1.9215813762446938e-05,0.00012793082781475604,0.00928188541940119,0.004971835829252316,-0.02090514850683461,-0.0007959147900147496,0.001075846904773556,-0.0003169710247656469,0.0076019073466328,0.0007191929735456963,-0.00726199669255246,-0.0002832801622793214,0.03341876651596577,-7.690026214170892e-05,0.004343307813913005,0.0004840307311400052,-0.0005494498566408449,-0.0005205862378226016,0.00023127327770553277,0.020316164495608042
170,0.005592247592324596,0.00039418367298786616,0.0007537448261705562,-0.005381094754837751,-0.000464526282663553,0.002545807377661146,0.0022795044119908042,-0.010209531163568111,-0.0003323329622009624,0.0001638383970186258,-4.909080699144752e-05,0.0021353001764419025,0.0036718596053706004,-0.0013924927133755882,-0.0007619343727616745,-0.003390121025732072,-0.001953518373051688,0.0006587928618815159,-0.001282332299270536,0.0005466651343580542,0.00028505658187406857,-0.0016019118965471327,0.0014647352426340834,-0.16354629987841912,0.013878397841445914,0.0014682070823237997,0.006878016746733273,0.0048601888272924165,0.00010283983258252416,0.0007085430738529297,0.010108157851669835,-0.009138962093777916,0.0002320374451163093,0.0008651775151745976,0.00015785418255488855,-0.0019035389719878537,-0.0012624719295752304,-0.01654063047474863,0.0001296453169033103,-0.0008662887134777593,0.001440122545640824,0.0017166615911374736,-0.0032850488744700754,0.007167310144808346,0.0002620975009148055,-0.006356761588071183,-0.0006222143918048796,0.0778456555042022,-0.006967361083500097,-0.013120328374890683,-0.0006764426025209422,0.00011948573738254146,0.00039820834180784304,-0.0021069467212646367,0.0009361376895352363,0.0011173598526534184,0.0009322365575354583,-0.00023687117639122676,-0.003433898003705197,-7.238989192821094e-07,0.0033063982349450308,-0.0011329232138350947,0.0084079537784139,-0.0009004907092040934,0.0007233662070473303,0.011720504057026458,0.0010961461278220137,0.005795254319945929,0.0023736369422418958,5.197091073075484e-05,0.17486181322404723,0.0009947134377322883,0.00016622986181659207,0.0016921991137778761,-0.00022520210720453245,-6.592595452650438e-05,-0.0004328942824790181,0.00341317620854871,-0.00012028542416747841,-0.0005041010409473409,0.00035118904894516906,0.012052565563211909,-0.01593247307982377,-0.0031878919040401067,0.0026639256796341148,-0.00014500746356098035,0.018767246830743597,0.0006894245563377381,-0.0009678803255713736,0.000711742635799352,-9.775917718479483e-05,0.0006174432937499819,0.0007847975677983238,-0.0022704881020919263,0.00045802036484374024,0.026014921513017833,-0.03549801235241088,-0.028185372069901706,0.0007565926348540482,-0.0013565334678017744,0.0007281145747784559,0.0011799266973532042,0.009839966056906277,0.0007406528441578179,0.003349402607541789,0.001729385175805934,-0.014837154501088318,0.03261880099412898,-0.009334562853688059,-0.02095868584001164,-2.8787124107157447e-05,0.006075205856759436,0.00124851794867494,0.0004501772669583907,-0.00012991691512564095,-0.01907637607031422,0.00851988847552243,0.03755679904881432,0.003198812787723412,5.2899310579726565e-05,-0.0005401750317457514,0.008609562735869413,0.004930305470645286,0.0004426905473553075,0.00020066671339344713,5.927586460087106e-05,-0.006379475584180882,1.005657769599308e-06,7.133990379503546e-06,0.00048679225460909834,0.000831273215990704,-0.008100960821009175,-0.0005166296959585196,0.000707065997192914,0.002163424756937305,-0.00017398839900927693,-2.7642704324799903e-05,-0.007538686821186913,-0.13462987902794832,-0.0015239165594086931,0.0034261340828849645,0.009677594408848723,-0.050890205705032124,-6.681493997536548e-05,5.047410190744776e-05,0.00787909900953089,-0.010613241461729189,0.0032994272223668465,-0.006319698522504351,0.005503522183656452,0.001003136594994584,0.004044303067374411,-0.001256889440473552,0.002556049656281663,-0.09155168284149875,-2.622859342695995e-05,0.0017532803576389916,0.0001380343828537925,0.02286465943701029,3.178198770779992e-05,-0.0024219932550479445,-0.00118771684075655,-0.005350436566667791,0.0015184874754142728,0.000676637631589024,-0.0007235135797450196,0.0004677160081017049,-0.0010511796774858384,-0.021283569005535054,-0.006750151892883704,0.0010083092895551218,0.00557757749187315,0.002652122628155477,-0.001268996919836403,0.0017520439628139002,-0.0008233790336918466,0.0008250564151249767,0.031583980157703015,-0.00636718328867522,0.00946138743469805,0.0002152634174481527,-0.0003486415240201402,0.1767496187616074,-0.012245951712951859,0.0022419652449228726,-0.00043177325474915915,0.000962985693019518,-0.0028287858058312987,-0.000724341331715575,0.0009647234899864575,0.027054560298890737,0.002824947977555008,-8.243553977648616e-05,-0.27368599443645847,0.0017414909842111345,-0.014688479179570259,0.001799388697132402,0.002181878384779753,-0.0018048912100752405,0.005939815874545642,0.004133464344465014,0.0016622474348221838,0.00988972209203377,0.01175246742709464,0.010408042990123835,0.0017092770688882002,0.0019175661853925528,-0.00017151589753220666,-0.01430279738929927,-0.014586711866059449,0.004458742420755988,0.0013675587776646493,0.0019616872463202126,0.0021534540970614456,-0.000303955151708799,-0.001944496345996951,-0.000559050282478913,-0.013733697975354425,0.007718266929901282,-0.0014508310829827375,-0.005185362752600939,-0.011934433287253854,0.0012293211222050293,0.008693959974261478,-0.0027024381807510167,0.003929191510573581,0.007031982803734754,-0.0023652153550813002,0.0095864128883109,-0.0007562693317005043,-0.003346459647786601,-0.000777661597028351,0.0025215976389654678,0.0015799238930363415,0.0004667316732826941,-0.0004509260608385017,-0.002770196657508112,-0.0017034671664451183,0.011983020324093974,0.000503662435441704,0.4123888106260369,0.0003267018933974168,-0.006697728438710011,-0.0012279408094001208,-0.0005263239545083842,0.039228345674239835,-0.0020278751718921474,0.0020721925949660847,-0.07904308101757168,0.0014786990450921201,-6.878547537412898e-05,0.0015351936006122251,-0.0044432614102231024,-0.0005253058395158568,6.518663384947124e-05,-0.0008731557979712911,0.0033700561061358308,0.015874535947999976,-0.0009418405567806019,-0.002465649380225825,0.0030088485109530686,-0.004818175762848893,0.00032838110737074856,-0.014347993476252,-0.014401092746774568,-0.0007228470784223615,0.005516741244713559,0.0005125343346576595,0.0012642048262064972,-0.004996895315215391,0.0002570664876678602,0.007054996920736559,-0.00011714183424206374,0.0015606893712527665,-0.0035779851112424516,0.0014603740872269465,-0.009416143959386617,0.0013695689112847619,0.003814179391513686,0.12303590482211617,-0.0068625595719145685,-6.838360468498783e-05,9.923942752230845e-05,0.002270724453153343,0.03783161349439425,0.005272892402102504,-3.4770387671232824e-05,2.5847265972424056e-05,0.004126291351120248,0.0003966330560188601,0.0023053097710706016,-1.3453178082125511e-05,0.768876451249671,0.0005365627062880254,-0.002017174759623528,0.001106053123198468,-0.0022879215938908064,0.0009651447301821468,0.0009623098729945115,-0.0007271201461198167
171,0.0017398049996431944,8.872584082469243e-05,-0.0003737463359595461,-0.0016922789974126357,0.004662247061841529,1.029361832692241e-05,-0.0215062830762309,0.0032647641850544126,-0.0004721422043712821,0.0018646527398306946,0.00028586611780251,-0.0056734059026563605,0.002081102036723361,0.005615149053674937,0.0012407789398860393,0.003338966984697385,0.0014895078166385425,-0.00077489002069734,0.0007588133496188726,0.00048477507656550026,-0.0012160657616619788,0.0002712117599418737,0.0009270038512037971,0.0878062498466894,0.01657617734440435,-0.001588290719670489,0.006140161718134581,0.0009053913134746752,0.0010934640454051021,0.0009060818207635938,-0.009255326125604148,-0.017721901903306542,-0.0003772234168464249,0.0002971902941713328,0.00027800118461431943,0.0005010124210697432,0.0013042221425043736,-0.008302058121605844,0.00023096084510806892,0.006890484034296121,-0.0003484369776422569,0.0006117129135825045,-0.0059033955292723496,0.0009406254285167686,0.0001751646967443933,-0.004205535001411398,0.000407568633701348,0.0229131185354337,-0.004697115487002423,-0.0012080180024903004,-0.0015037225647861266,0.0028476095017344783,1.6139538638038986e-05,-0.0020976443957354237,-0.000690201729936727,0.003364918315355409,0.0004893826761588616,-0.0006208085434554261,-0.0006948213009022857,-5.0490831476418356e-05,0.012870273193347449,0.0019523195753239574,0.00046230009957155685,-0.00421727126818758,-0.0006304854389147033,0.0031256476801056624,0.0009476094417862443,0.00856739586415086,-0.0036672392912747735,0.00011982045331317224,0.012499410838119715,0.00010920562271538438,-0.0013090790379752812,0.06860151164669769,0.005167646173634854,1.464710414780454e-05,9.545501399116797e-06,0.0002910881117627259,0.00010501399655011689,0.0040281911998890415,0.038854298975088644,0.008752068662434487,-0.001753014423468726,0.015345846664538414,0.008620527699243163,1.5932502490769232e-06,0.012466377521674673,-0.001277481712057888,-0.0008831810924379744,-0.00014494503468986605,0.001080314129889765,-0.00032613573199916226,-0.0006231068227361145,-0.0003837069992387518,6.388798426646856e-05,0.7655780547319717,-0.19235002098983503,0.002496427856312388,-0.0005388002643666121,-0.0028677141608349915,0.003328382123071482,-0.0011848472103866148,-0.004146338573104207,0.002383877890830166,0.00177822755952057,0.0029448014424962336,-0.0050536641559698545,0.011052217211657655,0.0020258420444559137,-0.005979687391573576,-0.00017190518299183694,-0.042815121770476014,-0.013826999943377782,-9.038727432167729e-05,9.851116945206167e-05,0.02405374844571614,-0.028993037178787283,0.1493046847996742,0.0004104455121582808,0.0006196557506377861,0.00019143004060748637,0.012550491009160093,-6.391696720726601e-05,0.0004234190327502843,0.0039282527239632705,-0.015889412546264237,-0.0013992817385935997,0.0021500619301362545,-7.43089621880258e-05,0.0018739985018307666,-0.0015389799091576075,0.001824966829524862,-0.0027304267346474178,-0.0004188864784445516,0.001179051926020698,-0.00844287081442906,-0.0005081733968549662,-0.004430077945857893,-0.11750923019462894,0.0013429862646369452,0.00022725557365516243,0.018900653081011954,0.00792486357143186,0.0035103447230510087,5.32688537764382e-05,0.0007873449175402353,-0.001811812096352347,0.0005827026160791894,-0.010152353818019988,-0.0005069470814495664,-0.0008083960388174769,0.0035878041267590807,0.0004298031397107615,0.0037337174896601485,0.0417769813392631,0.0006688960989457386,-0.0038228483910380555,-0.0012218592833834322,-0.0024758152746195243,-0.0005282245845341703,0.00013055760458978308,0.0020808748676580387,0.020808385494443266,0.002988651820526272,-0.0003389398533889023,-0.002030476040395081,-0.0001431567659364798,0.0020655831297512455,-0.008216052401438833,-0.002902979939155716,0.0006688399411111396,0.0002483997947675485,0.0005706966029745428,0.0007572758027529179,-0.0007367292580275579,-0.0006751104399063035,-0.0011934284226292058,-0.054453619317105885,-0.0035012495169902285,0.012037032542694918,-5.1901774283897445e-05,0.0002263970159267001,-0.44654958175305276,0.0022427808358934454,0.0007100156037593906,-0.000286304291818475,0.0017227925673817457,-0.003602466370356935,0.00016382068642208092,-0.00031581597505066044,0.004594420438505244,-0.006215611386601725,0.0009089294040084024,-0.03187862310395499,0.0012657785236919916,0.0085590217611459,0.00043919036741891506,0.0010246625963353934,0.00026981765625872086,-0.0022863543495632308,0.001735603046846034,0.0009617939831256363,0.005379219688119018,0.00681826177358923,0.001782326753403695,0.002968393990148072,-0.00021051576065735577,-0.0015981979694092456,0.0519015221378846,0.01397029800607801,-0.005895870237204042,-0.0002716905222800159,0.010271750557815242,-0.0029563917179947084,-0.000465966493331217,-0.0011983858680828222,-0.005462554407945472,-0.18338517734850796,0.014338683195861478,-0.002243728358865985,0.001435792812405665,0.0036463926056701985,-0.0012951059418092065,0.010405837181735121,0.0006772889205383472,-0.006975730664665453,0.014206329027981907,-0.009678249132534868,0.04491676049379973,0.0006904166086148418,-0.00030175168963844634,0.005067213864128759,-0.005254265008505752,0.007091010829373568,0.0006653365748820698,0.002715410477426966,-0.0015920089585891978,0.0008294499929174194,-0.008215344633013563,-0.0009342604946608142,0.0022030258653052658,0.00018107139815107774,0.002040821744087722,-0.001463613745739438,-5.347896222111792e-05,0.21616914772580995,0.0032245316357394573,0.000284918749005643,0.02580426028935214,-0.00026004382948626847,0.0001788298790446445,0.001658691773809097,-0.022797279683677115,-0.003377455353275533,0.0014815432423485974,-0.0021843015673458435,-0.0006604651945539327,0.1308239850726502,-0.00031865723937442867,-0.002886403286036127,0.00031475773780284,-0.006698355431657782,0.00021226552395427895,0.0010442666331978712,0.015198969034556139,0.0017666996839002561,-0.04427019835311435,-0.0009283516104617827,0.0015719156878427308,0.010566976209855295,-0.0005221591735861141,0.008258390593667474,-0.00021707991925607167,0.0013139692108097532,0.006952602793239498,0.001176044811496379,-0.004296097992223154,-0.0008386392814013757,-0.002977874865371448,0.0469147846695378,0.0012091376923816619,0.0002682710172986682,-0.0021040309670345998,0.04462232458878634,0.023364980156018886,0.009948311145164071,-0.0009064815186057627,0.0009710766434800798,0.012390750425764437,-0.0019906969287517852,0.0023600099992325974,-0.0001861798304725632,0.024727009761293293,-0.00708258366831403,0.0015377194467848469,0.0006416898838020706,-0.0041739926670630425,-4.4121893218468204e-05,0.0021148010003342703,-0.0013958928307904656
172,0.0007054550342134984,0.00013119720330439198,0.00048348968848608946,-0.00023194886911928007,0.003526011068969392,0.0006309147940765014,-0.004761035806974744,-0.0033658469537268462,-0.0006507680184659565,-0.0006692170215689252,0.00041894705476292187,0.004462428729208911,0.0007869923238306605,0.005031796176669734,-0.0006445862700735065,-0.0030077513050225514,-0.0003402533187726207,0.00010624720268463672,0.0006730491463875707,0.0011628146592880806,0.0005176245470973947,7.094802877729428e-05,-0.007486004136370528,0.007939168989522925,0.010295749391151727,0.00027169090944205443,0.003012339357956105,0.0006700754462852822,-8.726820290604759e-05,0.0005691001835456582,-0.0016338985102216288,-0.006775165794461846,-4.720210806243583e-05,0.0005433441356119957,-0.0006978429978327903,0.000388967584860872,0.003420821243104797,0.0005645480772639361,-0.00015052530015213713,0.00019080549807179155,-0.0005350667736168617,0.0006128281781642814,0.0032104971522344465,0.0006354151850576861,0.0001324775141867394,-0.003982884710779348,7.592859328552781e-05,0.014181114807121895,-0.0032505261934720362,-0.0012303247833988797,0.00020978323203368047,-0.0015777759239430466,0.006611963821152769,-0.0015954141638062297,0.0006820279968307026,0.0009539839907714367,0.0002110688921855529,0.00027262763171234856,-0.00011590769240464752,6.49785107724012e-05,-0.13193916489048488,0.0005810057325227688,0.0012347802262759468,-0.0010644053534302734,0.0002328447338718737,0.006091259114920171,0.001357495510966774,0.005873855669020285,-0.001142274643124424,-4.940520823462939e-05,0.013792395861798062,0.0005362645798435462,0.00014173363166258853,0.012598398782290127,0.0015857374093452487,6.369857997619147e-05,-4.8989869303079866e-05,7.569308232344488e-05,-7.499394840012308e-05,0.0015372134142326286,-0.03759049501194856,0.004470575851597846,-0.0021010339938826233,-0.0004516806756728963,5.053002737790769e-07,-0.00022786436099239796,0.0041204305083454296,0.006864313700333565,0.0007384667837605349,3.971615882294912e-05,-0.0019013138327435965,-0.004481202789963488,-0.0005209329952091967,-0.001078136104201279,0.00010370083718937666,0.25214630610345795,0.6172612000841664,-0.0023928677560557344,9.292816182728328e-05,-0.00016974340489981542,-0.002082609068722548,0.00032453639259168296,-0.00102619102526322,-0.0015126901369925953,0.0001830882958633556,0.0005573152272126382,-0.0009552119205088643,-0.002172636307545928,-0.0020843826772106726,-0.0003384109188771481,-0.0002310684999349995,-0.016561949790443495,-0.006085319240423187,0.0003113921845826595,0.00015213634938256518,0.01464666609440503,-0.020295877598943236,0.05158772735587043,-5.0610421017986944e-05,-0.0008167431359302006,-0.0006192804015076331,0.002292649085390457,0.000138284106356496,-0.006392320114813096,0.0014472710561329013,-0.004386779345267253,0.0002380607992953601,0.0003385939951766276,-4.768270690108829e-06,-0.0008985597028849349,0.0006710315536823888,-0.0033993626405030243,-0.0009356978067629881,-0.000730952678160135,-0.00344397973442952,-0.003376176372768583,0.000739442034180375,-0.0017245879302401138,-0.04234022920636976,0.0007072204423402783,-0.000430979492310865,0.0055380912989740775,0.15043953525704334,-0.008393769067585093,9.942300088625256e-05,-0.0009247426910475231,-0.001400089780570091,-0.00046505448798946146,-0.001803461148327635,0.001397191368507153,2.455978537941792e-05,0.0003008127528022972,-0.00018696395740493957,0.0024063679080479567,0.004981558585259874,0.0001324294649011966,-0.004523419415806645,-0.002869726339315367,0.01194327989336066,0.00012518095694771006,9.09490252795274e-05,0.000183251311574958,-0.011676356121849274,0.006502268830313952,-0.0005272657615949369,-0.0028698910704591145,-0.00015109250335838072,0.002149830333142223,-0.0034926613747333396,-0.0010558955912286215,-6.344795247175143e-05,-0.001102854500184462,-0.00232798131844658,0.00018378854647390207,-0.0016256137026342363,0.002038181186038674,-0.00038851471697911395,-0.010496444311325844,-0.0005557283549479616,0.010144201016347474,-2.6237044071691744e-05,-0.0009380413050377305,-0.05501894147017239,0.0028624975802919147,-0.00018057094695091863,-0.0006739864608966695,-0.00018716225224660018,-0.00033615136212246876,0.0002338642338522549,-0.0008918459689241493,0.00256613053245529,-0.0027410973898017643,-0.0001057367266069809,-0.023224634515891643,-0.0017848669642475737,0.000817561348607851,-0.00023693809871875107,-0.0003253498177658932,0.0009484791883974787,-0.002885544010941536,0.0007921536893856732,-0.00030234755772166465,0.002338331195444861,0.0015737934668470926,-0.0004889533800353686,-0.002583792816296517,0.0004027079603874057,0.000771915036720903,0.008002491817173846,-0.0493314584549323,0.00042240000009566867,-0.00024559405307225494,0.0025550976452139553,-0.0007143735325877932,6.816845989627597e-05,0.000977420706276481,0.0006765661440902118,-0.025740120467595433,0.005595767463229804,0.00011140989744288642,0.002250544780852497,-0.002592650507600682,-0.004182648519322917,0.0030410616395197855,-0.002501271467619512,0.004167922916829087,0.008352821780077733,0.0021431098453837446,0.012088603312184738,0.001638616741184311,0.0009628275176874969,-0.005551042830491379,0.013542486539190985,0.0010296568610526692,-0.0003587111022891351,0.003904187045904282,0.0013528676151937351,-0.00011945830587444712,0.010631952886321664,-6.820372064351776e-05,0.034096229795230144,0.00022397681392173,0.004709743893228823,0.0030761438958574745,-0.0003837667968463989,-0.1538764095805376,-0.0010171535912790572,2.2417685834258904e-05,-0.004283843376325523,-5.5818170079832095e-05,1.3716530938678645e-05,0.0011502477607843082,6.278550986520799e-05,-0.0016838430286739408,1.7663990066677632e-06,0.00272728279659942,-0.0006587234948439431,-0.680198535575469,0.0002313674721218478,0.0023571266702339232,-0.0008557026794200767,-0.0061122644279263645,0.00041386985790027445,-0.0018417076490017665,0.021417425012200113,0.0025535683837021963,0.02845763359064192,-0.00023049597566770705,-0.0005928902657859024,0.08956857322144099,-0.0009203199664442698,-0.009658895037783633,-0.00023492926723810416,0.00016596391611583595,-0.0006071559262064443,0.0006983533732302385,0.0012121289148677137,-0.0001516574777942611,0.005059182966884577,0.027014079457105995,0.001080071532633563,6.021913255360256e-05,0.006945321633754922,-0.015108890998707464,0.0188171961905688,0.005906459165045479,-0.0001844597163820309,0.0008388314439725485,0.0031175684936191675,-0.00021253825590347036,-0.008615571579522075,0.0005867507934989673,0.019106591910708515,-0.00282073031965623,0.0030346841306496323,-0.00043674405996277637,-0.000780214032444153,0.001420396758141904,0.00034916884876468957,-0.009344290887792173
173,-0.0003828484701927667,-0.0001435475011608775,0.0007933771228659234,0.0008144503712844792,-0.0009283936353462507,-0.0015554171516829738,-0.000877082373098117,-0.0009193867330983606,0.0004734902445111206,0.0002455631118236162,-0.0006036390635065451,-0.0002288505260771693,-0.0005004840733604193,0.007535336244905559,-0.0010318180667959317,-7.440393216430518e-05,-0.0027830693180174253,0.0013428654712127766,-0.00029609411082641077,-0.0002766687516644259,0.002968748697033375,-0.00044779543171140964,0.0010904259675073005,-0.016806217176489627,-0.018715184349508796,0.005898556412295496,-0.011569004412640754,0.0003251692286676327,-0.0013225029905718868,0.00025775077231324694,0.0005223465260839658,0.003010506615929618,0.00022213740183095487,0.00031369480827547454,-0.0003495615152938372,-0.0003969447052591063,0.0007859731511769105,0.001965615295552339,0.0006186837499701212,-0.0018033516956523677,9.516630925280651e-05,0.00029033597459339705,-0.011534085737549675,-0.00020889913566722232,-3.5115671337171243e-05,0.007131560970820415,-0.00020613777249398974,-0.024093828113808544,-0.006175412321385327,-6.661789144463723e-05,-0.0004322172924488818,0.004504647941963774,-0.0007525698050529576,-0.001716732997558242,8.702280244113608e-05,-0.0008671761328481412,-0.0005094382897172425,0.0009338000138802303,-0.0037566199755054755,0.00011837264710042592,0.032683970533322344,-0.00030932799331840184,0.0008200369078906153,-0.0006995404591039087,0.0004561445243320781,-0.005383523019173252,0.0024879911673735306,-0.011459539731219806,-0.0024044821839843064,-0.00026520351920392593,0.0014172128699913075,-0.0014884050879848036,-0.0034915122452862457,0.012677156054923013,-8.350717542420297e-05,-0.00010698935296130641,0.00033442545133748763,-0.0003665683897518452,0.00023528044472534578,-0.00037915013238369003,0.018020738567619723,-0.002106171877930256,0.011643751386965922,-0.0005994708602849693,-4.143498664981217e-05,0.0011061916352023918,-0.00221636869835777,-0.0010967470093677196,0.002274824052242999,3.743929729365129e-05,-7.876552159012337e-05,0.004683930674588342,-7.372016457866601e-07,0.0004636125387645993,-0.0004235664393584933,-0.05705720317066074,-0.10134709198897987,-0.0018459980649229784,-0.0002217350867219211,-0.008572487700127774,0.0051055440425566345,-0.00048453966034949826,-0.0036849571088186793,-0.0020558216393682946,-0.0011860307561605483,-0.0019097073639125295,-0.0025215300072565297,0.0006366215974625536,0.0007739022274429975,-0.014578363384210138,-3.963036216166407e-06,0.004793877208926211,-0.005109413053098467,-0.0003923146800274826,0.00039121665327652717,0.01876378145326738,-0.0037981345848869773,-0.004249769497156334,0.00021193960711157018,0.0023264389061821785,0.0012262628679878386,-0.003601018465756103,-0.00013603562713607225,0.0023304397611327737,-0.0010287941061524102,0.002430356809826636,-0.0026709909529572533,0.0007701995002102953,7.905250911446155e-05,0.0014834336365476919,-0.0018700346087931507,-0.00483522980776077,-0.0012264535189400764,-0.001566229266902618,-0.015050052902753219,0.00016574331395313355,0.0006493675653577248,0.010055023616663699,-0.007560384916439051,0.000412042450725261,-0.003992857839909814,-0.00544486676110063,0.823024523521791,0.0015389619891207627,-0.0014711425109872945,0.0005301595887894509,-0.0003750203081734901,-0.0007668978722383983,0.005704043931741506,-0.00045338634486422877,-0.0009668167576081005,-0.0018932906292079112,-0.0004886729005501027,-0.004892824267192701,0.005472386575195182,-0.0008800684157760708,-0.009827728769887216,-0.007915255085364977,0.007546928455276398,0.0008800408092026929,0.00212886714804688,-0.00376954402119846,0.010519435623505168,0.0003634604515503899,0.0011506891101363838,-0.006862622889271277,0.0020954983149202196,-0.0001836382590317577,-0.005211097583986904,0.00023922216185265095,1.171154092231971e-05,0.000993562933739451,-0.009850758680148536,0.00035593745945318314,0.0005598208983312444,-0.0004227345239469706,-0.00047160658826261664,0.0040241607819844,0.0006095662474338984,0.01910767583928529,8.808469148628543e-05,-0.004163915775490306,0.007108905719295329,0.00253796779062688,0.001570236243010766,1.2721613706755596e-05,-2.34970721933272e-05,0.003129791949040479,0.00022643996494126165,-0.0028810159351891624,-0.0025441671702913942,0.005752980687618413,-0.0005402815128349953,-0.046224892686745414,-0.003965944935360896,-0.0004850989634242603,-0.0018338212592366346,0.0014713674992466387,0.0017140446441269888,-0.00024376514040427833,-0.0008447437227456214,0.0004259214959975912,-0.0029737007546728244,-0.003968462287229257,-0.0012720106111683124,0.00021619359164230074,0.0011292485408856193,-0.0002839486164854523,0.002511374203905137,-0.4912925003648707,-0.010169613421678471,0.00011865987528897684,0.00024315805029204878,-0.00096588517737751,-0.00022670675951375448,-0.0035537087557314636,0.0017661931966820711,0.013023607985971438,-0.003670809545907423,-1.572184462843503e-06,-0.0010289256765316783,0.0012259528565270925,0.005749727735071071,-0.003911589647467946,-0.005532933581876276,0.004858072182963208,-0.015165019591993905,-0.004914847671123884,-0.0027026209130322897,-0.002071805421304845,-0.0016365358734445324,0.0019059590039197719,-0.004068357227355345,0.0016253088055541483,-0.0007735347745274169,-0.006331584326391302,0.0012675314185418122,-0.0029315133833594425,-0.024013299586855722,0.00021676767251787427,0.015424003673094613,0.0014988681615427518,0.0016124336185596045,-0.0009860948664889495,-0.00031875470383116965,0.07708236000236812,0.00021148532074291253,-0.001386281508543498,-0.01571392909917693,-0.0014201367197534513,0.00036479085285888186,0.0010827329105524814,0.0016420300665825932,-0.0020386761882704254,0.0007264809999172823,0.0011998057137470584,-0.004448543942306921,0.08586416657398219,-0.0014905260547439327,-0.0006653854270626917,0.0003585276269234284,0.0048613855047944556,-0.0006278881376445354,0.0008904468277799453,0.2013636867667088,-0.0009923637309807011,0.007013901903432375,0.0006347855463995586,-0.0031427364393748556,0.006360725007635335,-0.000329916593378092,0.005331056444259684,-0.001362468978171424,0.00042308346215420606,0.00433074204031166,4.997738960314064e-05,0.0008992523069607829,-0.0017345460394644107,-0.026949685114147238,-0.04104648256813195,-0.0004588376410322262,-9.341042694685362e-05,-0.004303890961039806,-0.002902606342818922,-0.020064792327422226,-0.009735189483202119,-0.0010516506391047198,0.0015090697193061791,-0.0045138487760307535,0.0005716777045168019,-0.00863584937481144,0.0008364207314237948,0.019970587954100612,0.0009731784241262557,0.010137977206572018,0.0012856345979555494,5.712589841694706e-05,-0.00035341744655594236,-0.00045137326207641876,-0.0035375912674330853
174,0.008508577440896762,0.00011695053064014749,0.00018435743552596556,0.001706393109483461,-0.0002739665491832584,0.008734202209741634,-0.14100941612485218,-0.01837650338386175,0.0007551573139417539,-0.0007330246197263524,2.840674739749971e-05,-0.0003755449071684569,0.008843797578398378,0.013169106296553924,0.0005082729339415254,0.009713331641659481,0.0033356515434472683,0.0004547088963909318,-0.002971003131892719,0.0021344112294922196,0.0003056846169459948,-0.00041640160839660767,-8.53125872843051e-05,0.02117007857989147,0.395994047368912,-0.012727748588192228,0.16868656805362603,0.009710521641991612,0.004793609062656579,-0.0021279925885546447,0.006148977722849162,0.003137509793884625,-0.00018875479012286575,0.004213853106664844,9.998254313232924e-05,0.0005549769059331293,4.0679573037494254e-05,-0.002991560852227398,0.00017020739554890474,0.0023995276384597072,0.007620669379148669,1.1220271605729163e-05,-0.0066638548288826685,0.005589187698680543,0.001403501000680353,-0.05977798988344074,-0.0014278522388983693,0.2500871510052807,0.0011716469350123628,-0.000835829581241003,0.000588168142772176,-0.0007271582934050814,4.229704241275056e-05,-0.0031104841147774065,-0.0005854325446786948,0.010202065223618707,0.0047376362197883715,-0.001616717483492,0.0011037763380482716,-0.0001294533427701125,0.0054820944312947775,-0.0013037588617570463,0.01088689284269793,0.0008630257709133868,0.00019939745240495944,0.04730575881235349,0.0022953662565032324,0.2493277902711283,0.0110001306271536,0.00011232716991718336,0.005737477073973582,0.0003730403585168879,0.020768857779548556,0.00698282988518454,0.029325144950906455,1.899700632284479e-05,0.00015189753591992976,0.0003137007798069154,0.0002828990203177992,0.02038027530762886,-0.002993286453943856,0.056782831767013445,-0.10166660215081602,-0.00966065965601764,0.0008639913359007943,-0.002580359401472117,0.05798607499735778,-0.00032558360849694115,-0.0010587048684004689,0.00014938751833251662,-0.0018977796417675255,0.0010457997231468029,-0.00015450793348683461,-0.0030031978150763493,0.0015657994421256474,-0.05914874556100283,-0.02342827251966684,-0.004528611632625225,0.0003802824280683022,0.04731901801411299,0.0004352888888592213,-0.0010792603028221218,-0.002811908150251813,-3.0324009746767605e-05,0.027906841311777127,0.013513794478057596,0.0020494973359904117,0.009762316981401346,0.0015137451886951848,-0.02142550604249592,-0.0004028490559563752,0.005143821323396597,0.04376744025472864,-9.127733701777552e-06,4.4752370447417866e-05,-0.018360472629539125,0.002182518525687245,-0.002845350579690922,0.0013237895395262454,0.002671803512615237,-0.006387631829568794,0.055448176054725594,0.0022272013892369906,0.0014780693463294125,0.023252396222503906,-0.013071826307718137,0.009696472666045699,0.0031190716655937895,-3.043726648686851e-06,-0.008423467319025596,0.019005433507993285,0.00189517481444826,-0.0007664238473174753,0.0002095171112910712,-0.010095648905687237,0.0014558102257716914,0.00015647515705679476,-0.027557260883467175,0.011680567362347053,-0.0011397007102071713,8.994253007986452e-05,0.10070463437192098,0.05426849410690512,-0.00026297813001697297,0.003228190629384303,-0.009115181325506698,0.007759475343494712,-0.00017503019287518464,-0.039941902589636785,0.021951771564973105,0.0005022518980721249,0.06286377271718371,0.004219909237456207,0.10244564617353419,-0.04456361372684651,0.018511555157869654,-0.010432756517378336,0.001193689757476012,0.057350100338681806,-0.00032724775729249186,0.001674787045718165,0.00137640246410711,-0.002683849997225102,-0.00015162185514164261,0.00032552067352806854,0.009410506380087566,0.0021182847267927378,-0.0034560553976794375,-0.03855011106776267,-0.010086677567572103,0.0031385072337483753,-0.007096452723631264,0.005566420375470355,-0.002358126237323797,-0.00013401334389322173,0.001520149263362095,0.001846380846741564,-0.008389576550333216,-0.0028840745360545986,0.09997299273137107,-4.7388341985282745e-05,-0.001305016568532399,0.023474395520546656,0.014355625270783998,-0.005652146429339245,-9.820306888288013e-06,0.009496080395271434,-0.0025410714801679286,0.00023833906798330362,-0.0005020498999648501,0.009100688845339176,-0.004949861784640467,-0.0002224384380804384,-0.04723175923959303,-0.0001883695144663869,0.002956535552948912,0.0022307291137821754,0.014668520022643735,-0.010697337346444208,-0.023225721675099405,0.012784473157153043,0.0011244217060136716,0.033877936559517374,0.06639150084039086,0.013327076700490013,-0.007191700580593657,0.0004194758739479616,0.00014346897949325116,-0.1073987272168868,-0.013672249683869897,-0.0061775633995356264,-0.00015999376724094155,0.030894809435314755,-0.001208602768188568,-0.00031468333869394925,0.027298651441682028,0.000289902269609745,0.006881213558767849,0.04096772603593005,-0.00027749361650253063,0.0036571142569126,-0.000981893348163003,0.0002407607638146604,0.19089002695763496,-1.3716273118965583e-05,-0.00030526222300132156,0.3282635856647266,0.0614411030747599,0.00987578217022483,-0.0004730241577177441,9.879653127784003e-05,0.0005229073105682235,-0.001051216681298376,-0.0017455418394051788,0.008486617741067572,0.026888264561555554,0.008345343077044286,0.0003239920608894102,0.23548351996814332,0.001193400971759414,-0.09947097845745295,0.0006811259978636037,0.024990441527672668,0.0024930111160922286,3.121961602828294e-05,-0.020608084224433262,0.0032648306077283575,0.01740465317360982,0.003571770810231552,-0.0002852223959619281,-0.00011022731249864248,-0.00018063353010717076,-0.006572202847769744,0.0007560813747867039,-0.0010862599288940485,-0.001063783225351017,0.001526370195159249,0.021118070601600366,0.025533915467982317,-0.0024373789519498046,0.014219341618224822,-0.002523927554675384,-4.567489590683385e-05,0.006970342664810079,0.017636945628855795,0.0054568079837705695,0.0003440030223600364,-0.0006653754745723807,-0.0004356899778896854,-0.0003974940172013575,-8.111349678931732e-05,0.0018261684373850132,-6.447111312423391e-05,0.01273564899176342,-0.010425696261108224,-0.001012725652676929,-0.002466289356185907,-0.00032485087808920617,-0.003414542050594779,0.4721445850501301,0.001564350965999055,9.96856704498783e-05,0.0027454024881013953,-0.00452004320755392,0.19355144182048645,0.20933340930638022,0.007486891446257989,-0.016871604137258932,0.14110879100204726,-0.005179220548821174,-0.0005687048513710168,-0.0004718152657993656,-0.11325401489907994,0.001136583425301898,0.00403153699163224,0.0004959905124904598,-0.0024065425512798527,0.002275505411412533,0.0033623282358162332,-0.0006203563917208759
175,0.0011505428292216912,-0.00023419134452978482,0.0002544086877813356,-0.0007357738198466952,-0.0001875031697986363,-0.007069037504422301,-0.08274972457067943,0.049347826809874526,0.000756188346557992,0.00350355126626814,-0.0001656765786178134,0.00021902893626929605,0.002289097953871313,0.013003164841397071,-0.0003475376755953778,-0.017671675872902987,-0.000934554069005787,0.0001871226051356721,0.004531002520562565,0.0010493550035277702,-1.7665295839193462e-05,0.0007234582658315752,0.0009170905212909555,-0.024403216195935277,0.31054171339037595,-0.003388693872341036,0.11673510216924,-0.004393238921482993,-0.020776228593002356,0.0007986681778927272,-0.006591904985655832,0.00443265228557094,0.00026296581127754117,-0.0003632374189655868,-3.904699481299678e-05,3.0424076697534858e-05,-0.00039427196604677195,-0.0010254302099125055,-0.00013506422827452673,-6.151802839648828e-05,0.002126596801495681,-0.0009226072822914066,-0.011990541654740408,-5.9058423986622574e-05,-0.00271016603181835,0.13962284770658842,0.0024500367199595395,-0.09556142720339819,0.00025597141288978813,0.002080369019889579,0.0014876036483746705,0.0004570754503944582,0.00045129742549720846,0.0007235748565121037,9.840430983683313e-05,0.002498603863673435,-0.0006450276170319319,-0.001855051940250746,-0.0006484924746875146,-0.00016301449778563168,-0.010544897666241145,-0.00020129916068862945,0.0011026631052257667,0.000987014587030185,0.00013744345218975017,-0.06475863598566575,-0.0010568262810963641,0.20220810018146262,-0.02488422714217774,-0.0015952309974668066,-0.01066371898625155,-0.0006582773896830303,-0.03578632496354567,-0.031003029543440593,0.014794382653110786,-2.948035956511219e-06,4.064451924595813e-05,0.00018461292712178582,-9.707812206543025e-05,0.014317818180623065,0.004099396411349556,-0.02502963333691694,-0.04857034736912608,-0.000447439660707405,-0.0009833679490758092,0.0031068642490547603,0.03696238416737767,0.0005731650006151889,0.0013828991478622983,-0.00021106017692569534,-0.0008513852488129946,-0.0010855649972145271,-0.00022836801748133545,0.0029142601004600276,-0.003372641996770346,0.0029675953172377603,0.023828307830739602,0.007382836487521947,-0.0009646359689200606,-0.11350135132690214,-0.0006930051023492541,0.00029871588799546683,-0.002036804576349943,-0.00037068819052735354,0.00640321580850587,-0.007187619672161439,0.0007502840602137805,-0.0012281737762776651,-0.0037028990469622734,-0.01403795671213373,7.53046793333656e-05,-0.0002032725235841205,0.027939736465097675,-4.810987098841091e-05,-1.0442370729273065e-05,-0.013226823825932042,-0.054654678052244894,-0.010270380997408016,-0.002273427761490209,0.0005627215161613007,0.014685587895314933,-0.019606345235311882,-0.004314092883641368,0.00020659461245828422,0.0025190447563413756,0.007018236553586717,0.010025002025720844,0.0016737665276441646,7.093727707546422e-05,0.016266825660026605,-0.027266368230788297,-0.0008914354219613993,0.0007827361106096786,-0.0001630423766835502,0.020266185586191372,0.001122910331414601,0.0006183916263892996,0.017386893282118746,-0.0039080397096123536,-0.0011753716545281137,-0.0005153384258374111,0.06458133532526224,-0.018909793313509993,0.0007400227165162972,0.0010835400377732117,-0.0009166242416894649,0.003548960613140776,0.0007792442608951778,0.03206201953833585,-0.04164675155735523,-0.0003942033261555792,0.02794678513548126,0.0013439920648533731,0.08292939545923199,0.004612712039178405,0.013516079505330203,-0.0023507450895314044,-0.001007260063999096,-0.13392375765601636,-0.0002225285375952622,-0.000980977851530638,5.074333899989913e-05,0.0025768106436830345,-0.00029652087470531316,-0.00524885859824062,0.0063408611858161035,0.0037362384245268367,0.0038595305972516786,0.02268671087202137,0.014698997849950664,0.001436437273035088,0.009919556314195397,0.005149829615278467,0.008170205654304943,0.00011772956858818566,-8.741824847309678e-05,-0.0010229112986399377,-0.01378177245613055,0.006609960801436733,0.04755011830192997,-1.554452732166478e-05,-0.0009734767065672934,0.031386658639644446,0.009464769412290696,0.003812308547910105,0.000380857572109072,0.005439484240354333,0.0030646596660421615,-0.0002975809245577485,-0.0007138601680042249,-0.0044769876299977154,-0.0005435439499558961,7.835125713817614e-05,0.016271768266462476,1.4359361994089465e-05,-0.00033991763595756647,0.0014786303755319691,0.011540990767383614,0.030129490775690028,0.019644195244811386,-0.007216619281527037,-0.002252213129799471,-0.01834724852261459,0.02407331689962957,-8.989118546399576e-06,0.008004952094921552,-0.0004825112938076793,-6.0330595978975304e-05,0.23675195246716124,-5.354924398628773e-05,0.001398149065914715,0.00016213567104844326,0.01482989774653749,0.007129190578522986,-0.00015378650347661407,-0.06876781238859221,-1.3420998753522367e-05,0.006009690289448628,-0.010646399867284828,-0.0008119606111660943,0.0014735005537795838,0.013315458918170845,-0.00032262510353036483,0.09319138355925571,-0.0010326020003279673,0.011194847293873102,0.26806526844586603,-0.06765983513743556,-0.0335156048627898,-0.00015756136732134225,0.0010867007430136722,-0.00030025676951727504,0.0007343620984285905,0.0028307812991930203,0.004785363975329254,0.007959995659730568,0.00223162917903322,-0.0014184649523283459,-0.6225431857647112,-0.0005287050473214137,0.027056860075132656,4.805419887487453e-05,0.008924488940715118,0.0007507299600091388,7.625487060290703e-05,0.01799731501570432,-0.004332681793823329,-0.005393269914557938,-0.001492190496614136,0.0004631599504334692,1.8623670682740845e-05,0.0005532545801174538,0.004027842707691095,0.0007361157440385676,-0.0025239482278686907,-8.137377704212599e-07,-0.0010045692486104103,-0.0032221176679180785,-0.013577425741647626,-0.0013582834536871764,0.005795468860428029,0.0001942420262436885,-0.00027040448646794245,-0.0015970738443851495,-0.004562331029771775,0.003928314332096238,0.0008821364069141416,-6.423539654623958e-05,-5.9875026591695024e-05,-0.0195401995071901,-0.005190219667979548,-0.0027127305443724065,-0.0009580273368707953,0.0023646649943225443,-0.009266586410222027,0.0007465093079736529,0.01306774761000024,0.0006771496354256597,0.001211517400382391,-0.13992174350056083,-0.0009498820590844287,-0.0002082035627047514,-0.0026103370727815663,0.0033844633874393747,-0.3811887467161831,0.1686591154216901,-0.002776291424163824,0.0004197038958637394,0.060189969288098055,0.009612317356333187,-0.00018973686321208452,-2.098847099624504e-05,0.03887673208555485,0.004440797142945093,-0.0066148796239343345,-7.535817980281606e-05,0.00033703549277167184,-0.0004556115035213304,0.0018892684280487479,2.5301531673823274e-05
176,0.0024743337777034277,0.00030989498451197695,7.708829830255746e-05,0.004034476671161795,2.0110334636257773e-05,0.005346060448137318,-0.10190448808812931,-0.04677896364223915,0.0010141297221121191,-0.0023542732913158053,9.99910961503453e-05,-0.0003628696089882921,0.004245578242700179,0.02326748872833999,-0.00027988085582809257,-0.017158642889984078,0.004108573414556083,-0.0004817303035974871,-0.0017539956971744618,0.0015326274855140473,0.0006189998018273704,-0.00017602692015776175,-0.0003480190926967589,-0.02055783880782694,0.0295567746542727,-0.015866992271998108,0.03105427515308077,-0.006807469186504302,0.01788415659326227,-0.007739274505680616,0.021307697535212628,-0.007139115815190435,0.00011147809429382658,0.004060238212112488,-0.00022737426973127976,-0.0005354403381550264,4.489466956332337e-05,0.004486358173835046,-0.00023258161761095287,0.002058546107296736,0.012148685014519595,0.0006632693379516996,0.003866296402341634,0.012668013362224147,-0.0024728125581091435,-0.05371533352831246,0.008604349435197911,-0.1731371613692777,-0.00018594215623238519,0.0005068860786359515,0.002378527438684091,-3.41016005634575e-05,6.275935099244457e-05,-0.004831273386888894,0.0002661263896729278,0.004744814956174035,-0.000885817096456,-0.004025406897777513,1.575664039151414e-05,-5.106097073585142e-05,-0.01750294547963573,-0.0007143334349050958,0.021395362838255202,-0.0006798958603337635,-2.2506859076926178e-05,-0.09358142216981868,0.0020429953205491637,0.02615335258535984,0.024184662502842937,0.0012709767836950117,-0.022109369720572952,0.0015431389507359408,0.06249249223700029,-0.009243403398850106,0.027494027821100255,-7.715253074690002e-05,0.0004466895088982726,-0.0007343697916910204,-7.89444987215112e-05,0.020468331361873496,0.00495268901339115,-0.04264984122420733,-0.06566027627754376,-0.012467645356961368,-0.002158427266500928,-0.008308250448579146,0.08009715244680896,0.0003520045029153299,-0.0006179182579056349,4.808797014325267e-05,-0.000659367145961066,-0.0013191959168985347,0.0001754597318343828,-0.006111955416925661,-0.004476711847817515,0.009984215862676112,0.0022086907927829982,0.011599298942088611,0.0006850259876158699,0.10866523871465436,-3.761066873824402e-05,-0.001774669321572447,0.0025502935385122586,-0.0015456008940922736,0.013976064954304309,-0.018132171311287183,-0.002362823658358472,-0.007662588676931686,-0.002556522575516405,-0.010882055313102223,0.00015290114882136104,-0.0017086151314703317,0.028664743945566607,2.002720260650681e-06,2.83631089592933e-05,-0.0850593446825142,0.00959609501919946,0.018577675198660066,-0.003020306897985387,-0.0009907934439567466,-0.015219941569869016,0.26005657850338226,-0.0010114378443276289,0.00039698719080999444,0.02076241738110276,0.0071730931176016265,0.021669559922377454,0.004116877771912601,1.1599827275578928e-05,-0.02091066467654994,-0.046468633433652096,-0.0019831468906076647,0.0008416573731230884,-0.00017094511705574317,0.021050549573373444,-0.0019394067050030436,2.5223616547207818e-05,0.02633146391502006,-0.003454878341877984,0.003157627429510365,0.00012458965760450517,0.11144608563648664,-0.011313094223112356,0.00036938712054712756,0.004911475275731117,-0.00039702230767355885,-0.0011131799014606546,-0.0004344654783017388,-0.03545414596178547,-0.02300053036774821,0.00044957827973029346,0.05294452492354009,0.0031278002817080887,0.010365068362056125,0.02645112670239382,0.0005961583279162647,-0.010944478135439214,0.0005967641418238544,-0.18951830411756515,-0.0002518980015537905,0.0009526885857598106,-0.0015765560777532546,0.005167575430484371,-0.0002602874926910606,-0.007103002100479708,0.0045581204530557645,7.218719111972555e-05,-0.0057504706570426925,0.03399984040126107,0.006453300255261174,0.0032742717300043456,0.01583641425397695,0.009357503750833608,-0.006262778600668781,-0.00030828544518752415,0.0025787550730918467,-0.0007549455546613816,0.037978790425068326,0.002260630545271001,0.17574791130459477,-0.00014366090515480212,-0.0018309402218461906,-0.02299741563816466,0.034517532803636626,-0.0039667787265476595,0.0005435762625786965,0.012649236398865138,-0.003905627715696274,0.0010855125367823341,-0.00043717493646884607,-0.006098500957381677,-0.019679595844209776,0.00038082357325328227,0.02637217635876107,-0.00040774070837823473,-0.0012257556748990588,0.0034675616213705237,0.005452219754935447,-0.026935213739561325,-0.09501165886254678,-0.008073691949999162,-0.001631301563503558,-0.030922595623887564,0.04301212144785935,-0.0064096988661665015,-0.01785458942981347,-0.0019393020859567959,-0.00039406736377191006,-0.0035192903151182314,-0.00841084452565341,-0.012643422311305275,-0.00045681764773320907,0.13512452221287155,-0.0023124349738279006,-0.00023053653180593386,0.05324411354012786,7.461716312573028e-05,0.0003110761605101412,-0.019939685006685366,-0.00029109962913520353,0.00801183226699655,0.019782402221367436,-0.00023326482604972933,0.15359434933542693,-0.00043062469061548353,-0.001994432500888476,0.04306702438844996,0.1955033230697271,0.016559310317557207,0.0005854850404405406,-0.0001334039314402823,0.0005140196858269873,0.0009066992844664157,0.005669320821402538,0.006060974982306618,0.02165174504478777,0.012017467363034256,-0.0012666140200839919,0.5248964047622036,0.0011038003315466524,0.05057475250507223,0.0006773859917071808,0.04134385054810062,0.006422524110907464,0.0002739537111594789,0.02412905660192906,-0.0027864194848383375,0.06275315329531776,0.034040325315087355,-0.00023840234075539306,-0.00012302550822726813,-0.0007437235495727424,0.01308495137757544,0.0008198669074834479,-0.0007595504825152507,-0.006188246189290224,0.010260108692024223,-0.01280897577759449,0.025440131126140464,-0.0010977392485071666,0.006221255854266021,3.847745170871067e-05,0.00047361120433263553,-0.00010856880411924913,-0.00505917555231345,0.003575129196822817,-0.002717986757884217,-0.0007179301365000841,-0.0007000832846371079,-0.021241659750066155,0.005365776585490222,-0.002154186052526587,-0.0004051166041343649,0.004723671184780681,-0.016197055373505694,0.0007072596367875888,0.016444041689079217,-5.380920973218316e-05,0.0011485613483949247,-0.3234760927216439,0.007420560367615263,0.00017409115501530736,0.003375052847870667,0.003993155363208776,-0.4757977091575568,0.02245284902469728,-0.005664383395922961,-0.029018914800435162,0.10142874268126212,-0.015598507800825643,0.0004650675431641096,-7.537972954572113e-05,0.0684408345148318,0.0036642179352833924,0.002467308434290114,0.00028977097302220834,0.001858082614824159,-0.0016913450700403376,0.0035647363459221757,0.0013621447960684558
177,-0.0020290974798054828,0.00033013313660127525,-2.1407249578678234e-05,-0.0036169157449150724,-0.00020908215552460098,0.006718836487203911,-0.09499801796703121,0.006149930689078348,0.0007146036607822634,0.0003537593388932038,0.00032731496170878074,-0.0007243475899077964,0.0005624469361028648,0.020251380182116203,-6.0880011786505935e-05,0.022161370591606788,0.0005549716825861833,0.00019508439594549676,-0.000328732361730779,0.003155321595575626,0.00048096727990969146,-7.661012384735377e-05,4.737997824334154e-05,-0.009422993632139132,0.13791762440031766,-0.014495042234540923,0.0554999599425017,-0.0047724106457171026,-0.0022865870138804034,0.00021002117785987387,0.009543791052402146,-0.003508392039488403,-0.0003801641023538178,0.005526226996787157,-0.00017101361681702565,-0.001340806082994252,0.00019779703533952253,0.008143233900479416,0.00023844741292319838,0.0023625298830278604,0.0009372812903358264,0.0006816475945256989,0.004024766165786642,0.007657855340617982,0.0017115313685249316,-0.050434122955580495,-0.009188490670936075,-0.2859194261455323,-0.0007492798544521139,-0.003201615382541788,-0.007568254330155431,-0.0003226250931337285,-0.0006983797232726174,-0.00014778156065871698,0.00024656917455833337,0.0014635607727322567,-0.002719023475137791,-0.0032659215929498756,0.0036850141727699883,-0.00034157780429351983,0.005913157508157319,0.0006324667163650555,0.010970548483989923,-0.0015285488399624137,-0.00041558191680931937,0.06343661836982542,-0.0008898260888934523,0.0977702906897917,-0.0033863461102038297,-7.631710870512759e-05,-0.029290733756914506,0.00024118242768832263,-0.006475979179260687,0.024009482859791133,0.014901184645371756,0.00014059093544559198,0.00022608766533123393,-0.0007574858827527524,0.00025761671429583733,0.019050239012314667,0.00043264392326517126,-0.054191524284985935,-0.05329949374937844,0.002795601490602875,-0.0023362069385653695,0.0003112820248687559,0.02789583867348937,-0.00024554930791714346,0.0008020116509041244,-0.00017662868936031,-0.0004915330916194097,0.0008134046906415575,3.020060643032542e-06,-0.0004836144807819215,-5.494101029175809e-05,0.0010280885338717297,-0.012760190932555177,-0.016043645195480433,0.0005243108001051012,-0.006557444288987466,0.00045063687913762026,0.0007499551015554638,0.000331118692463974,-0.002188111043241684,-0.0005859100795330176,-0.02241592285644049,-0.0023359409907181715,-0.013169162325083104,-0.002368088968458119,-0.022046277202481247,0.0003939372054999977,-0.0018390915858440013,0.06716589669924657,0.00017925386991465841,-9.754093353608884e-05,-0.04748749255115595,9.319007097910556e-05,0.006192121401803401,0.0032466197484939414,0.0011311244147620392,0.0018173524628402938,-0.05705345168071903,-0.0012956622287797009,-0.0017689254357332704,0.0035815936394128405,0.018025887124950967,0.026283859584320342,0.004065240047115989,6.545405477735577e-05,0.005053647343784395,0.061040932369369506,-0.0008041120356442606,0.0005388126105083553,0.002113027043811764,-0.029258333116462584,-0.00048160894561939454,-0.00020361186782144255,0.01462337962184164,0.0031324308892213912,-0.0014799008337597497,-0.00019064758678642452,0.07627479759656398,-0.018448391624045178,-0.0003176207592296435,0.005661834462598618,0.013533808176182058,0.00490648719816884,-0.004372528274494704,-0.032562078109695226,0.03651006653939078,-0.0007521652374715315,0.013033045714436305,0.004009978520435961,0.03956303883136259,0.04657853701682635,0.00636342063955577,-0.017189410118777004,0.0008875459118524738,0.26363926387556325,5.502548688184495e-05,0.0009878042275227221,-0.001916344844766785,0.0017135148151215124,-0.00030988630629348677,0.005086500604911282,0.009955694751449572,0.0032300523794377735,-0.0006454089974793527,0.02587706144562778,-0.015321386832220195,0.0010703258588799416,-0.021430798713746212,-0.0019329741764323133,2.181162707342709e-05,-0.0007053827621986697,0.002662038049814498,0.001556268362456666,-0.005488796017242963,-0.004301865150365399,0.21959739865389674,0.00011934103407278823,-0.0009668879289701951,-0.01813679678739033,0.04241066809610146,-0.0027800929899773792,0.000495472703912446,0.005681522376218011,0.004249872600865167,-0.0004320547152565496,-0.0006941844953177382,-0.012838539351728613,-0.019280632072740014,-5.330227245024105e-05,0.06116106246666568,-0.00038058501608562574,-0.0024743365928301397,0.0017511214790061405,0.008807636062654077,0.00275556356857635,0.007064964488482445,-0.011198984826949948,0.0018463316243229055,-0.0228394571359004,0.014833216020138585,-0.0246699374911599,0.0017718835936087677,0.0008599573602480711,7.308018269880671e-05,-0.11274270780846023,-0.0019756586890745,-0.0036703448880768237,-0.00016765937175609869,-0.010116807008605953,0.0003024800719641648,-3.360281790873009e-05,0.003294676765300416,-0.0006751913378386027,-0.006553747909712956,-0.04239873476465656,0.00029209367443631604,0.009393583381356582,-0.025554781055058196,0.0003153991086484783,0.07132306918005972,-8.627341121222008e-05,0.00726502532751305,0.1304444864149105,-0.018136515106977672,0.004766716971696314,-0.0008397655554599048,0.002166450213510295,0.00023750934841571762,-0.0016362102109159647,-0.009292413500580748,0.003528377448489531,0.0068051221103759005,0.015075130727435652,-0.0010721695429434727,-0.021941709148021838,-0.0002504098941473005,0.14444535088526506,0.0010377562328391316,0.030485400047809395,0.006630955688637502,-1.5509610504942095e-05,-0.002355785570612759,0.001894605098068438,-0.00938709661144647,0.04478000946647532,0.0001009967795014546,5.396170826534735e-05,-0.00013923912994310672,-0.00363185480817106,-0.00045520123357402267,0.0006013419729592796,-0.0015900113366488279,-0.010712842857000558,-0.0059288983628672624,0.014170572312297633,-0.0012274947337845739,0.004614522073923566,-0.004243214906450167,-6.930516835013025e-05,-0.01356456326953794,-0.009622941895361545,0.00022414668220019677,-9.644588350711582e-05,0.0004845706327024808,-0.0009062827402637685,0.010547957599423173,-0.0008158715947343045,0.006935302136146012,0.001009582745585158,0.00641981058283036,-0.006890169565874092,-0.0014175218002671734,-0.029601322667585837,-8.162651244078382e-05,0.0003024531570196751,-0.5590156130844343,-0.00457098265076635,6.699358844844665e-05,0.0063416448543195955,0.0004976763188813913,0.5620953821331877,0.08116676217362606,-0.006995750703967002,-0.0037900737324371428,0.03913525653244097,-0.00033146768945393687,0.00035643409908179234,-0.0002890335212108793,0.031006806031319185,-0.00531331347554798,0.0006846445134543226,-0.0006549918222361023,-0.0032047684854442154,-0.0028556862876624785,0.0010607023579676904,-0.007345553429027823
178,0.01138220363271406,5.766928673872629e-05,0.0004166815044133257,-0.002263442427935771,-0.0006952337542813162,0.009780043987755359,-0.17110297340942163,0.024657840384397556,0.0015075810323545435,0.0002861232545321307,0.00012815853229550256,-0.0011123407901922344,0.01182960222827878,0.03821713074007365,-0.00017298852025955137,0.0037264625524693964,0.00554093406296495,0.0003856030696256646,0.0003667300472306595,0.00235178990521194,0.0006012350354367285,0.0001595880928265403,-5.390160869563759e-05,-0.007206708630546685,-0.309219531973049,-0.029301003725918692,-0.04823921705157702,0.0063433441738692115,-0.005948961443441772,-0.006496035283083179,0.040189609872265365,0.0016636950294857816,-0.000257684621645847,0.008405900317508265,-0.00017758356826332207,-0.0026063198299026494,-0.0007340969658617413,-0.0031411319286433325,-0.00026443340250763975,0.004993105959141413,0.01447182829656698,-0.00041151916340019556,-0.012980304594122416,0.021164161450164004,-0.0011430351455642175,0.046025992012331075,-0.0046005789406686325,0.09651790209638897,-0.00016469691265335196,4.970732797500259e-05,-0.0018283990282058522,-0.0016956974322699856,-0.0002256198112971057,-0.003909030567348065,-0.0006662542135342231,0.014071949231665444,0.0035892191048487385,-0.006517334111235718,0.003996599783439299,-0.00031411782949702927,-0.018961822195704886,-0.0011183259725315378,0.04367368845711962,0.0002585011271238546,0.0005611625425012493,0.01818175751729157,0.0034542750282592926,-0.20067501646719801,-0.002652761230841625,-0.0013098862014348702,-0.0031933221441791254,0.0003923428157429215,0.014611221320947294,-0.009999389681711055,0.05389494271199059,5.2222967837578516e-05,0.0008836533694610085,0.000139639760705854,0.00035399420093589623,0.035113959782635804,0.012020814850019075,0.025988216599984508,-0.13497337073887655,-0.017749032111594565,2.112510632121256e-05,-0.004638022188946626,0.12107284252175386,0.0004774746454892266,0.00020850101051453503,-8.543791106693788e-06,-0.0030118499641671923,-0.0002860560513298834,-0.0002625934341934158,-0.006194487772136419,-0.00023361511958531166,-0.031438087740431754,0.009309949034487066,-0.0039062739250763125,-0.0004094132965856284,-0.052185473686060344,-8.77277297100399e-05,-0.0014656904907665656,-0.0035118640224431614,-0.0023191106428259965,0.036662472976229904,0.0023210608616779423,0.0012905949449384946,0.011076532911672682,-0.00313263463724202,-0.05148246588558766,-0.00010224342193747987,0.002473877435170979,0.06443927183934367,0.0004719985531797012,0.00010076595163019397,-0.14813602318715707,-0.0015288386941561503,0.007364302183156314,0.000913299044918825,-0.0005192504930012112,0.004888340219555264,0.28103354900612626,0.0009774861968425523,0.002571565484248055,0.04188172266866248,0.0010123432874316884,0.04444096362382712,0.007000254722402685,-3.8944158948304997e-05,0.0012347425400293587,0.035266355148347105,0.0008992350194134196,0.0003988966498740462,0.0011773575630803649,-0.0029523143313592275,0.0025635109796147432,3.53378130413199e-05,-0.007719391703597095,-0.0011179149602263396,-0.001372690533074334,0.00046732645678308066,0.20390735535520357,-0.008857364344550001,0.0016940376374352726,0.009559200782192478,-0.006112176310163541,-0.002435530775802778,-0.001392394853009043,-0.07357119704750015,0.007305905433392314,-0.00042694863046049774,0.1086558307959703,0.008624219419901043,-0.08182029112059087,-0.022844734798344403,-0.014038163426441326,-0.015002794482691074,0.001572046299792258,0.043078530716705275,-0.0006273375190955525,0.001214640399573268,-0.0004130467076505586,0.009313098241768823,-3.936025088442652e-05,-0.00809361125374652,0.016244616602753906,-0.0039767348612717544,-0.0029773650732041225,-0.0161269441328509,-0.0020765783906404652,0.005579123251489612,-0.0074498513644833,0.01462003459269477,0.004775330745997244,-0.00041321479624874214,0.0038097080851570535,-4.5151778939970036e-05,-0.031101631595870326,6.559203561927896e-05,0.33671007381419976,-2.1906802497015376e-05,-0.0034902439959870815,0.02298023921429384,0.06119213021885047,-0.005913993246654387,0.0005086464751901066,0.01765623127687401,0.004717769246412,0.000154667172990482,-0.0009956523566369418,0.003422749957923882,-0.04633974416204327,1.6327150575104477e-05,-0.010324693118134375,-0.00010361714894717433,0.0016487634197820539,0.005048847419259957,-0.0033617906670617,0.018386404807139312,-0.08310882341504006,0.004560564927139046,-0.00023415926691698619,0.013408354192733167,0.09509527882794748,0.007181625346016131,-0.002616865579842047,0.000498949274749784,1.961239120220129e-05,0.03590971116045213,0.0034078466550514818,-0.009654163563315853,-0.00048731028516207225,0.17903558386066962,0.0016016524475412665,-0.00031640529265520266,-0.02849479657256396,-0.0005680749173093938,0.005180706643206314,0.020725036588850942,-0.0023038496537100654,0.013100044603746763,-0.0015154309753039508,-0.0005395660612715139,0.3001504376926063,-1.593468336887505e-05,0.016520450430652988,-0.24908947751141824,0.09946593557172503,-0.01965208480413369,0.00029516159707291753,-0.0009610369029978198,0.0008484899320465658,0.002172265936633326,-0.0023561120304685674,0.012097934109316734,0.0371592155602275,0.020049970547562003,-0.004055115752542722,-0.3354741753085806,-0.0001472957235649742,-0.042933223090197314,0.001414367637910122,0.05737214468965188,0.010237639426767234,0.00016914807787088426,0.05036324318438287,0.0017006180625052938,0.06569612512467067,0.04549183618361735,-9.403928443994965e-05,-6.485664252993406e-05,-9.98932445102252e-05,-0.006378557574674721,0.002123339988730575,-0.0027237543854624104,-0.004180590580401242,-0.007449393955725123,-0.014210261405555908,0.02745124594752514,0.0030998001680275084,0.012071822155287446,-0.0072481449978704935,-0.00032159715215791806,-0.001595035818647915,-0.004485214215626478,0.00914837658751103,-0.0015462629551504454,-0.000642906728080006,-0.00021035972847038668,-0.02921416404229456,-0.0010015203849547184,0.004152597393960278,0.0007949494161919443,0.01907152188845425,-0.027742403288218552,0.0014328601332025334,-0.005442842042599201,-0.0004451472405347422,-0.0007974378270111659,0.15649508496403158,-2.8030944861188707e-05,0.00016971350114493994,0.000559585293653634,-0.00048220078336415806,0.12012174215957507,-0.16476227767156795,0.0008283091560213653,-0.024642312614961838,0.22305881710046874,-0.004615053073889083,0.00024850990992154876,-3.816620015253264e-05,-0.03886938207730366,-0.0024915494313990615,0.0019156067544826875,0.0004973261115795383,-0.002062049605479197,0.0010235658042825613,0.007711392931463312,-0.003530052329086547
179,-0.00705840910193158,0.00039280333365529496,-0.00035284148290052816,-0.0034614614604865056,0.0005530420337450928,0.013083849471400644,0.15883658743738496,0.0039310453260413825,-0.0014468051137365087,-0.0014016254172470738,4.519676594484656e-05,0.0009152948326636087,-0.008798192929996111,-0.04961585861664032,0.0009564966698921676,0.004103854674873703,0.002644921929164122,-0.0011393891791615304,0.0005542528664750496,-0.002942953898056183,-0.0014118441039465968,-0.0007226326911474248,-0.0017671961116485363,0.0122798566641262,0.10023340981470348,0.015124401574845237,-0.004078718186148161,0.0007139850743142356,0.012135918244847312,-0.010246034907381497,0.026381788608255685,-0.0010152326793952601,0.00034163101289893735,-0.003702543719413388,0.0003276468502566455,-0.0008426249348107966,-0.0017690761409913866,-0.0008199075866137384,3.9007445688278575e-06,0.008406530800345605,-0.0033080166698266165,0.0010441225968059174,0.012134531313475163,-0.004837231685042928,-0.002616429298960445,0.007176949630553519,-0.004582037725421442,-0.02489108635931249,-0.0015915857296435062,0.0013416945620253911,-0.0017544699454888069,-0.0010897349796035083,0.0002413991254203442,-0.0012590497178231394,-0.0007370592659655707,-0.004679642237723417,-0.002147361828181482,0.004465939147029387,0.0005270051539421386,0.00013089214908430097,-0.047504962827066004,0.001115666249749747,0.04561876815901284,-0.0006482432177913112,-0.00011393436495494083,0.01922750955288221,-0.0018384722523983117,0.06587391767513726,0.007249925367103709,0.00011726123546072949,0.010126125305733353,0.0012172001563328966,0.05350858428296088,-0.007579067542267965,-0.015437924387948996,-4.842732955171597e-05,0.0015339920003190812,-4.221411839580493e-05,0.00017005007581400583,-0.028088483207196733,0.06726489321490509,-0.002794201996138279,0.0914767688856264,-0.014924851263586395,0.0009926811164929273,-0.007928651789522592,-0.07189876095962697,0.0017615672818093713,-0.0002825046529612049,-2.7775506104242564e-05,0.00030215281140705936,-0.0010321234688364963,0.0002012854608685593,-0.008331789119219588,0.0016235414754895662,-0.07644099570617124,0.027542074321399157,0.00017871972475617216,0.00035186994946131457,-0.020699764147911682,-0.0007638262920576164,-0.0030425578650407513,0.005669896369457464,0.0009008649543935897,-0.021811061009270265,0.0059867316413877575,-0.001477935879546156,-0.01505270220163594,-0.0022844598386468117,0.027634425409274875,0.00010430710703916712,0.0009432510159711965,-0.16025928589360539,0.00013122159923624108,-0.00010619131457100667,0.033080497022850416,-0.020561304714551882,0.01208825714700206,0.000675580453113161,0.0002581809394343674,-0.0007199365364022889,0.6916867211501228,-0.00013190095014153176,0.00808226857225167,0.013010254480029522,0.0033677305331761363,-0.026229034895029438,4.015363193196706e-05,0.0003219518735270571,-0.012510624552179132,0.043557703854217325,2.004811863080922e-05,0.002549014188304227,0.0005132311134952174,-0.007857444487459054,-0.00022285801130548805,-0.000632459352392839,0.0008872120025424936,-0.0016611562583163405,0.0010291000094529998,-0.0005011675850965444,-0.09817425553590116,-0.011070555106700467,0.009461095100973939,-0.006195611360186086,-0.0012830394075621615,0.002921852619470936,0.0015248654814812037,-0.08432717126957334,0.01506789289677319,0.0007993452646918965,-0.03636764333976294,-0.004265896518287647,0.02611323154802487,0.007991772512618879,0.006303543025151804,0.023907076288708813,-0.0013326938344505376,0.06669340787607084,0.0005465355287311603,0.0035740518991072374,0.0008567775418483297,0.04935255707110554,-1.122238276491088e-05,-0.013238499987449803,-0.014350342306436701,-0.0077389667806847875,-0.0007436930773807391,0.0018819290608553243,-0.006009742731703651,-0.0031177309373113943,-0.007686098727463906,-0.011802840372330078,-0.0022681926105630433,0.0004845072922143894,-0.0035493641541745856,0.0005386013395201574,-0.019597500745748096,-0.0011215640954155871,-0.3318533173834636,0.00014919913162765586,-0.001231902554399067,-0.002481597149852667,-0.02951658397703288,-0.007191824898972377,-0.00014975450995905002,-0.011647591824806142,0.003184850472934762,0.0008400178268611661,0.0011360141875897418,0.0024745916884347,0.026445854101863998,8.909916682007732e-05,0.0028309110859878403,0.000533460641004041,-0.0003527966618621925,0.0023193295238532214,0.009163325067458915,0.00901773931543864,-0.1106752620406041,-0.002317877237594133,-0.0006174189186257638,-0.0003255733315960345,-0.0691389058768149,-0.002775199259176174,-0.01811989492163946,0.00046201121521754866,0.00024029561161503354,-0.013528124564645727,0.0018190227508075208,0.006587867744813259,0.0003186629499741019,0.20112849089758839,0.006337408587429434,0.00033360505951707253,0.003306512525776843,-0.002527073315826578,0.006936329741937974,-0.007989377189758732,-0.0013814134624930367,-0.010587561132277636,-0.006494422876175595,-0.0028423494023123337,-0.10744795439569543,0.00024735992343897194,0.026693601428446824,0.07758593776124707,0.15452415749390824,-0.02034458144379825,0.0013860102412431487,-0.0016352106574647563,-0.0006282869897306313,0.004235393630759709,0.00034965570636229064,-0.0112922925621539,-0.0006581486820385601,-0.019493657662109646,-0.0038596967939898397,-0.12029664475761692,-0.0006303691151947627,0.0513631675919205,0.00023303224211625607,-0.021031435766350758,-0.0068220819279526945,-0.00013864120059511702,0.2978818645121288,0.0021119530165582107,0.11321480711691237,-0.0002911831946053817,-0.00024995264764101147,0.00010869933199207649,-0.00043199150722051283,-0.002581617793003586,0.0034159267725048376,-0.001482791209793945,-0.002645368943460444,-0.009314284702879722,-0.07044721618206043,-0.003960056043687222,0.004940116412373789,-0.0026689730592049845,-0.0019278237470692836,0.00026587458081587037,-0.003810301701106798,0.0014052189347980876,0.0019527643862618201,-0.0049534732088043695,-0.001275220154598444,0.0015013576051706211,-0.0525076379328991,0.0009410250420657504,0.004156459931580068,-0.00022604531629076443,-0.004780206407036501,0.01494746671905679,0.002697312459361124,-0.005822217962467416,-0.0007826905844558326,0.001364284017780043,-0.034674177082421445,0.000231139970138846,0.0002093137184206173,-0.011381554461098292,-0.0017402081180122979,0.14824186661827485,0.05242168454001582,0.009962389567633975,-0.01636906772000371,-0.11716344264080969,-0.012852502323761403,-0.00037604177878841454,2.494432740250685e-05,-0.033964902157788385,-0.004591134082365417,0.007978531645033426,0.00033260039479886,0.00043302628706532245,-0.0007296486595606189,-0.004772428597468827,-0.0015743071243579643
180,0.0015157409807273112,0.00011947458557373322,0.0004728366361641499,0.0014681217353151184,0.0020304576348987233,-0.0001344683194337158,-0.001259188818693355,-0.0006137658633370048,0.00041317096047377953,-5.703647852923523e-05,0.0004194922369817715,-0.0006714302761038071,0.0015990870855305608,0.027795367952561944,-0.000409007077837092,-0.00548050429699482,-0.00017180355801277823,-0.0005113113467778724,-0.0006379035796342768,-0.0015540372076133738,-0.005325294740875383,-0.0008709350068337313,-0.004691940585912458,-0.006710158573925481,-0.008468628287156473,-0.012664830918625754,-0.0010150674918682299,0.00010000999957915022,-0.003969872107696452,0.004210599280555814,-0.009187153359012358,0.002839621314274495,0.000414964578081674,0.0012157828780035092,0.0002449280723043545,0.0007687945582845983,-0.004527347746258148,0.0006484942496838793,0.0004545220270092934,-0.005146515988891713,0.002195232975360644,0.00013664579032914562,-0.0010339848135428428,-0.00014168478327849176,0.002201181057131181,-0.009369866437055499,0.0007859444275958843,0.020366437955351986,-0.0028566692348385232,-0.001478290731012986,0.000931112405527311,-0.001806885839130835,0.001204396065907996,0.0013757138750026053,3.05649981446486e-05,0.0006100840747704176,0.0006073144201574708,-0.00185968138813581,0.0004622079813529901,-0.0006227363846431659,-0.1394669133249409,0.0017712285904495685,-0.014982275923149723,-0.0002460958219213027,0.00014924862421285268,-0.004766478415299106,0.00162848478291439,-0.005514482247139168,-0.0007134580409949793,0.0003020901573659073,-0.0001697612565353863,-0.00029821654923229074,-0.01996678069239352,-0.04152424148659996,0.004327982583651623,1.2618575069285425e-05,-0.0008974359080555056,-2.337152877842155e-06,-0.0005783322943889377,0.0017971676396217615,0.19851194765698627,0.004383892539920049,-0.0025155967335305793,0.0074439685570901,0.0010836420990415051,0.0027086144755816047,0.0063715752122820955,0.004872527615662634,0.0005156206664609282,0.00015656087188443014,-2.5644640252247717e-05,-0.001549754552998707,0.0004094665319550727,0.0035603173468682528,4.213285521293157e-05,-0.199893172092653,0.06827578146113307,-0.0012045483905756232,-0.0002315389457971176,0.013349123656180729,-0.0019340997432691473,0.002532867412535921,-0.001798190655441918,-0.0004703288842841202,0.004886383853967044,-0.0006522863746964971,-0.006552212939196333,-0.006573317306401281,0.0013840666072346278,-0.011657837313104361,0.0003502558638286265,0.0028522167298971578,0.011067122651653185,-7.979180804909883e-05,0.00020329723626106438,-0.028562946440285224,-0.0428365316357579,0.02366628692293274,0.0006770395195397096,3.630566795895083e-05,-7.23942708132157e-05,-0.2866462447408637,-0.00022106074767757846,0.02085250463531868,-0.010984950509557561,0.0026101496512272184,0.03045999849912908,-0.0020275274773440604,-5.130796458939057e-06,0.004618536971694705,-0.014717543199821544,-0.0010391445064523832,0.0069013476248977424,0.004052214831683858,0.0026902175364062965,0.0008712206373646676,-0.00028478969881021426,0.0014552940763620959,0.0009790241996040876,0.00015503343499181682,-0.0010365345116623978,0.0012488896963089564,-0.04585061921004056,0.02722710533348217,0.003722203406286024,0.00048237772206132857,-0.0010731086848581668,-0.0004895813834362627,0.035025464336671024,-0.0035150881462073253,0.000709444601236023,0.003237755248511748,-0.00011498417131223246,-0.002193261641200525,-0.0028326460360650965,-0.0006289391774771363,-0.009947595663630257,-0.006663976237100182,-0.01568734875996663,-0.00023685697488193443,-0.0016712325852200182,-0.0018200328985268693,0.14523854258990115,-0.0017806267313565903,0.005020413872012936,0.010323484229767466,0.00019170955300873579,-0.004352122111484825,0.0009277027569946921,0.003420102333054471,0.0014231702186199794,0.0036211391479352467,0.013491168234196493,-0.00035401060507038885,-0.0006692444604483386,0.002566250708318185,-0.000399358922822352,0.013870538439824212,-0.0002862049848239227,0.13004917866284602,4.4640849080957324e-05,-0.0027325867351776167,-0.03582751013851879,0.03267382653875338,0.0039051673738973785,-7.557001559205375e-05,0.004108488556605091,0.0011998631821999706,0.00023456305876636734,-0.0003450193306378682,-0.001070981904975402,-0.012321910353517974,-7.65758953794422e-05,0.004065164185801515,-5.553100660461209e-05,0.00018842302048791438,-0.0022317248364645595,-0.0017972216245880134,-0.0022049869570011952,0.04052861154669638,-0.0006444864733059219,-8.31783839748447e-05,0.0010979976799631282,0.008576884999477886,0.0025394190079388148,0.007892966477188065,-0.0002580090712965567,0.001495814649825779,-0.009463634198384589,0.012428161128528604,-0.003980529781925263,-0.00011866550795716548,-0.06495122831851645,-0.0026517020006849488,-0.0002273739841744224,0.0023161911434277983,-0.00766638128989951,0.02051433247607313,-0.0007950525943802109,0.0013503421699975194,0.0009799035865260984,0.0013920043999000656,-0.0077833743291569465,-0.006937718045230058,-0.00046626634820413177,0.0315220490813468,-0.0073713877799124645,-0.07241459848866105,-0.039952178977005884,0.0041813729994230045,-0.0039018501530000086,0.0010293552099634076,0.011381612520330672,0.00483536282107592,0.0021391436198124896,-0.005576992379438435,0.01100342620405375,0.0012660328902672482,0.07179556276904649,0.0005086400743122685,-0.026413027244920926,-0.00017925966264851828,0.0283134527033411,0.0035918302500441376,-8.24198218522601e-05,0.8127193248193807,-0.0009305409402228344,-0.04376121840603086,0.10935753462773577,-0.00021623702731756388,3.674024768310531e-05,-0.0012391345408528003,0.004472919897471877,0.008039108132892086,0.0016162828123352372,0.001069580180576893,0.003346375281439576,-0.20850886688882833,-0.0002477013051799216,0.0006839277673808567,-0.0018699133845799239,-0.004052092262090013,0.0006978458412838675,0.0013096380583423092,-0.01773242654833401,0.001505070754309229,-0.012815338923982154,0.0005487806440162753,-0.0008508449344978253,-0.1265782002803184,-0.0006857433013330297,-0.0026810395116299954,0.0012902370351000393,-0.0007351787762187077,9.119373234795674e-05,-0.0012254789572501458,-0.0006351290302150031,-0.0008685830740188176,0.0036786843900138235,0.03235234529605053,0.0001574923023804003,-0.00018846704773715396,0.00595019238832761,-0.004590576404120531,-0.033255455515279926,-0.004462933912329426,-0.001809750636458101,0.006972511320784814,0.004741100956390042,0.005551880251161325,-0.0003047897298195237,-0.00035758084034847237,-0.0007745871906996975,-0.0020087311086933396,-0.0011235260124211378,0.0007983018874614732,0.0008921369862843079,0.0001259259632646595,0.00016146763094794167,0.0019997204523342386
181,-0.00795315843726695,-0.0001978617122642412,0.0005274162064186384,0.0014743014817770461,-0.0025197067001313,0.0048164440768176725,0.21414390350037532,0.0008071304082754444,0.0006180302681115871,0.00040237079271095155,-0.0003249695308912698,-0.009515155534137593,-0.01175185478430995,0.03716118413100862,-0.0006951728444134081,-0.004626922961881417,-0.0008198528088398452,0.0010623435101075676,-0.001413730395031329,-0.00481445849540961,-0.000624884892120911,6.625755544696632e-05,-1.7014035784371218e-05,-0.07453396189063657,0.0716688690206391,-0.015649681452126356,-0.03681356843052839,0.001595442787346725,0.00568804555760849,-0.004120540616941941,0.028097107433852075,0.0045192358226392865,5.9746690117476464e-05,0.003367685438242587,-0.00023573212375554032,-0.0016892213371081889,-0.00042439716533482913,0.006032806495056211,0.00010116521545821752,-0.009432735383144807,-0.0004256355318903492,0.00031203184232915125,0.039424084683020263,-0.004655868442169831,0.00048013676265398764,0.01531585531495982,-0.000248326195338865,0.05845326325482426,0.0010662854730811289,-0.001543694460666016,0.001535194902325827,0.0018636314537056448,-0.003594733842589983,-0.0030769666911071615,0.00030987414358801384,-0.01410456190643143,-0.00201175600574606,0.008846628810799022,0.004859646779167604,-0.00017708450432483286,0.00788165931559252,0.005186611106801386,0.008808280728324031,-0.00042197491127416364,0.0006524154746624629,-0.009701437633483311,0.0014312660017873297,0.046783488388060956,0.0032644368414999837,-0.0003431528745437198,0.019471560332930855,0.0010018080507201849,0.019225782624374514,-0.03284628334252958,-0.025415722212019338,0.0001239496720398109,0.00043012056811474186,0.00018423481632224951,-0.00018879408264972468,-0.013499596028302127,-0.033675933579382845,0.011608496472846667,0.11014371611486133,-0.0025352441975637343,0.001045503722809876,-0.003749199592383361,-0.14530670819521435,-0.0006374598122097352,0.0012632943308437848,-0.00010800616401084734,-0.0012073720340129545,-0.001071417908644983,-0.0001105227847111867,-0.0029768230589957622,0.0034763819186921664,0.04580696202826225,-0.014965611766556053,0.0029497495986938157,-2.783934720591852e-06,0.0037933416596860957,-0.0011199757632603053,0.0013775626588667348,-0.0007879352913153868,-0.0005419507151913378,-0.042072776610564216,0.01228219690704852,-0.0012838299994021025,0.012966149880794092,0.00040482392587092323,-0.021646120921890406,5.566234298803874e-05,0.0002723583112050191,-0.07352156156339476,4.684802219908843e-05,0.00022780501030531322,-0.25507734130276616,-0.0067626576229544814,-0.028505945089903926,-0.0007132137295905311,0.0012043892894932557,4.916684088430534e-05,0.027775371217321185,0.0010981306841356547,-0.0033610643939365253,-0.03469984335295549,-0.00600065128117641,0.08048791711627308,-0.010232715929041781,-2.5920699305320705e-05,-0.0038108550442364202,-0.006275764375067381,0.0018990891984673672,0.0021468519943194523,0.0075478265488175605,-0.0012876894053063881,0.002178826610536904,7.667254306221831e-05,0.0016240602533240034,-0.004708421540882502,2.8038346429722777e-05,0.00033279788678235514,-0.1336406472722558,0.007866690669405433,-0.0069972399309250945,0.013714088172803191,-0.0009992311137721648,-0.0005934231014836336,-0.0020175773948831167,-0.018845192073727184,-0.0030609933016333708,-0.001789550850976672,-0.11113693682120857,-0.00877742440250026,0.01754924873975381,0.008242243739367192,0.004010805964887874,-0.02923988251461753,0.0019627640369596945,-0.014208399184962674,-0.000609385035068472,0.0015272454563783344,-0.001777121445130184,-0.01961855973944652,-0.004679926937114592,-0.0012429192353824805,0.04066321346460517,0.0005059278899078416,-0.0003348861436397437,-0.005345821364151324,-0.0012615490292536852,-0.006653435788948005,0.0023222828694543897,0.008028515838458155,0.0006710755135544083,-0.005083890602054129,0.009592554983771675,0.0022316957299808727,0.006158191889521393,0.0005964595751746272,0.539633862654868,-0.0001148915698381027,-0.0012470603882399984,0.017993210994023415,0.11624566004772399,-0.000917491828500816,-0.0005063775941902774,-0.024252943114873506,-0.0028101865049162296,0.00034507593210065385,-0.0010013601424256448,-0.002880531321963923,-0.05223135832198432,-9.369273676893691e-05,-0.012262072676191798,-0.001906891185942533,0.001301617276604877,-0.002814986355954767,0.002761240661752053,0.0025258513318908568,-0.07143013685439122,0.00295434631846739,-0.0009371165757671601,0.005740504267124337,-0.10739025448626982,0.008333867396329436,-0.0010905795451353188,0.00014233842406296063,-0.00026819611412236917,0.0018689723674946961,-0.01297793605948609,-0.012205901365160778,-4.988529538832963e-05,0.07488149022679084,-0.00013581348468282863,-0.00011384915041271517,-0.0022768050893699557,0.0033110141733571864,-0.012502089589425336,-0.0013913498031162957,-0.00019890929281842125,0.015330322157312493,-0.00024221822720565055,-0.0008340699284104941,-0.3309787070398012,-0.0027498672600072918,-0.010669965546216765,0.04070988142939826,0.13604350635509568,-0.022375479295263855,-0.0012429228106468548,-0.0003939314196046747,0.003735166705816505,-0.00513377154300864,-0.0013401392779218663,-0.016593544095428805,-0.015258300841522587,0.03545015475669147,-0.002188787567993379,-0.046738099300852584,-0.0006442621775960842,0.010698613975334084,-0.0009485087108994936,0.09406088667308503,0.0225452990247175,6.0064978367711797e-05,-0.11548512193315155,0.0014170590293397453,0.01965009265413606,0.4382445616189561,-0.0003590073833001136,-0.00012070812305009504,-0.0016683452142757997,-0.006223729082202697,0.0018517740977642841,0.0011892824839575275,0.0011570763058533138,-0.003049966972325631,0.020273212930032466,-0.024740523179053696,0.013547163740857814,-0.015421558127031908,-0.008494465220255504,8.526979461916454e-05,-0.0030598911760800814,-0.011751990869317904,-0.0016464876332367795,0.0011173326880534891,0.00012312962019854316,-0.00217090001620226,-0.08253769096225581,0.00396196650392331,-0.0007979240584596063,0.0002920948296180095,-0.011850892301469265,0.018009162523807548,-0.00027091744732510564,0.0004429725112194008,-0.0008143222918193577,-0.0005392377639525242,0.10532535657894869,-0.0007062992261638512,5.8371200107106e-05,0.007288860664920737,0.01983434235437424,-0.02601976698044367,0.03846811743121869,0.00840547030594675,0.004152745370686495,-0.2644288169926026,-0.003485813606049286,0.0011229237102084386,5.760855650457225e-05,-0.0027640264116749746,0.00015244869011821725,0.005608396855976525,0.0009074664209458173,0.0021806732704983205,8.176189368517932e-05,-0.005429627580114996,0.0038250587723919214
182,0.0035087521147635125,0.00013206905828989923,-0.000846378703172241,-0.0016692017921212336,-0.004122775054010087,-0.006465243147153944,-0.0855044931495438,0.0006990439191508317,-0.0009914580269723798,-0.00042089078342186226,0.00025933131456646816,-0.017304254126305894,0.00534408014130662,-0.025229734227143003,9.793200475874419e-06,-0.00269926022334158,-0.0005499814816926196,-0.00015442461267102178,0.0006538020782349864,0.0031896196645231772,0.002036069128159023,-0.00056823989494343,0.0006791581069745152,-0.12186683253065562,-0.030845805278225353,0.013640665614859592,0.018007224464407345,0.001160695537126926,-0.002076305407276248,0.0016034204622609911,-0.022195666328877928,-0.0016382888811148286,-0.00029883509949533114,-0.004862409596800971,-0.00018387529627037456,-0.0019262093639444214,-0.0016353302255906893,-0.0042657302052495375,-0.00037001846858098885,0.0019952465427722052,0.0006171505425371661,-0.00023933614988119983,-0.04028465461080871,-0.0007244211208734743,-0.0009836819348275363,-0.004531984786379185,-0.0003486622195204741,0.0062574984260556216,0.0006792540115557926,0.0005426811655769347,-0.000834825726628565,-0.00011274077705147097,-0.00696439669757836,0.0008570057376086904,0.0007120562195011247,0.006121039641963079,0.0013134669781122007,-0.0030099172101344133,-0.003577053542406428,-2.7160064342484497e-05,-0.042257985075392766,-0.002972217047028569,-0.008701060147112012,-0.0008920903087278241,0.0001979257015304707,0.009085974866832517,-0.0012653162640442143,-0.022305017826623866,-0.0004753898007154641,0.00027894217135980906,0.03928138849992215,-0.0003339588176517631,-0.010034688132492203,-0.06495173693176558,0.006134046104008039,-8.54792157924944e-05,-4.871043390512059e-05,0.0005675256138783259,-0.0004117063798118291,0.0019980304711782037,-0.0357520713256451,0.0026678976419839684,-0.04558501816904599,0.0026964014514516818,-0.0002364574927714734,0.0022081073953246085,0.06007653782185285,0.0003226676513424821,0.00010868616474742012,-0.0001881369940960869,0.0011272594307013715,0.00028804577687809897,-0.0003483598818663988,0.0005529631963159289,-0.0019042147437655565,0.02130459690812959,-0.007601882205729766,0.004868146161656699,-0.00012102315394982993,0.002566796565520812,-0.001148138601713743,0.0006362207974540397,0.00088576311096027,-0.0006519528605611336,0.020211401512604837,-0.0030112424233439605,-0.002351398262399277,0.02374419114714684,-0.005917684739826775,0.017789734418245363,0.00011394482093029634,-0.0012234172277165488,0.03077822165044619,0.0003667042335710347,2.592722023502317e-05,0.1373546755557336,0.03224484956773683,-0.0021539494738351704,-0.0009199326361794121,-0.0007749343414005454,-0.0004879389363966883,-0.01064958410015723,0.0011327614952661817,-0.0012871146385627324,0.017331105206816,0.0016863946860036139,-0.06084637396069773,0.004392473162859724,-6.35048353507142e-05,0.0020119472381990803,0.0002728212449683914,0.0029317361179532837,0.007883218675748706,0.015101578108905812,-0.002666073184841632,0.0019419764288998134,-0.0005526877049296542,0.0017746750527002936,0.00351721751475519,-0.0006221346386577203,0.001716626700179004,0.04653786317326355,-0.0023008679255592246,-0.008056157569473157,-0.012461819879011798,-0.0058444341613385735,0.0005901477079029579,0.002016567681637777,0.017421005084050346,0.0004394510840388297,0.00032166943952715893,0.04752357015839778,-0.0008358240139544608,-0.007983461760839906,0.007954873705938005,-0.0018244655330092543,0.022740570553511294,0.00040545941006543077,-0.004385220723138563,0.00047979062187928777,-0.0008912381640176774,0.000562078226485221,-0.015818642651815335,-0.008765997816506665,0.0006208957478411304,-0.026176105860973332,-1.4713257732550111e-05,0.0037405352359847037,-3.22166259766922e-05,0.001898391942111912,0.0027741326352111358,-0.0002417398015921758,-0.006447024153579052,-0.001086477822305018,-0.008177854680691642,-0.006559533919081489,-4.066581880934889e-05,-0.00260604217953379,0.0026616612625218073,-0.31705942643565976,-1.6897316509313642e-05,0.0010754676856025536,0.014231984494247465,-0.09362929938812146,-0.0001473620725461174,-0.0002386153127409696,0.013781147675072072,-0.004335660654565478,-0.0002557762749655426,0.0010970881020990243,-0.006845699262407485,0.03614212277924596,0.00021952531060533825,-0.0018840624444882229,-0.00277372694979124,0.0029550282921460055,0.006708492770294655,-0.0031080310811974206,-0.001778531404520371,0.048816271536161554,-5.442036581576257e-05,0.0006369552202181196,-0.0010087840717704472,0.049066302018304406,0.004136960172371614,0.0014680047314586109,-0.0007812117270743476,0.001102772394544582,0.001263383240864497,-0.05052327179506118,0.0148756850010492,0.0006627601568805642,-0.06513688263317824,-0.00220916388769211,8.729622642386636e-05,-0.0005638781002109914,0.0016349214292874885,-0.00783344335454354,0.007228030067414196,0.0006622643184011861,-0.009183415245487787,0.0023944718595953285,-0.0026193593759369343,0.1447306696373125,0.0012040334729818325,0.005857091924464619,-0.019931230240089404,-0.06003526441048947,-0.029758155978457115,0.0016391977225369923,0.0006412192902603114,0.005092802257016274,-0.0053974798176792925,0.0013830298275286754,0.007164986944307929,0.002247424930656642,-0.02346190229520709,0.0014987841506654072,0.018849291600293548,0.0005740046131831014,0.23689464579553032,0.00042738741723978937,-0.06918127502919408,-0.015972493750822468,-0.00020566948420573314,-0.07873698373283017,-0.00011560784064065606,-0.01374007554951739,0.8001085972228331,0.00031377789787697275,8.580233046409647e-05,0.0014574595096496122,-0.0043827907256169495,0.0059771503498257834,2.180856984100067e-06,0.0005756980521663696,0.00019254878028421643,0.00278362850432669,0.014767634502504498,-0.008127268480360973,0.011666680506378924,0.0022961624694142133,0.0006171201506154295,0.0028101649248584576,0.006913798648793649,0.009502912111675232,-0.0041533555535646,-0.0002018622031280358,0.0010985787781132594,-0.20316939093268277,-0.0018168560014615474,0.0020913526747413152,-0.00017758248921546232,0.004041555498983253,-0.008075259548883605,-0.001469023837416962,-0.0008915759373943712,0.00012518533520878596,-0.0021898063395661303,0.0011768965539518464,0.0030022436706021102,-0.00018676411821984262,-0.006741615119094723,0.03247615425803911,0.0005739122703977994,-0.01811363919357521,-0.0022642259210113496,-0.003728225538222023,0.12312371190893161,0.0016371136867845745,0.0003531237836550986,-2.4177244479993767e-05,-0.08366364251158842,-0.004652906536602341,-0.004174405822230754,-0.0005422536271797529,-0.001091403456140276,0.0011334495600014106,0.003221450630835529,-0.004269539621328603
183,-0.0008784572584556481,5.698051904772308e-06,0.00042052726100990463,0.002256178653626013,0.0004022983898452541,-0.0004183279135093142,0.00830653161712244,0.0008147746528970445,0.0006658223541690187,0.0018793524904870615,2.527854891316763e-05,0.002772848182590957,-0.00037558105476811305,0.015481590954859254,-0.0012739051052856447,0.001736190941876172,-0.0017504776925871407,-0.0005106568097565972,-0.0012218502834952308,-0.0007137343668243831,0.0027899492598089754,-0.0007997446256724286,-0.0004965659251827889,0.07174090383523174,-0.008900352186126084,-0.0053304848492793065,-0.0012841676159260308,0.0006450233783967486,0.008247433927065353,-0.008755744131639452,-0.007979043180144491,-0.003263493690412138,7.848763563940778e-05,-0.0012680054956747933,-0.00013561883577165902,-0.003294369873031653,0.000669014484497809,-0.005646155510874582,0.00021252718380200932,0.0007157571104372846,-0.0010611296212040906,-0.0009058888784256578,0.014852121113444068,-0.0045173324301163225,-0.0008194311423546292,0.007945206337501568,-8.207271707107687e-05,0.04618859530008645,-0.002764834819691654,-0.0005850137351620696,0.0003744914859054515,0.0005998024761955355,-0.0011898624802562324,0.00044663899722528316,0.00043284700009068797,-0.000971885074647047,0.0001052449818113102,0.0005955150023580854,0.0027164440924616847,-0.0001954499073657838,0.08774052717019182,0.00020715668629627088,-0.01983755283686825,0.0006576852795116174,-0.0001035745873493605,0.021623623996070443,-0.0008855466654255742,-0.008408848299696271,0.0014712792038981705,-0.0006966770190724846,0.18737901997813863,-0.00045389477469212733,0.024261410326170674,0.04370596155785221,-0.0031386906250377078,0.00010991221756405638,0.00041606474054603146,0.00020462101104516163,0.0005060134778093835,-0.0013325384833807682,0.019517168823839606,0.014420792843020093,0.0016944315767901562,0.004416393001406768,0.0025981256868320294,-0.005495462301609633,-0.012047533327552018,-0.002152748283962601,-1.0581194891060171e-05,4.412698306224729e-05,-0.0003700205683577376,0.00034446992828703185,-0.00018910631742697932,-0.0003733983610604216,0.0015249831421450903,-0.02365534698623901,-0.02108168612331426,0.0011870349136791974,-0.00033568996675869254,0.014255840873853244,0.00025731418214910984,-0.00038076378223858543,0.0030425215182722427,-0.0011450964462374359,0.004116231904183521,0.010558148625681387,-0.001811404272218058,-0.010659285460787144,-0.001536783527092911,-0.008037528805586277,0.00011742166950828078,0.0007609196752029863,0.011416433984516274,-7.07598615502271e-05,4.4042418920966706e-05,-0.012076321426822896,-0.0005855889364209981,-0.004391475116994808,-0.0020646756156195998,-1.3684487643013886e-05,-0.0026322455043052673,-0.08768448993864983,-0.0011840629599012909,0.003771859566311827,-0.005481748295331058,-0.004363837113327633,0.013765616336155959,-0.0033062597071695145,7.949170302163147e-06,-0.0009573691357285296,-0.004874017896675282,-0.004116473868697573,-0.005173389984262968,-0.0036573470142509702,0.000673557035610124,0.0010794088208911222,-0.0015952416107926554,0.001476164508220473,0.010341141550788637,-0.000822980172817591,-0.00034579798529018983,-0.017427386426925276,-0.01748071897967979,0.0033111732238606563,0.003950203452155787,0.0011977945916327479,-0.0010809373993219558,-0.00016756771119373918,0.010246798269538867,-0.0008370396254745513,-0.0003734210891090529,-0.005220969081283994,-0.010895747056602314,-0.0031660782113608816,0.024044870600919938,-0.0017096213493877192,-0.006543809495859728,-0.0012023911383358898,-0.025720780394119406,-0.0003698167157147,0.0012534150446802846,-0.002074665999006267,0.011414210899752014,0.002125724513200716,0.0003617051179066102,0.004169668455080157,-0.0008383841959393569,-0.0003754995811138355,0.003906687435157418,0.0032827356654761,-0.0006138396934994303,0.00392365086895308,0.008996970754384869,-0.0013258271089253983,0.00022047167425268913,0.0014014569815957525,-0.0022158923946354325,0.0027555980330726086,0.00128539109412995,0.0494952222164271,5.0064265667018604e-05,-0.00010782690099064385,-0.018898253719030467,0.030824414870782364,-0.00407421111698269,0.0002871179517458522,0.0012293448194981768,-0.0039319726480317296,0.00042850642696736115,5.340030309701905e-05,-0.011750705694868614,-0.007051897664092637,-0.00012693237917284217,-0.031368461601589015,0.0007506330302538278,0.00785039164531351,-0.0015298437312969695,-0.003564123392812502,0.0010580289892654945,-0.015548959382079904,0.004903236332352318,0.00037288655735876614,0.006832449758535703,-0.0030174970213782664,0.00286553248669615,-0.003470007251619078,0.0010385278667414222,5.101770565729767e-05,0.011368344459302987,0.01255326476579751,-0.006269220894848938,0.0002816062478332277,-0.07313022031118793,-0.000867823006640896,0.0002759652408041383,-0.0031195616119966546,7.104134964880423e-06,0.010122123457506975,0.0057190107804834375,0.0016823065522667997,0.004372979377845275,0.004634108678439309,0.00034510625736090816,-0.01399964937127272,0.0016650333303934472,0.008578815603230087,-0.01302032100948279,0.2522050986403863,0.005411059829379131,-0.0005079956529798813,0.0007932010289148539,-0.001359986895886069,-0.006461283080416853,-0.0012745511027417197,-7.884938604516022e-05,0.0075767190204134435,0.004013240441189123,0.0017926397286635646,-0.03355681133509522,-0.0013510052842315746,0.7618388375937156,0.00012014248190405865,0.012932334480037997,0.003738916502907948,0.00030667081911396783,0.04175314889075618,0.0015733077736496519,0.0028707191132688182,-0.17759681890230503,-0.00041546413933107136,-2.2845516905704508e-05,-0.0001288554729305792,0.003687093154187331,-0.004166946317737174,0.0006376663092060144,-0.0018926731235749253,-0.0028289140806821537,-0.00782000440100623,-0.004217055986610585,0.0038540580321704413,-0.0017386477288502335,-0.008504866694846255,0.00029901619083968264,0.00573771708019033,0.028224380349002185,-0.002674426909107189,7.949191328282534e-05,-0.0003772037683696366,-0.00018608256704761628,0.1260765578378278,0.0031549008853410535,0.006652189155681165,-0.0002067480026040566,-0.0006167710114842391,-0.0015558402850002013,-0.0022126831483836175,0.005235105774397015,0.0001536367411617461,-0.0008853181672673978,0.06618156113519079,0.006141362459686863,-9.29760093245106e-05,0.0028934630581862845,-0.01540332952643748,-0.05816456894922225,-0.00648145973899917,0.0005504948460546609,-0.004030141955339826,-0.0010293168446502115,-0.0020122220578020072,-0.0013789720410008052,-0.00042774865210949004,-0.4652755161460127,-0.0002804997133406469,0.000553012005643617,-0.0002681272672951378,-0.003727075886907508,0.0005181550555753201,-0.0010398397141563528,0.0067515172203095
184,0.0019431829283620538,2.2537575953572586e-05,0.00011589290290178224,-0.00024096743273591993,0.00014579725254261922,0.010535612710956602,0.1180199641514312,6.480250668078856e-05,0.00042878963083809417,-0.004496015400851094,-9.405400952962502e-05,0.0004965112432176143,0.0017654608490960556,-0.004460532173962465,-0.001044093661813423,-0.0014255392523818645,0.003418701431304948,0.0010073792744465255,-0.0005142068752251785,-0.0019762403681998237,-0.0017699510914456016,-0.00021889184436858604,-0.0006126639425275112,0.02230049110206339,0.007495222726919292,-0.017375280216536722,-0.014610366448380568,0.0030466520345662114,-0.023027240975138627,0.021667680723198163,0.016863110252945457,-0.002620346005466104,0.00014806092929404296,0.0021861034628963545,-3.894306716173548e-05,-0.0002551686180003671,0.00025870239791506155,0.00448535459395323,-2.1057328263935672e-05,0.01228239354970327,-0.003129543797872269,0.0005058337692736011,0.08419021075327597,-0.0037835066037390564,0.003496898933641515,-0.01236160911100981,0.0034479287252153837,0.011414551926933239,-0.0013702715316971036,-0.0010921508073988982,0.0005324168226933344,-0.0016411834010745458,-0.0002003094744359973,-0.003630285570768833,-0.000654754088370563,0.0035405907616221873,0.0001551177915676636,0.0044590664505019684,0.0031826920674649013,0.0003515850046663105,-0.012651935769241198,0.003164752609254781,0.022080484207609868,0.0003386632319547393,-0.00013296526980518912,-0.0006688911818796487,-0.0013558381444661492,0.005371052111797818,-0.006288001965125559,0.0005383139633683507,0.04553979840168105,-0.0007767698115003262,-0.08356919660792303,-0.008813279323617225,0.03664283106553879,-5.679205134915405e-05,-1.8431886109520138e-05,0.0003073111273215667,6.85093760595043e-07,-0.006221965675807671,-0.009322139534944908,0.001849571478197814,0.03176297978217427,0.00017433412370480763,0.0007219426436103425,0.011581810812388859,0.025734531398805632,-0.00043358626139925784,-0.0005249209248026713,-0.0002022997309318736,-0.0005423230712367813,-0.0006050223116889446,5.989191785178531e-05,0.00372952907296695,0.0031302191171441083,-0.003615951439120379,0.004064161947715048,0.0025027278294840007,-0.0003379322367514162,-0.02941617239477416,0.0008328730170104369,1.4740528420922536e-05,-0.0024702261264082635,-0.0012786139904422608,0.0043605578491544015,0.00886265863560216,-0.0014613765674845662,-0.017537824975398335,-0.0026332428233920057,-0.02782476931319293,0.00023706998283546006,0.000930655074314174,-0.1972187175587049,0.00041233760879050285,2.8575934292278393e-06,-0.11102562748438484,0.0624537435937009,-0.010962870396886754,-0.0015887418940542784,0.000903871840463398,0.007220589012040642,0.07731430085556058,-0.0013085964247761396,-4.9225186833492325e-06,0.014852998191365277,-0.00031510040182747105,0.032100991494919205,0.001707317034759602,0.00022082946032708772,0.006001071581175993,-0.005802606205243906,-0.0012943147771856394,0.001399465514635659,0.0023784389368853315,0.0024321802571008696,-0.0013309210188292538,0.0003933756219153539,0.0006991628766579022,0.00901742923849819,-0.00047729561363384337,0.0005185972532389671,-0.000318447438628776,-0.002538594274498292,-0.0011331130320463491,0.007273187699149209,-0.0068549068677095345,0.0014793193569488578,0.00027896659249511917,-0.02910312080296806,-0.00543390001481133,-0.0005227987437591952,0.03542748729587014,-0.0032279379913284483,0.0017161011141796471,0.0047494372080281455,0.001055310197423899,-0.0074607865378316365,5.0041993210518405e-05,0.0038795745336190563,0.00024215652260393267,0.0003987990888700624,-0.002642330473138869,-0.00711688256321509,0.0005447683286617379,0.00032115902826941514,0.028179690238095228,-0.013334640737343171,-0.0032720978175100847,0.00026696060763101853,0.013275829608396182,0.00046951280060446255,-0.002148440535824095,0.01719340390949962,0.003604007721539711,0.0006993639967020591,0.002874213545264728,0.00017958793670478818,-0.00686228374071288,0.0011988409775744685,0.04634744260173636,2.3269875333301743e-05,-0.0012379063039650055,-0.011157359979902684,0.105769345826207,0.010803050243824,-0.0005180764496441014,0.0035578280954490313,0.0018671542794733015,-5.2450269193846794e-05,-0.0008804267924499114,-0.004291532663926591,-0.0331665882731326,-0.000126149862999571,-0.013125400207423761,0.00033537728920599377,0.001302477126082325,0.0027442639017709303,-0.004947408156420903,-0.0069041284011538365,0.014070411111280158,-0.001935003935564952,-0.00024929660313418103,-0.0003953176315273137,0.00024860968619671436,-0.0015410672998155607,0.012859821592399312,-0.0005082982475797301,0.00021775822671238625,-0.007400485792758971,-0.003923661903539537,-0.007134038203420642,-0.00026897664650061843,0.3646018400963482,0.0024873785329000554,-2.5353706604112555e-05,0.0016467360241037231,0.0006796397100785818,0.008253076363126416,0.0020897235616433966,-0.004744869455522444,0.008999373414247912,-0.001210032318006989,0.0002917340068612622,0.050405469832584204,-0.0004414456666183491,0.023735476198158568,0.004797609732428088,-0.805580723499091,0.004142343703687571,0.0014898522154366892,-0.0004939741488003397,-0.0002672359387940837,0.001175603651506799,-0.002293108474151668,-1.3669846619148818e-05,0.027407083688093154,0.019296078283681985,0.0017649136948772676,0.11568780049157606,0.004450929760426827,0.20817682510913388,-0.00011549282054391279,0.09381400121306838,0.007896675626616464,0.0001006050997833987,-0.034282551606919606,0.0009235868590730463,-0.007534148034972948,-0.04945513942724722,0.0002300687273625698,-5.7678498286625746e-06,-0.0005861228407715452,0.0013635106795771685,0.0023107438760133136,-0.0037201497347315727,-0.0017786276075947506,0.0049512547030287485,0.017417068433757534,0.02145730329115108,0.011370844041786744,0.002415573224682413,-0.008179482079201732,-0.00044218197080127903,0.0004220733266415595,0.007624025047076977,0.0038927359893920284,-0.0011076423780440703,-0.002085347299324282,-0.0008280794760887393,-0.03354579027019871,-0.010777427831108083,-0.0041323875123740325,-0.00024523814485796986,0.001743604628020724,0.010503295757501002,0.0017353537455386254,0.0029755911623449444,8.403006949149298e-05,0.0011147458401102655,0.01836858391712136,0.0012449707561315122,0.00019043090742220693,0.0026809133269142527,0.0019435755329459217,-0.042907231882514524,0.006368030315014048,0.005637844657339422,-0.0034231067309454365,0.025874714755802435,0.006101746010633299,0.00023363362853234728,5.970777215707351e-05,-0.13039640258359977,-0.0026096723781627662,0.0009182086639336429,-4.9505013422536555e-05,9.904571847049824e-05,-0.0009625165600302425,0.0021095890665849227,0.019388583149471388
185,-0.000966180535340815,-0.00020888513811114298,-0.00024161009959303148,-0.0009371765910369742,-0.0027442482414063362,-0.005371238144114506,-0.053530213669594186,0.0003927649411166307,0.0013582159068851584,0.0009020038589466674,-0.00014053949555773316,-0.0019769529605721857,-0.0001296574861278199,0.0015781542735832845,-0.0005424383443478306,0.005719129798536298,-0.0005534681416148857,0.00022995408328782205,-0.0008478115865965113,-0.00026815933653635566,-0.0019314839920939802,-0.0004092761097520617,-0.001355925897047363,-0.033858702456905,-0.004072611934661905,-0.0029523462581121204,0.004605034532428376,-0.00032363865714725437,-0.0008278881532600433,0.0031924476139596723,0.00356420262632809,0.0035994151617689497,-1.0971339546414667e-05,0.0010225367866547746,0.00019625194854251855,-0.0008228220913433491,0.0007082349677225994,-0.0007867304632175302,-0.00011218880158979545,-0.003511249282237769,-0.0019384323284026364,0.00042069553106449523,0.06222195198209401,0.0021152650335032755,8.624748003893516e-05,-0.002362696332169032,0.0007209825726578801,0.0005083080268114609,0.0014834724770176983,-0.0019087018652576718,-0.0001362727379099031,-0.0005317560942372712,-0.010075149749397173,-0.00038773325352502294,0.0004373840117587449,-0.001242446948356112,0.00013386196164753015,0.0004768970738865744,-0.002802633370584155,0.0001558740660319441,0.6584988463862629,-0.0006872007161253877,0.011580711713722838,0.0056890707705521655,0.0001344629824158762,-0.012266017929287444,0.0002582140064594986,-0.0031396900812940528,-0.006456703738694272,0.00024195596124358502,-0.025050584051289043,0.000267430311104834,-0.015873181956639337,0.17387127534313349,-0.007858701845469454,0.0001670356805880957,-0.0003423442950063532,2.1977756709512172e-05,4.762986144475102e-05,0.005548876721680435,0.04141692670287914,-0.002732803131211047,-0.020366585741336193,-0.00048771943881956246,0.0009626904839114964,0.002690014379544997,-0.010674877885140946,-0.015590504762948251,0.000371600119986162,-0.0002588427642957426,-0.0003369511466819767,0.0008834081203564898,3.5367866614484725e-05,-0.0004515789069822196,0.0006674218926402417,-0.09452810191531688,-0.08233248240244874,-0.0034288410722415,9.114556030390131e-05,-0.015302873826451258,-3.0320974343365885e-05,9.660904658561828e-05,-0.00041210766772546985,-0.00037759036505866095,-0.0006511918801212348,-0.0002938543751077813,-0.0014821327721410986,-0.0029544661206243896,-0.001396094286490461,-0.008156444184796106,-0.0001712065447438257,2.4840695818575758e-05,0.06751205843620518,0.00014407256072054668,8.15949619895652e-05,0.019561951236617924,-0.0298181684448655,0.041372450605844664,0.0006097634276147777,-0.0004740199125470319,0.002272855018108662,0.12159227274315365,0.0017613473003096933,0.0028025636966066414,0.001241388751770686,-0.0022446209778001474,0.003678631187562422,0.000728967180452083,-2.0040700661189473e-05,0.0015347763988222732,-0.007064143829299972,0.0023528875842750503,-0.024342012703262927,-0.00448125960029773,-0.002982716429572406,-0.0021265682852670545,0.0002627272380801163,0.0012726051227260277,-0.006378877808318592,0.0008109762349306484,0.00015055510288139624,0.022778143223665875,-0.024340938606323276,0.0021846173428626695,0.0019178958683183918,-0.0031236957919385244,0.0001919456267989805,-0.0004179862003142791,0.004607106076889946,-0.002083631243895908,0.00027270877452246714,-0.010571022927107782,0.0008857981000098886,-0.0010731791769796016,0.0023936514768147462,-0.0005968502889486169,-0.013117664966243107,0.00025003753891029924,0.009320713821295783,-0.00012298764861955278,0.002126366058496813,-0.001144538189656742,0.030264204385101134,-0.0009986273722951862,-0.0002547071262297365,0.005982519038355764,0.0029495034688808,-0.0007024277229160957,0.0022728410103908248,0.0015884878069544598,-6.591805302794086e-06,-0.0016175391375848449,0.009012979461249562,-0.0007579063884963848,-0.011922659069760914,0.0005448257783771478,0.00397361627150898,-0.0035055947584439963,0.0012099754709333959,0.004215035357603479,-5.747354498857049e-05,-0.0016371568795291252,-0.01821605645305791,0.02797009233846052,0.0028734177024472077,0.0004313766387367508,0.00027590249285668403,-0.0013232838242189238,0.0002601713106573575,-0.0002163811559929606,-0.0021692279790728524,-0.008668972391584226,-1.908070257688327e-05,0.005291018728804352,-0.00024549531928298816,0.00018368916264348452,0.0046529426419302305,-6.746282776609335e-05,-0.0009992442769348668,0.04101962126037741,0.006629568678168427,-0.00034007421062412155,0.003624361111336679,0.0012949118112571337,0.0017304359066673911,-0.0016995682769278054,-0.0003917728360153781,0.0008982437810542947,0.008615355388521963,0.013877949373211872,-0.00027509924119677924,-2.9492667882920513e-05,-0.085726586832731,0.0006697899865119956,0.00026790896758181054,-0.0026243102634301825,-0.0014481489898567918,-0.01930751704021339,-0.0008070467700578791,-0.001672137672270975,0.00449018055117098,0.0021020339956691523,-0.003506592422398037,-0.029582070046762107,9.734352503219478e-05,0.0027648913568483415,-0.0019866255004492603,-0.12957161958153132,0.10670252091631499,-0.016058258469684228,0.0005133270836654001,-0.0009122155816037405,-0.0486630957764711,0.00042509775931790774,0.00037664307072278816,-0.00398676222663459,0.0008562145901322248,0.00038838241134885607,0.003089646598497765,0.0013056027319089474,-0.0611613951479977,-0.00031305872393514166,-0.002244197832284631,0.002667755981962909,-0.0002182671003233853,0.11535885191323281,-0.0001917261017095102,-0.009057608720301001,0.22345829174766768,0.0002459464550723233,-8.523397654620207e-05,0.0005596589536181153,0.002184064675170087,-0.03379336440000743,1.1685368786301404e-05,0.0008742619649256514,-5.65253407647957e-05,-0.19050517776038428,0.0028568241569199558,0.0006610188924686964,-0.0006583756231002998,-0.002459106488837466,0.000819698910964332,-0.002027190283527836,-0.024335778573897272,0.0036769383414716095,0.01280485226607293,0.0001658898433225097,0.00020617993275293069,0.5724340592059909,-0.0013621251207433275,0.006629792118102253,-1.4901268310746232e-05,0.00264450871122237,-0.005681323883090129,0.00230463378778806,-0.004240784828001953,-2.2121822492126436e-05,0.0029502046359756555,0.013105127260910824,7.936382808898404e-05,-0.00010350291469464739,0.0006234715194602216,-0.03968161646044562,-0.04095216898051953,-0.002691423246122148,0.0006095186720195085,0.011101990640650346,-0.00821788036446024,-2.032662443448652e-05,-0.0010211676397773716,5.003703904492198e-05,0.05183404816740839,0.0017335010570398823,-5.1066054544921695e-05,5.314085535956543e-06,0.0012125296792062543,0.001686608297527899,-0.0005544718219921143,0.0016994709041303656
186,0.004007549439196455,0.0004221925394943399,-0.0003258784528158056,-0.00047051621469505235,-0.00029223023163728063,0.033058542514834054,0.1706059309909536,0.004176668902791326,-0.0020504145828603437,-0.004159407258838288,0.00028608857876027266,-0.0010201748336267184,0.0039078553638750915,-0.03259549624668319,-0.000838878730742146,0.00028149117828133417,0.0030011865052207345,-0.0009341770401065201,0.0009616680122340286,-0.0014353416675314812,-0.0007728418218152719,-5.399564494373149e-05,-0.0007119058070419789,-0.012300659380714033,0.013743986192033495,0.004689814524793496,-0.013553086294440651,0.0019305180127041459,-0.021748959371328112,-0.008867173776423334,-0.0019612429515043946,-0.0020922427194169334,0.00034252710901882047,0.0024660774804991167,0.00013836422488280441,0.002542255598077199,0.00040298459764875894,0.009187812664068519,0.00019981816155153348,0.008607867800598815,0.003496156213394761,-0.00040740565067964645,0.011832566860390992,-0.008904345923639135,0.0004078047150779182,-2.6954378482633295e-05,-0.00029252675157542124,-0.01065471947488696,0.0001001308883981371,-0.0008868852767375808,0.0002989020100509117,-0.0017013477191555881,-0.0021722773463428036,-0.00525696093187246,-9.879760827524384e-05,0.008217967464155033,0.00023528027437258285,0.0035804404420355543,5.083659455346599e-05,0.0003718408150437322,0.12335039320661968,-0.0002542250327827,-0.019722468543321704,0.00032034703152802706,0.0002467913568581573,0.005750154106566645,0.0006849523834510129,0.011228427652840614,0.02446493469382849,-0.0001711980031370089,-0.021547184009694013,0.0004352576256314209,0.0447999088600714,0.05054963260966905,0.04317418282001767,-5.516828402515883e-05,-0.00012040818986481724,9.149535751894547e-05,0.00019390812772818178,-0.016663701950964043,-0.0022552736597938796,0.005859214717116655,0.054122881084886915,-0.0005491493543742694,-0.00047797356842830293,-0.0038692056606681353,0.05950882159210133,-0.0031090976970165477,7.925059307915252e-05,-0.00012118353371457988,0.0020683894101958494,0.0019070147894735272,6.989494924016307e-05,-0.0003696544042553554,0.0037190290406727607,-0.027338883273509095,-0.024466373108409552,-0.0022554621461440723,-0.00027578073832176114,0.03651682186430937,-0.0009864404770931483,-0.000850678449289842,0.0012463250787197594,-0.0008809427454264714,0.009441008214480632,0.00086982922659089,0.0005656866388461701,0.014183362556145562,-0.0019415992875137147,0.011344584034955958,-1.4359145437355114e-05,-0.00010297233980073725,-0.27206788675395543,0.0007208614988845098,-0.00021538049169853718,-0.06798744300363266,0.05209262832271141,0.04092098290085165,0.0016583923252563235,0.0002667263659161566,-0.004120200689416471,-0.4576724470709604,-0.001801039178454345,-0.0010780679071079487,0.012908572249691472,0.0033297666758477645,-0.047567058911484605,0.00025211870593314025,-5.177491615522556e-05,-0.0062323724687292584,-0.0030976114062555016,0.001228244152082657,-0.004981577459091793,-0.0016367819431809512,-0.0015293657696693358,-0.0019266476911003238,-0.0005548239295278291,-0.0025190027777345853,-0.002975785431621288,0.0011493335912136629,0.0009097273510780754,-0.04216228792477268,-0.0025501307714841212,-0.0013978278365429698,-0.005967533226294824,0.0014274103706579137,0.0004004949296143365,-0.000253588806642281,-0.0315298634665445,0.007120189814351539,-0.00034527035361904323,0.0713142259292517,-0.00047954148797817956,0.004264019127324152,-0.0017107831436681733,0.0011326016453698637,0.02236231651764272,0.0014487435510311128,0.007676063874946396,0.00022976468863455425,-0.002324549217839484,0.000601084273221481,-0.0019285982928291512,-0.0006040527521899125,-0.0016731559357183587,-0.006603078510112888,-0.015783089515686088,0.003117498248743302,-0.001780198960755543,-0.004497005437020488,0.0018810664957724403,0.00502259728118316,-0.019423364272681543,0.00034888952478178033,-0.0024105119168570145,-0.0036186508961985994,-0.00028078590228157945,-0.0063231980500085905,0.0022472308232881783,-0.18239184362577623,-2.9704043041433887e-05,-6.392139648528404e-05,-0.01801475172902264,-0.0067306513315411815,-0.0032415948679284205,-0.0007424610350439554,0.0071657779176856635,0.0037276568176933585,-0.0005841922408712594,0.0009072784866276992,-0.0028722030125530196,0.0004331488788409869,-8.291905918532253e-06,-0.0024596162235095516,0.0002629079159613863,-0.0006627268567484419,-0.0014260926563280142,0.005637717279434082,0.005095099465882333,-0.1773363104084883,0.002784246856933956,0.001184836298853048,0.0029014320380282,0.012909592899145495,0.005706920520764398,0.007579698497189851,-7.622255702365889e-05,-0.0004543444288291677,0.017283746713056672,-0.003247178807100167,-0.0027830740672706343,0.0006826468745540701,0.6343458438881463,0.002286227461247893,-0.0005943221450216678,0.004946166350226764,-8.234553694450248e-05,-0.006785764852680116,-0.0013389770318546768,0.0034361197102518552,-0.005730913632667787,-0.0035707834536370473,-0.00046834629132269656,0.1402356298066479,0.0010196877249766911,0.004928898051875281,0.014487139238035157,0.3016032604537357,0.03533085148225659,-0.0031423806049819362,-0.0010777631063770077,1.7879674240888106e-05,-0.009660641960721451,-0.0003814894190514945,0.0023026189312829884,0.005695644220587172,-0.003358974273302612,-0.003732234346419106,-0.05235689996062533,-0.0022679796910942216,-0.061666319158038115,0.001606614765324607,0.014241130565460716,-0.0012066562268414427,-0.00014015409772545097,-0.004900574022219245,0.00048376288858203884,0.06133414065560603,0.06828881487621542,-0.0005464679210273781,7.357680742921258e-05,0.0014581724767070005,-0.008696958236716935,-0.006750622514236941,-0.002334665247193195,-0.006650483633824512,-0.0009172435753504547,-0.03658839474351985,0.006121486861286407,0.005784473382234004,0.005312633440644311,0.00404831683612066,0.0003807358824333071,-0.0005398198178355601,-0.004632274831401285,-0.003996022932221861,0.0019537726106623335,-0.0020277620529060812,0.0003233113394170671,0.12487317805624684,0.0016255186001925997,0.006638713735009649,0.0011917682971344374,-0.00032411987400996736,0.022287482058906058,0.0013341636580750781,-0.0020643391780244286,-4.1761293403789514e-05,0.001688499803491067,-0.033694286201675576,3.7545712285079545e-05,0.00018906896122372965,-0.007470810614613571,-0.009537770245476737,0.03783715452878935,0.009462802101901495,0.0001644742441920615,-0.06018088181710274,0.0813081760524625,-0.0030256486934787247,0.00020719933233901214,-0.0002493388401347586,0.05028594462897332,-0.002182633200675418,-0.00320471814020519,-0.00031586415758070446,-0.0005966272724409159,-0.0001308667957776637,0.0030904473036910225,-0.005665749653251361
187,0.008052654956012975,0.0004382550434921251,0.0004941255917451509,-0.0013081234473225414,0.00015175106702812642,0.02190927350199899,0.2966690664761616,0.0007649647268516066,0.004262525288745503,0.0008382536703369498,-0.00027349493485325643,-0.0010023942915516337,0.009353875542891726,0.04250796535834002,-0.001898817549546232,-0.001883900661727017,0.008014578337932267,-0.0020031428657158526,-0.0005627366087775157,-0.004568458691422993,-0.002293901236127119,-0.00022535859623681181,-0.00048198452187036764,-0.006890163841325056,-0.0027139098117880435,-0.05050129188861543,-0.020655259605907125,0.0022349999012823626,0.027782554432065516,-0.0018299383228533028,0.05062281286064712,0.0005920559736123029,0.00036851194536997867,0.008711574203937728,-0.0004102342878312022,-0.0002488729678409643,-0.00018152494328487444,0.0033907444176885125,-7.370062289833654e-05,0.01806245304496143,0.003668595459449406,-0.001060156012066899,0.3231021870622509,0.010677759726073797,-0.001330965465005815,-0.004866541227462244,-0.0020011798375863636,-0.016989009217069355,0.0006411776135655748,-0.003851404645855914,-0.0007982703572349467,-0.00700702495392872,0.0015361689382025912,-0.0008189670033205854,-0.0006545559211536761,0.005376529366337104,0.001203403253339591,0.00802228332917934,0.007640616064331369,9.261379484599985e-05,-0.042835559636747705,0.005590455896310671,-0.007299740789494351,0.0012692097789423753,0.0003443744431037357,0.006301434462732097,-0.004090749900201505,0.0017593896779784337,0.0031204714075692,-0.0003019334929219644,-0.02411480147779859,-0.00046423699265683784,0.011079700478828718,0.026668318188602408,0.039179741857309776,-9.487976549846233e-05,0.0005352797084573271,6.140537296019447e-05,-0.00021690876788568736,-0.01441889991893536,-0.014598605467498655,0.00394187419990827,0.06794631481931733,0.001151583756888526,-0.00036511800974524844,-0.0013168451168308823,0.10964546958513596,0.0016538078302564783,-0.00059386934247137,-0.00030196210271100053,-0.005313054672375625,-0.0032308072108119474,0.00026638482911623546,-0.0007550972697989841,0.006094379795008172,0.009098984983585403,-0.02459634917762404,-0.002910495778082497,9.474581703311502e-05,-0.0018781879557022397,-4.781819313059987e-05,0.00036856931029668853,-0.00011098149481086547,-0.00012744883713123115,0.02078106348223781,0.010077617600375743,-0.0009965897626198715,-0.0008238332247568498,-0.0011563296605569071,-0.09097377253421542,-9.693942449855511e-05,-0.0005568408737417095,-0.48333833146433774,-0.0002650004405661474,0.0003635567178365412,-0.035061883804481185,-0.10103937654489122,0.00591222371708912,0.0034507113186007677,0.0004955506474658771,-0.0011338693013508063,0.01379057176302384,0.0021676480350551314,-0.0014478501595321003,0.02593191296307912,0.0008580071235610616,0.0726524953604006,0.006264996766411569,8.074636197419327e-05,0.002161100854457613,0.012235869635822879,0.0008800188843910853,0.0004533225071060244,2.0501860792413937e-05,-0.0018733343915674945,0.0010085277294775187,-0.0006028784009341689,0.0007362859523208018,0.0011415461472974663,-0.003542876283543238,-0.0014691301973068019,0.012144829701984378,0.0011910705144650624,-0.002834570252645646,0.0232173471787143,-0.00029191773917920053,0.0037806827320412064,-0.0017887969107672204,0.02251043383633483,0.003388847308183511,0.0013302592477728904,0.09079237614993715,0.0005988717275223071,0.0006101789761169641,-0.007405256114698821,0.0013258022332722059,-0.0514827342625617,0.0018610243137605947,0.007330325323078667,-0.0007627783788513123,0.007110319776911505,-0.0034375541888149656,-0.012833449388694776,-0.00019514533348105427,0.0023610492656852347,0.053199696409974,-0.03994921646403309,-0.009808367600477453,0.0016562472989962232,-0.0015798208773680662,0.0036135100641403045,-0.0017625783124029376,0.06326730907503834,0.0015865214245751897,-0.0005450941557934574,0.004721668214083988,0.002295237575064469,0.001627190303776724,-0.0021627785115389594,-0.0780223603623012,6.545350193298133e-05,-0.007732977280351102,0.016326358137796693,0.29047104773885474,-0.0013793342597743473,0.00040532612338595696,0.014783503812926355,-0.0006136817052030848,0.0003013485341061789,4.4364271626143315e-06,0.00113382163740299,-0.07917820953079832,-0.00011768686054917238,0.0007828730079533519,0.0004213318898969448,-0.0009508822996806845,0.003377708505005306,0.00010194537686367328,-0.0007308543513922464,0.057315487561941894,-0.0012496647824334402,-0.0007510485310786574,9.062246277090704e-05,0.03460024919982635,-0.003010270979476934,-0.0033268910905869193,0.0006074585485484011,-0.00011220574441316803,0.008025842272111063,-0.01000226527765105,-0.025200895827914915,-0.00033363382947622713,-0.4329368162573581,-0.0032110568680712845,0.0009206900329823652,0.0015400192892477639,-0.0022564887559285403,-0.0006889191067027268,0.003094299930271903,0.001979807308528314,0.007712886396708057,-1.7548623245718965e-05,0.0004327737537036984,0.22975498859882237,-0.002801874838597656,0.21554326969627088,0.007943524036972285,0.09522589657017441,0.017362822531230525,0.0004414171331967873,-0.0013913802345562642,4.968117394777739e-05,0.0015733824926482207,-0.0016324192564426358,0.003031127044476744,0.12626255900199115,0.027471854576552813,0.001352315584781787,-0.0071317590636808675,0.0004841069047283944,-0.04784382731393325,0.0007280019547370583,0.20309621628476102,0.020516600172529955,-0.00026601093462092634,-0.03941319052165724,-0.00010427703362479696,-0.012231930845023546,0.027782968855307635,-0.0003261517629717381,0.00019400055607071698,0.000659065231999414,0.0001430844227762987,-0.001318229156769702,-0.0005474479672974743,-0.013902045784473797,-0.0001300534709394903,0.011016067005726486,0.020977250535661175,0.03587781239156842,0.005734455039226954,-0.014847954002553504,-0.0015399175613080539,-0.0014291534401596976,-0.007471247290322961,0.008416641813791734,0.0014146847173466346,0.00018796344993561587,-0.0016341035130406976,0.025364908399078533,0.00042061843793164233,-0.002997191280899325,-0.0041514435844612965,-0.015008427791610277,0.019723004610236055,0.0005700864730103679,-0.002160418859172269,3.6570575292649114e-05,0.0012090969418837943,-0.02297321794343973,0.00014660602451093286,6.527910463853537e-05,0.02083029951603876,-0.003667641428895597,0.0020267398750358073,0.007105685024220717,0.0030156415163374523,0.014646396494736981,0.1396123491623852,0.0003649022606666708,-0.00016653448572144514,-0.00022625287573667385,0.034465544358115725,0.001359541386665714,0.007325239105051608,0.00017083848727510523,-0.002289391290411521,0.002043549695342018,0.0026791680084132467,0.07544558554483881
188,-0.004357142188288188,-4.332215695060371e-05,-0.0005781773343063422,0.0015480223697449669,0.0008983741953675108,0.020671073981801194,-0.28394055403605106,8.632595332474027e-06,0.009102120395874248,-0.0004466424976666758,0.0001825226413969469,-0.0008604879501216793,-0.006600942360066708,-0.0024875233133024918,-0.0025813209970676747,0.0024698228473028394,-0.006684666029051742,-0.0019957198515468347,3.078872967945262e-05,0.0013527538281234291,-0.00540209446592663,-0.0005612845626883738,5.873440771411893e-05,-0.001854557813714578,-0.011616029435446047,-0.040232311469673446,0.022914417347406124,-6.116339565419293e-05,-0.02230447685712429,-0.003984803434939205,0.04820270386937987,0.00012770308740312972,0.0002980068867836534,0.0016557460465754887,-0.00013423752962632082,0.0015563588593971167,0.0001840823782545964,0.0017656659122400786,0.0003362380986012461,-0.019593146378692985,-0.0014438226523298232,0.0013740713631336704,0.5295080064486631,-3.343452501780673e-06,-0.0009249677031867021,0.0007206622529835494,0.00020600821879688744,0.0036749165247823568,0.0006478706574521104,-0.005200968481621119,0.0019302452024392465,-0.00893463198848758,0.0020243897971381334,-0.003478543278215577,-0.0006103036626806859,-0.0051364918051587174,-0.0005692261741821678,0.0029127815934082532,0.013734699363319678,0.00014781981691081025,-0.09080470072311667,0.008618342905980868,0.004345455093078428,-0.0010824847454341637,0.0003205036674031221,-0.003648584531804995,-0.004246281614828291,-0.012272995372147044,-0.00604489293587843,0.00011287457487223207,-0.001829197549056927,0.0015028068020624232,0.011938273080071055,0.021991967779756635,-0.01758909085959049,-3.063499556807403e-05,0.00040878036315119756,0.0009202949108306734,0.0003484956547041562,0.01281594536221885,-0.006831897789895731,0.002194150456605609,-0.05728133195463871,-0.001194399546968916,0.0011561503688287946,-0.002574560117228099,-0.08297166363695302,0.002190768627122027,-0.0011074030307223425,-0.0003587350182119031,-0.0012821584968261933,-0.0053153600535030075,0.00016784312997884104,0.0002380743771157809,0.002690882380600176,0.004125965452388505,-0.01337546180861144,-0.0044553178317476745,-2.948967468982544e-05,0.0006509894847180873,0.0007944795812830762,4.725010644004643e-05,0.002747704496389129,0.0003176217575945328,-0.015378594057115846,0.005025274979806085,-0.0009580283938108692,-0.036149745017681735,-0.0020086771549111364,-0.09740310616915203,-4.9770542298634146e-05,-0.0006064770745066658,0.4058787159962422,0.0004068600387666585,0.00018411802041028158,0.08530880417076915,-0.019811740354458294,0.006793095611083506,0.0004312679570289213,0.000284350769307923,0.0008816852847131603,-0.05940017520055755,0.0007831265702224754,-0.0009682348440718672,-0.03239376168850613,-0.0033530693695319486,0.1553636690424509,-0.004885722121374419,0.00010856249519336503,-0.003908984140734303,0.00019274043552734927,-0.00047776749945203207,0.0023270881661289376,0.0009126463551333373,-0.006636333969850318,-0.0016521139203854703,-0.0011317889576469287,0.0010045781549814971,-0.004857572277002151,-0.0013128560994009985,0.0004220549583872288,-0.027553842514208268,0.003088139395006268,-0.0012702055692317476,0.03619003355060891,-0.0038613552415124944,-0.0027769693576021547,0.00031756808001731206,-0.009341619675125716,-0.0016169965326798528,0.0014283508367056823,-0.05305323975730081,-0.004000022331857285,-0.004106702125750458,0.0014050222313037493,-0.0023321055530314497,-0.08110170501847179,0.0012308430725339182,0.027200659894777823,-0.00037187422028998884,0.00845819538837834,-0.002701105640222463,-0.005330581645184582,-0.00023937270867521385,-0.002385867072357781,0.04696292110486672,0.02886080799233066,-0.00591955135537306,-0.002417965398510297,-0.0010360492657743962,-0.0027396894770467875,0.0017012453413163577,0.043782097699377215,0.002517536528899607,0.000605279497079933,0.012108367318146086,0.001962342686731731,-0.010552855388494202,-0.001597680266837462,-0.23384915639641948,-2.774405639673072e-05,-0.01110361104672073,0.0048623157375645275,0.372455998486033,-0.0016643074780544678,0.0006822921865842126,-0.011245719447646586,-0.004463169522086214,0.00024109051905908674,-0.0016494466879675308,-0.003412360479415892,-0.10767438464107754,-0.0003607816133733546,-0.008227429631599538,0.0006069984786708574,-0.00042650530545727816,-0.001678463140061844,0.006855952044225505,0.0035354820634643748,-0.05130744211898258,-0.003352494892954784,-0.00012938055428730888,4.7275432278255126e-05,-0.020859530976692808,-8.469570416933534e-05,0.006123453209743935,-0.00043586893044879685,0.00039308290221536806,0.014167568157598094,-0.010351503853071077,-0.030632954625558123,-0.0009140774273565244,0.20379331001908052,0.0006116291892013044,0.00048439211527782217,0.0012428117461624516,0.0007169629672625507,-0.0006958610028362814,-0.003320935762606128,-0.001792394618291105,-0.002568726340633334,-0.00039383732925150124,-0.0006421502898758889,-0.14686442388163173,-0.0013917060567644433,0.25004423151204086,-0.015615083614952336,0.04512911646645846,0.021625495675012003,0.0019911981266385577,0.0016831415795741816,-0.00015973913433083958,0.004901963674451172,-0.0038556795368788377,-0.006160325745470883,0.011310548613787538,0.017952209465491198,-0.0007588676464265823,-0.005465723738847264,0.0005555685843930108,-0.006859232113161285,-6.676785206927312e-05,0.1472009116602225,0.03722751845127978,-0.0006770849716831694,-0.01716710450854507,-0.00034988085870865215,0.016231545820298652,0.02370241093419568,7.003562111361733e-05,0.00011724674482051223,-0.0005500522468733018,0.005513886115338648,0.0019302806803311217,-0.0032911913749748885,0.0037514445233061454,0.001159111358315595,0.01574319856164462,-0.024056784504312055,0.03590213548736303,-0.0071782425442934155,-0.019792436964191956,-0.0010954476241209262,-0.004456430146980851,0.00750436840289124,-0.0013055488441206936,-0.0028620434634288273,-0.0007373320062767988,-0.0019969591985120835,-0.02761391229395353,-0.0022007303273695726,-0.0023928092476239943,-0.0051256080637400924,0.010296175027192394,-0.02502756545944806,-0.0005359398983321509,0.0005710230904397776,0.0011159583240467012,0.0017390612959861328,0.021947799694062867,-0.00029903641314471974,0.0002150549731500112,0.023944933112400753,0.0007746877348308819,-0.012159236410876123,-0.006712783170443355,-0.00247751360908281,-0.013890999978906183,-0.09995006594679011,-0.002105803519639086,-0.000838439520681614,-0.0004124522168627229,0.016182227982450035,0.0021361117401822857,0.004831696637309944,0.0001605055004518137,0.0007118139760141874,-0.0021093689836230185,-0.004149508377811223,0.056227943597019825
189,-0.0003029854596504997,0.00040045523143168553,0.000133726005864733,8.072851706186291e-05,-0.005206457954736075,0.004225300025332139,-0.00032092017525857603,-0.0013494015665752445,0.0017483041950909143,0.00019368919663824468,-4.2828919279947484e-05,0.0024656120618138165,-0.001122649801731518,0.0025762178094183453,-0.0003726419867897659,-0.015828210620293423,0.000997112053968658,0.0004384452034440717,-0.00024397186775619768,-0.0001654428262018357,-0.0008037657719310005,-5.2074057367273085e-05,-0.00021954244062692425,0.015688986871723647,-0.0024123563684787246,-0.007409703603508466,0.00030661300361409146,0.0003755803133248325,0.0033382801894841175,-0.00019984260941184346,0.00869775089847351,0.0033771433868300914,0.00018127703768545554,-0.0003202473350976515,-3.977460505053096e-05,-0.0003966833259906042,-0.0009014484302825535,-0.00029826703917304985,-0.0009193535249383999,0.0013210363508230829,0.002834519467592651,0.00046294928195521605,0.04886234315740261,0.001487052612190608,-0.0002043790155347668,0.006299782721451418,-0.001223265682984592,0.0010303749007259068,0.00013038881875989221,0.0022099065617703067,0.0003855725772011196,-0.0021765139159197144,-0.01550990927351793,0.001391732519546657,-0.00017775822516625725,-0.00012745810912015367,-5.137285064036462e-05,0.0001880957411272579,-0.00012641062107286602,-0.00017356736735970983,0.6641413997476311,0.0017607416687548969,0.002861793547754562,0.003194607040558424,-0.00013997448379369018,0.010721651190784958,-0.0014359341499946133,-0.0008998229076516872,0.007013239118252571,-8.867600602622985e-05,0.0017166189440591675,0.00042490350216219997,0.006808286645311857,-0.2913872631436248,0.005962360392138477,0.00015901467888921055,-0.00018405964811637815,0.0001664539901163009,-0.0003619353707809314,0.00252933223682961,0.030998323196727424,0.0038090152089991463,-0.006695807670594753,-0.0022126948828162874,0.008377820774490811,-0.0006072436878940316,-0.008784737909325425,-0.019678140804028885,0.0004454182661978107,-0.00025476124617742854,-0.0009347282205920777,-0.0011534476884145898,-0.00015917093274188214,-0.0011058978435625577,0.0018913557260464761,0.12881192461821148,0.18584456880646452,0.009662094844645119,1.8222113268187394e-05,0.013794937567470328,-0.0014211348178030745,2.8350447770147903e-05,1.3842536631378678e-05,0.000567153173598844,-0.0012877233226218652,0.0055445062048025,-0.0016147290988211378,0.13256313388220703,0.0005514842808438675,-0.017903640884488023,-5.200904733789662e-05,-0.001473845648420271,-0.00565395679482149,-0.00032139367126375,-0.00015223258156617193,0.0035123261478151226,-0.011267991885489364,-0.13806088567143548,0.0016020047052867298,-0.00018543066640805715,-0.0021732853404366707,-0.0268988385340897,-0.00012324272766392296,0.0011862520938201193,-0.0019634220321588037,0.002372884668131338,0.01108920062066478,-0.00026825791007213857,-5.0595412560429896e-05,-0.0009118066425336371,0.00694853897953579,0.002993017098607707,-0.004847442160412436,-0.0022394235059160425,-0.001867337376974621,0.004917980362047786,0.0001051043791228572,-0.0041132639116415555,0.007349887716714665,-0.0003371877361652816,-0.00048509543919989103,0.022293722780761614,0.005151166691975946,0.003251878063936847,0.00482768719279469,0.0006439360615558058,0.0013090251802639835,0.000630350902531663,-0.001615536672310236,0.005391918837078324,0.0006233800126326279,0.004139447933144258,0.0009451683060786956,-0.00047971486962530396,-0.006410062606756495,0.0027766002304406103,-0.007017753619863962,-0.0025165369441832175,-0.02135898853454231,-0.0008447973298519814,0.002249740714858196,0.00035411951940667854,0.019632511940066915,0.0033854461140178527,0.0003587629835191317,0.00778690160053172,-7.742714986222411e-05,-0.0016522913394922786,0.003249709031240486,-0.0011338400275322771,-5.221180718170291e-05,-0.0014938288535943773,-0.004619853724018619,0.0003748550390773864,-0.0002713409224977332,0.0009090106647518158,0.0022183649877887787,0.0028451526979693708,0.00034296981923533337,-0.03098368772821323,-3.0147314049570537e-05,-0.0016737479155882829,0.03452536435264788,0.04160880411571476,-0.0008112757171706197,-0.00018224060051136846,-0.001576520473207828,0.0009319503319181511,1.3307038787809932e-05,-0.0006338001737949731,-0.005198235668696077,-0.011987622547937251,1.6170224866576127e-05,-0.007277582039817483,0.0008436396631203965,-0.0007532415885779216,0.0006346664206429047,0.0008964228467971887,0.0013032088527342312,-0.010638314314721812,0.010498112204853294,0.000167614472804851,-0.0014247335201597728,-0.0014371552078143715,-0.0031800197976163827,0.00022831773206691633,6.620146762580971e-06,0.0003668090676264646,-0.01604110127396643,-0.00025211035773713207,-0.006365609267644556,-0.0002580500966377704,-0.0041769969393182435,-0.000723552823085636,0.0002443576130255528,0.0045930720642662895,0.0004273339915320899,0.017058351251367135,0.0024944278930534055,-0.0006405437381823472,0.0046732096594730285,-0.002525049812806013,-0.0019250085111429923,0.008786562191014587,0.0005367709483954661,0.04701454451979872,-0.0011517907211064788,0.02940728789383857,-0.28200066287237063,-0.01384065607079014,-0.002011635830952496,0.0030219332080133523,-0.019192982604442403,-0.0018277743082571367,-0.00027574195736417543,0.009245204163456531,0.002613458497646357,0.00030478751365550305,0.024346770413341642,5.047722042367985e-05,-0.012998729579857805,-0.0003738733363454368,0.030067031035134174,0.0014687866443059416,-6.962338081119008e-05,0.024207377431703408,0.00034782786700456036,-0.0003131207393618399,-0.13060501190589005,-9.018197988555176e-05,-4.7234803266023306e-05,-0.00039728552732562695,-0.02678156068965463,0.011151138488091262,0.0001427851849257676,-0.0012367853893839732,-0.001069242148029283,-0.011419342075502215,0.007654185277094508,0.006515289490634917,-0.0002869462826773803,-0.0071285412683402775,-0.00046202236990646774,0.004153967032586207,0.01735688730032965,0.0008405971769121825,0.004133627132486524,0.00018463507569994918,3.7400813730709213e-06,-0.5120803938179102,0.000512734896890679,0.003573554752616446,-0.0009628536338617297,-0.002524834502541845,-0.0028741161403288942,0.0017232936410755577,-0.004125948721680582,1.5259224634501915e-05,-0.002252128917836659,-0.01916532831166623,0.0001912231574186639,5.680333615986147e-05,0.0045017541350285475,0.06746013607198603,0.030494761303850145,7.329252851604422e-05,-0.00034351892608213357,-0.0031457854242477263,0.002437220597039034,-0.0012737472274254931,-0.0021256556423861874,0.0002913201379457367,-0.007491772490542999,0.0008275641146594077,-0.0016986428523140383,0.00041181323617119786,-0.0005439085637293417,0.00040564513514483006,-6.259052899832405e-05,0.0070570328387345085
190,-0.0030817582119769256,0.0003917791513691274,-0.00033507387343112774,3.928487713815345e-05,0.0024349307144260045,-0.003245436559678124,0.005448964183175161,-0.009139595290426367,0.0036898815794216416,-0.007770902588408561,0.00013517960450526445,0.0015335490798330086,-0.0007151909880005521,0.005148095460317187,0.0011324823357667692,-0.00019322002113106264,0.0034962284747428,-0.0030628125693002487,0.0001406857647522925,-0.0011604173860245669,-0.0008292193590023738,0.0003991781026293807,-0.000288533410009964,0.0070206073296135655,0.02709735358949694,-0.027203488403806535,0.0019178771861888854,0.00038374876920354607,-0.010671893322388298,-0.0015837988131541126,0.003903249479389515,-0.02131820134824002,-0.002690349600616527,-0.0006737843926160844,0.00017730395155706813,0.00021485022365256342,0.0002013122980065469,0.003908750927636414,-0.0018024500193338944,0.002645538351748832,0.0007884816675388236,-0.00048238205125617677,-0.059039381008771534,-0.0025019797384150727,-0.004412813861862587,0.011524190181849032,-0.0009006539551444586,-0.002197375992845727,-2.688596865007859e-05,-0.0017430123204740637,0.00012832957172467926,-0.010145282443473548,0.0010014553462473115,-0.009418108193654701,0.0008507063737235778,-4.5107914135519844e-07,-4.0817205013148235e-05,-0.0003107234044862048,0.010750908829078655,0.0003208599426839775,-0.012052934701448352,0.0037866837779804833,0.002435852545003297,-0.004766550194728127,9.976615620155369e-05,0.0009707764438395914,-0.0020230507745999725,0.013130513304203546,-0.038650462336439616,-0.0015834882836993844,0.005982293260172021,-0.00033019331851054715,-0.0034024554211989277,0.004782770298095439,0.0007155700864238336,0.0001143255483680751,-0.000340286210169237,-0.0006805648293706024,-0.0008073881555884692,0.0037259986015085963,-0.008833860815998101,0.006279205191249245,-0.010714552677089878,0.00018267347953852386,0.0036459063427583278,-0.0012059058201882582,-0.00955295235769818,-6.757837423733946e-05,-0.0005248215800689889,-0.00010076878254450467,-0.0012755870932615542,-0.006573732637096144,0.0006143318946442208,-0.0027116599629139412,-0.0006470640301575051,-0.05011191808382718,0.008135401602821684,-0.0036497908989609647,0.0005238121290193727,-0.025606560126158275,0.00016301656974304808,2.1378073484006814e-05,0.0035674906114109566,-0.00025096600628121983,-0.0019815219652386563,-0.002786655344479391,-0.0018336348278534579,0.32421080679068137,0.005605625466445963,-0.06851931021965904,8.352440510225065e-05,0.0025396009189831304,-0.015716540537418496,-0.0005532296956591845,-0.00036586830727036983,-0.013514422912964988,0.8793210293919235,0.04214406293601759,0.0012527295520415285,0.003096315199674147,0.0061250570747588065,0.02092746884998748,0.0006245603836765838,2.1046679549361052e-05,0.0013208003483997297,-6.511954486310579e-06,0.08234703139937705,0.008351481125433161,-0.000299795113308827,-0.013833894628461452,-0.011017095962715311,-0.0011478424934674458,-0.0004418233197387249,0.00011591401772661743,0.004520501222789391,-0.0005133139447189585,0.0006009623097656552,-0.005714686954663048,-0.007893942914282201,-0.0004318106780952834,0.0006595725332284511,0.04846763683894377,-0.001206632052167419,-0.0011299505106967744,-0.0002660828230871557,-0.0006748037995891751,0.0025978920810947404,-0.00019947238417183176,0.005629622135817735,-0.0014322953995214512,-0.0012503102140326375,-0.01771762259069534,0.002494899974879571,0.0057461798617586815,0.009080810919181379,0.0013451246367672306,0.011119746556897563,-6.833740882557736e-05,-0.040361721409016046,0.00020511308046559972,-0.0007608801674151139,0.0015567927198470474,-0.00319078095708238,-0.0011737423640591437,0.003847013551666792,0.00212092338926644,0.0002759098271097084,-0.010929168254651185,0.002194725578362169,-0.0009942173529248694,-0.00031924983872966273,-0.002012461571289658,0.03648299492750107,-0.005240583609209556,0.00022763186369368846,0.0029415662547796905,-0.0013084293344102604,-0.015748276485047223,0.0009266038361358288,-0.006791107347566372,-0.00010402804298430984,-0.0014834741519377703,-0.10359600468264263,-0.022704825120821084,-0.003986856031070464,0.0016645258757610277,-0.0013439223880618838,-0.0008914453301199811,-0.001850488832085332,-0.00040827594943833366,0.006734806275217205,0.006550104819491221,0.00011051834911317664,-0.010620832355158571,0.00027451007631848576,0.0018961741369291109,0.0033817323305694114,0.0011100658228192473,-0.00889435335333011,0.004051230222950468,0.005785176377149371,0.0007132323024971188,0.009534478789348872,-0.007962705839288289,-0.00018082777432136153,0.006962523209817816,1.77312821014088e-05,0.0007466589370456892,0.005794793360526812,-0.014128041352936691,-0.007273265701789978,-0.0003547159149323762,-0.08230355377300101,-0.005368862661767577,0.00036303726469882165,-0.013007727339783462,0.0004166083673811337,-0.0112922107411278,0.0009317647721255934,-0.0008835647247788301,0.0008960272678757168,0.0011477037825639194,0.0002507848252723385,-0.029338420765294665,0.0014716479283300291,0.2271249842425572,-0.0010079630717403044,0.029326991333227928,0.05477575435154979,0.0013170467842889993,-0.0008646808140640029,0.001967305499256438,-3.706383885018587e-05,-0.0017246724420041798,-0.0016964006228074695,0.0019489355070539402,0.0053496086142075395,0.0005482203091814887,-0.03783950250516417,-0.0006179709063537284,-0.023357619611666516,-0.0008113798177101753,0.04866230873938926,0.005597909180771712,-0.00043227312644522273,0.02400590460481295,0.0006441039638952445,-0.009350909459207198,-0.01563277262885256,0.00020442675913699443,-0.0001807082427219401,-0.0002711320025653051,-0.05652891667484305,-0.0012544238716791205,0.0006711573055600854,-0.0006242583372733823,-0.003589550848939898,-0.025943327866453873,-0.00840206882279693,-0.005887687392430962,-0.0005169953490513578,-0.013054254239964643,-0.00021291917738472561,0.00045001411528351916,-0.026165225328642152,0.008451164744684277,-0.0009344337494634409,-0.0017032476965581455,0.0009069031277680254,0.017720623549075706,-0.00038674527628361716,0.027522606421772174,-0.004602101801796837,0.0021286952652415673,0.000759171020864069,4.606535488784792e-05,0.0008427928404758098,0.0003209602646236183,0.002419529185446065,-0.016504309734591473,-0.002681034007475734,4.238124197500706e-05,0.0014551557840075916,-0.003842447709161525,-0.004384953268759675,0.013920927248344876,0.0004564826706567088,0.004067255011248772,-0.012498701218580426,0.0027689161439053834,-0.0007243717364620221,-0.0003559210654393661,0.005853212329477622,0.0005789365636251539,-0.0025525552500228325,0.00026382154763921264,4.270076482355508e-05,-0.0001417491134500337,0.00646858916152484,0.03021325841168484
191,-0.0009279564228396605,5.3452229647442395e-05,0.000440637146520951,0.0001946614808214799,-0.0001596133229052909,0.01576954758974882,-0.027879994476737308,0.004179411215612712,0.011789625199439394,-0.00036183506956307104,0.0002403532669568104,-0.000657661754783931,4.511855990448283e-05,0.04550638793091279,-0.00012626355193395855,-0.00043531275609651714,-0.005902926916524191,-0.004625593271854911,-2.173780722736782e-05,-0.00013753408154121554,-0.012084424777248744,4.54609799965958e-05,0.0018598769157321875,-0.00415214916373138,-0.008104638420868155,-0.09169714967971371,0.0035441953456979954,-0.000789885218129731,0.021540610607432467,-0.00027111350081878045,0.02622760570178064,0.004922417857050237,0.00012770661823702147,0.0011774595473022704,0.0003094515702202795,-0.00022455814940847835,0.0002667180487322812,-0.0005250978820797679,0.0011713747216868082,-0.0019222600383365055,0.0050891001595239765,-0.0009491861955473863,-0.49170135526572556,0.00060645670463571,-0.0007501588662929973,-0.0037129634746691786,0.0006990942914106928,-0.00812838623952764,0.0010827771204359564,-0.0014949141553592337,0.0007395859340282862,-0.012008598337905182,-0.0017091499854935965,0.00016492539339583306,0.0009354600425147469,0.004696423297843248,-0.00011259143072601518,-0.0025518020468860993,0.027021189076230853,-0.0005423954889105589,0.021905841966320304,0.016806636771643513,-0.014441885367289806,0.0037390327707229284,-5.132416710517708e-05,-0.008087730851422052,-0.0125249962024593,-0.003853824906483274,0.0002225369683293364,0.0009211663198732366,5.08464910175554e-05,0.0003194874717379298,0.012247916765564307,-0.009721805990552897,0.01762935455338687,0.00031251325639468364,0.001194821866714418,-0.00018283653610135647,-7.242901465982429e-05,-0.012564609216923909,-0.009396797299262374,-0.004824812224167485,0.013050313095515702,-0.008274703839323858,-0.0010639082634425453,0.0003042875861861069,-0.019169858575518475,-0.00010651699152072324,-0.0010133383671897557,0.00022393070758991614,-0.0035690327803189377,-0.013577156060163173,0.0001884074783238543,-0.0007799583583406834,-0.0015318931489951373,0.030609565396569637,-0.009137018064161112,0.000350598421893558,-0.0001427635045817702,0.01846356612722925,0.0006592603073567707,0.0005246577401315615,0.0009833296786454226,-0.00024007161677105059,-0.004393339151996622,-0.006951187768395134,0.0007121787391183862,-0.17321487364220037,-0.0010679648670715752,-0.1686795780476482,-0.0003537684403291993,-0.0018129633613049674,0.04666184874765044,4.018519555742603e-05,0.0001886369379032679,-0.03301392673701314,-0.18379717402902504,-0.03438775492404253,-0.000889055046801354,0.008523010422783644,-0.0021635562661053314,-0.02050706385158165,-0.001641292440216172,-0.0017548630782192034,-0.007754287390268736,6.358350852812112e-05,0.32585897977492134,-0.004497283749005477,-4.735234552924114e-05,0.0002894324522248881,-0.0012610540597884298,0.00237434815341014,-0.001116896520709862,-0.0003595880471921407,-0.002164086924766775,-0.000920457831382861,0.0011442554240003143,0.005088480884702283,0.00024233906093634066,-0.0029920868042492468,0.00044078394238446575,-0.0452619044006373,-0.004279491120714356,-0.002380600154468223,-0.007514702954711803,0.005822117356635019,1.1716066263019114e-05,0.00040279608381321946,0.0028847577694114035,7.184178178226046e-05,0.0003568491536509893,-0.009191351129033893,0.002479561401544644,-0.0020827654614307776,-0.0023879030761616337,-0.00017057288787361444,0.09006482804396125,0.001044948708365185,0.024879185413934107,0.0001831869636874945,-0.005774987189663645,0.0021190123332658446,-0.012529469210929668,0.0004970278240539177,-0.002138179249855909,0.0019808604629459013,0.00357169301364854,-0.009921578174725703,-0.002316665354955737,0.000750836848954086,-0.0008962202377320592,0.0026624902140288693,0.11019514509479619,0.0019991755432643963,-0.0010068688590727463,0.013732447590053652,-0.0005093935620488595,0.005903219608699882,-0.00017490391925519878,-0.0737645761288558,-1.0065540643252463e-05,-0.00019647614164978273,0.021765608213134717,-0.1881466111306745,0.002000673743212866,0.0004277968463943533,-0.003405801162559306,-0.0012354890471958473,0.00016798890259695637,2.8828932691435507e-05,-0.0021570901953287154,0.05867008885270215,0.0001438440817506416,0.007925101914662992,-0.0004893689547104674,0.00021189332262799778,-0.0026465195522244276,-0.00026833341813130583,0.0023885006665243964,-0.00912200905335593,-0.0038077030301383015,-0.0002994908354983783,-0.0059522295756486154,-0.004574841196862427,-0.0032088680474505055,0.0012884568109959062,-3.0460298476861448e-05,-0.0005148137443731224,-0.0019876409392440603,0.006431654212900057,-0.015866588139421416,-0.00018130249107688873,0.038671216799383575,-0.0006117415158738418,0.000592691837425649,0.009474603557727414,-0.0034736844781262494,0.00546812037389319,-0.0034656671414693245,-0.0040689761082200685,0.0038355026720114952,-0.0015630537815526507,-0.00019241733017932774,-0.029930819537529796,-0.0008254245445582761,0.6112108394098024,-0.002477295277549937,-0.015652629168340537,-0.02844303093933649,-0.001050769560805358,0.0016563822827786801,-0.0007009381961036757,-0.0015352418521206036,-0.0024323331494038843,-0.00728366531555035,0.07551590166069552,0.023197865291734256,0.001005525650252448,0.022986354012598485,0.0009477437508071842,-0.0019187176845200252,0.0007878071104946686,0.2599910713297618,0.014774887176194197,0.0002590282110494571,-0.027533630851916593,0.0002540118417786735,0.0016809935995553452,0.008178957398810433,0.000669855647082461,4.42920299906034e-05,-0.0048005009973403085,0.026533743364765366,-0.002370982469040111,0.0015765424409034277,-0.00684436043759246,0.0004625496568954309,0.009814571392868641,0.0034467188592774414,-0.02458979223150122,-0.0007535904653137382,-0.022391244142186108,-0.0003856725822169787,-0.0008687392234309373,0.00989420714818542,-0.004371899130751224,0.0022343345088379103,0.0008548223162276221,0.0034515295694367894,0.04369348130913725,-0.0030501492775807863,-0.005164188828784017,-0.011155398847534645,0.0007691210350942793,0.009722056874805748,-0.0015344227439552274,0.0007647543785488135,-0.0002954834652678833,-0.003965077955117756,0.01110175688483274,0.0009126765286311242,-0.00020681442626508707,0.01701893319222189,-0.0020174474449197993,-0.0035937336714844067,-0.005448243720444674,0.0015526019956504315,-0.014860131541208276,-0.02389590754517513,-0.0010322364772406833,5.36314320841811e-05,0.0004220629678854705,0.0026089268756874263,-0.0018470460332662428,-0.005703010856257772,0.00048487527452278564,0.0010019723036774428,-0.001216083360211348,-0.0008538682877873534,0.09449341114399003
192,-0.002120259107308005,0.000236232748452192,-0.00018986372599793817,0.0008264825478454408,-0.0006268979214792535,-0.00031128256803521985,-0.01502379485603088,0.002920566633597647,0.0038772070459958986,0.002179198539874097,0.0002652546829473787,-4.599711211172863e-05,-0.0003429413871527554,0.00046070477152409216,-0.0012701103818622914,0.008783564782311667,-0.003024401888763647,-0.0006824004568826265,-0.001664264407402337,-0.000820175955139061,-0.0026690649142841966,2.077274004072191e-05,0.0007255065635552874,-0.004294810313057351,-0.009124865056248307,-0.007996446336230957,0.0004570764325258714,-0.0007417342823242455,0.00961961294762092,0.0009429803395272999,0.003951513006193525,0.004159976527136111,0.0012536106681976886,-0.0021784352789079886,-3.880740514252253e-05,-0.002232059290912026,-7.826928457202887e-05,-0.017854235613838688,-0.00581002133982063,-0.0010528255742118092,-0.0003766005680885667,0.0024654020283856578,-0.03569647218084069,5.60623758874069e-05,-0.0020303794207749684,-0.002150035685996174,0.001863572373373253,0.017251112060543933,-0.0002572258283112971,0.0030403687819546502,-0.00011339130359423754,-0.0006620695689411974,0.0031388750371200824,0.0026212071874309665,-0.00027646901134269143,-0.0001222764282776687,0.00020220214416721925,0.0003292107111024695,0.00570883587867606,0.00046461773724025936,-0.10843389492075801,0.0018661798959437104,-0.008657287859469611,-0.016745394496866708,7.663408409299289e-05,0.024720936050931827,-0.0009806809151668495,-0.00316601712202887,0.03398338590483426,0.0007316820515349807,0.014751309672220846,0.00014459114521845283,0.007916391428544407,0.01710411358774472,0.004081005889980025,-0.0002578646649454494,0.00035210319935500677,-0.0004745855605001836,-0.0009986538454273969,-0.006057365858226946,0.0023457834211171695,0.010247233884976649,0.011486513756962032,0.0010253777583435577,-0.0007809131309424159,0.0002721037203154413,-0.0030185281513102624,0.0036734182188917384,0.0002839715713307431,-7.447134443450305e-05,2.686891875099774e-05,-0.0006727076215577484,0.000270000240563382,0.0004209805220879682,0.0004738714772841934,0.008043196256760993,-0.0231614947888618,0.004580129821045022,-0.00045852816611592455,0.029707188201782326,0.0005545196334630035,0.0004815833424450778,0.0024230337067310498,-9.729197672695908e-05,0.001726718215298276,-0.002989563138783991,0.00071259041072924,0.8949659379359631,-0.0016796604211586556,-0.008062925752877982,0.0003902865609054746,0.00011934006588022964,0.034017048287098436,-0.0012796856338760745,-0.0013579080651948995,0.0012150090019595779,-0.3449195919889962,-0.05471235753339293,-0.0011093588889940723,0.0013416466118074304,-0.004909570170828957,0.0064169507386566725,-0.0005978514177966748,-2.655467567562884e-05,-0.006049234919298239,-0.003010392164506632,0.033362114989782435,-0.004821463834754432,0.00024135900809801446,0.005135696518224811,-0.004572185716989301,0.0006360326221969721,0.0002086038228754862,-0.00020968939701765258,0.0019274868987362004,-0.0003382247011481953,0.00019585140994787245,0.0003966613869857698,0.0072449873279346756,-0.0012384552669873505,-0.0007926524415077804,-0.04686380156774369,-0.0028462306917156855,0.0006348909963766237,-0.0014519502362462335,0.0022563573334629093,0.006753343859298846,-0.001243188181457667,-0.000986965805476405,0.00263762884126274,0.0004189286450754965,0.0011749784736345623,-0.0017640581211232171,-0.001413715481214888,0.005259736032397346,0.0006878965398370724,0.00838513503350928,0.0004380483116784318,-0.016647853816492118,-1.3943227036801914e-05,-0.0008631346723963075,0.0011713253061364144,-0.0025603277930972344,-0.0013779340014593226,-0.0010774048147221447,0.001412276022764984,0.0011439928682436102,0.0006145019228705052,-0.0013539033134352162,0.0008937709876778257,-0.00011404349208394724,-0.0016856419033321052,-0.011762723347351636,0.0024738070772324,0.0001236241473323665,0.001953880118247567,-0.003643361312052021,-0.008693239739035439,-0.0009265699298043964,-0.008665982823074134,6.037349169440379e-05,-0.0012653025031677707,0.0461426272876189,-0.02766631220272201,-0.0008261597139799584,-0.0005232182183036998,-0.0003774299939683498,0.002155995149374869,0.000588165315467563,-0.0007982822895667163,0.0021983527601344465,0.006534518558770033,0.00014161326718564396,-0.02364506872801596,-0.0002852880748629419,-0.0006441496857228636,-0.0007599509683703211,0.004017064708480428,0.0041521940407283475,-0.0006715013214539229,0.017983230443722277,-0.0006095974451709747,0.030234373014349968,-0.0049894829469450085,0.003930454538663055,-0.0016737560731127086,-0.00048779693309882675,0.0004068604066528492,-0.02540329031860948,0.008753412483709347,0.0008302203433236813,-0.0005831415215740467,0.04300957447103793,0.0017919955313269315,0.00020375310387926986,0.006926346517330234,0.00037468699627783567,0.00914732322000108,0.010347081821167423,0.0021390697863723925,-0.0007532325270802778,-0.0035818659775733847,2.5536332159238964e-06,0.004740425532653508,0.003896277145236127,0.06520259522937559,0.004037160736865928,-0.03817508633309318,-0.026137136604865992,0.0017963299318968673,-0.0033407361447260393,-0.001654806094487898,0.0013473332441875146,0.0010770131084210498,-0.0016942240961252254,0.011733058337649493,0.00170737399475519,0.0022882364388674675,0.01390544122246648,0.00043381414709242074,-0.008209324586488199,-0.0022363008791279355,0.012669901097689975,0.0014905322745566512,0.00042872042584040076,3.817191471767903e-05,0.001956731984321137,0.0030744046415050654,0.004484425501968474,0.0006864788768842124,-0.00034319532237692477,-0.000990539571849124,-0.13019567940328694,-0.0031352279709630747,0.0007160406758084791,0.0008053216841541429,0.0025686964143680504,0.01464487077131212,0.014393264414514495,-0.0064694894378311526,-0.001562004306236061,0.0013231007390976045,-0.0002284765097315215,-0.0007183545606844727,0.010656974208176411,-0.0022550970260902343,0.0021862972341522846,0.0005590290295649433,0.00043740944660930784,0.12360400873747916,0.0014868026986684278,-0.011808209081589192,-0.0021250025584638034,-0.00028724003906712976,-0.0004572511296409938,-0.002163557274143347,-0.006940880138200786,0.000231079894073963,6.10901214693466e-05,-0.04936775353027499,0.0017366325475468877,-0.00019417683154299213,0.003841232615169896,-0.012256625852637943,-0.0022463125889720663,-0.004399434623252818,-0.00017125215101832672,-0.009331957879925011,-0.012535637129847881,-0.0006881930607513667,-0.00022177058232011448,0.00031980186732594455,-0.0431115621584345,0.0019252955455382843,-0.0004247851488624388,-0.00017468995686950595,0.0007797904189021994,-0.00024273496975533548,-0.002934899537271122,0.0004904210899535781
193,-0.0013974180627227373,-8.253755858505726e-05,-0.00024854854692305407,0.0006953690715634656,0.0002735480968709867,0.0068022368577763,0.005232234701117541,-0.003927106639228996,0.0009116027958965449,-0.0018772038732549831,0.0001525652382525786,7.889125045553586e-05,0.002227605028183062,0.005661581613854941,1.2211695350058168e-05,0.025176874328016945,6.0919624948898896e-05,0.0007816323169569559,-0.002392423662664945,0.0008482047340829984,-0.0019128841147907057,-5.841587615426809e-05,0.0005581666419784159,0.002048959107915818,-0.0020179402842524768,-0.0030907307018777502,0.00031515723792974713,0.009127928561453502,-0.0005600806844868458,-0.0023210856354399668,-0.0035717699292540893,-0.002511128368648932,0.00029083311113763805,0.01600016802029511,0.00021297909446941782,-0.0008832471792000645,0.0002535867668928401,0.005139613742075064,-0.0003362159002229622,0.006791422410923358,-0.005454813467135814,-0.00036189734445982164,-0.024201962059429302,-0.001750437050369598,-0.0006480225229259298,-0.008938044051367212,0.0017709674145123405,0.016894740358086136,-0.0017123750862679116,-0.0032457449873227484,-0.00037022338941428276,0.000509991516783069,-0.0007064912911526526,-0.007665649297211403,-0.0003249863437166283,0.001416304599107758,0.00037669341321686783,8.58173278289462e-06,0.00535531108533608,0.00024801860906965487,0.025302810183569325,-0.0006831585524617773,-0.006767215182896621,-0.0008610425681012281,8.020594997786468e-05,-0.036874990178666196,0.00047531285507800876,-0.004348923269713084,-0.011150791601555856,-0.00013364728470788702,-0.036263102337349674,-0.0005836070643446723,0.007494568290145499,-0.011723868070022764,-0.0016798567889682416,0.00015812012550079496,0.00014328832099352656,-0.0003471619945066423,1.535157391006469e-05,-0.003644385614578977,0.0006030357712090754,-0.012568402933904226,0.0020509438959654745,0.0006387736148428765,-0.003426201674111572,-0.0003801637275452304,0.009680498263867333,-0.0005167127278460544,0.00040435084689675,0.00022517940046255352,-0.00046923247094424463,-0.0011550128768406053,7.262086842116638e-05,-0.0015392624388047504,-0.0007338714793185387,-0.017440045931969725,-0.0016286786464429887,-0.028596751985952996,-0.0004217716524512324,0.004601353456519743,0.001120439774387689,-0.00208806232648161,0.011429123414957117,0.00011739193237236367,0.002595844485165009,0.007926182246585102,0.0001454105566474418,0.05071706660519243,-0.005391344136098561,0.00908232515905915,0.0004484766318300715,0.000939353369579818,-0.004490206670825159,0.0002424164671627699,-0.00015729262916289828,-0.0063390068390627545,0.0196003125558698,0.06557018614817259,-0.005441820930746718,0.0024899230380572425,0.0012351134298233374,-0.00212510221097449,0.00016884704327254784,-0.00015842223276380494,-0.0086229429477614,0.002358137453719998,0.015089180456019183,0.004365777019129414,9.936552905071179e-05,-0.0019504385345298783,-0.04720679761098316,-4.818597858110588e-05,0.0005425858154059507,0.0006380548275402406,-0.07743403904534518,-5.267566636755409e-05,6.474566297847654e-05,0.010643309226481611,-0.00023029763635896316,-0.0031721041016719506,-8.553324751765302e-05,-0.023348978573044625,-0.007546459170055334,-7.950084450106986e-05,-0.0001985092802595419,0.00868760659124064,0.000350559841540853,-0.00520884049576301,0.020160399123015777,0.004670583506000519,0.0007191322572051705,-0.006751899514068117,-0.001826839754435828,-0.0015380362976574896,-0.0024508120970880383,-0.0005283443529979454,0.004396129510308053,-0.00019143646411737898,0.9079577794211441,0.00039431349497949563,0.0015457192205185922,-0.00015292737440000622,0.0041466762341029,0.0005754208778202133,0.0009681857212249036,0.0038685714153337348,-0.000848413598394195,-0.00035566280510594076,-0.01535767353467098,-0.0012927030688429054,-0.0008992085456624056,0.009365768114900374,0.009985018204010284,-0.0013385885808987956,0.00029766685767793825,0.0008906816027032608,0.007521572924245682,-0.022285736240256298,-0.0047322802850017715,-0.0021040065506517133,4.652465482856468e-05,-0.0005565712714515001,-0.0239276625515478,-0.010914516631997554,-0.0032824407192663385,-0.0007208660668331286,0.0011836739885159172,-0.00735115370864911,-5.7256266306835845e-06,0.0007688746236478086,0.006148410538693919,0.0006971211275473232,-9.5682538840246e-05,0.006172031359276137,0.00019647709130543112,0.0009127916920786093,0.0022399577036784136,0.006577126469113316,-0.001541994580239828,-0.0011933214753143823,0.002015664150877116,0.001330639422945903,0.008041544758512336,0.004489523213822623,0.015026533812881156,-0.0024131169883572483,-0.000264891482675268,-0.00022019980303618488,0.047454105154064265,0.0039876634392755845,-0.0003994930924974812,0.00016936937749805598,-0.009638668423608703,0.0014345507176785968,0.00017321547253280564,0.00023141650782343263,0.0005281934672968249,-0.006136530947702334,0.001858934407832827,5.66788208372918e-05,0.0004277403935905827,0.0006914216233887296,0.0005440489185368871,0.006868491990278714,0.0009992385984784423,-0.04612645591450226,-0.006406876550633405,0.023908812446031324,0.06330401208582173,-0.0009645101227867341,0.0008089125132576248,0.0008157795705138928,0.002793243430216284,-0.007988698459659412,0.0005576721705732816,0.014477732531978123,-0.00015741581246530174,-0.0006184104644163949,0.01596328118451559,0.00040755852421843594,0.0012371912588280802,-0.0006270295873101779,0.001841872236466959,0.001456333171739337,-0.00016714765298104974,-0.011387470073028526,0.00035922502100475996,0.003698822050284974,-0.013368218097617473,-0.000142315333948482,-2.1000954138007503e-05,-0.00014216694560178277,-0.0016213334838925631,0.0023341337244027396,0.00023468114329592898,0.00041569606447270713,0.0030907378000883485,-0.008417250623286627,-0.007881571937580482,0.009555590908060073,0.0006589474906913955,0.003279789256972917,-2.2296325309813312e-05,-0.032164241725360365,-0.017060737656280158,-0.0006682521473463132,-0.0024855275298289545,0.00019691016860865092,8.287096382090836e-05,-0.07479436364640306,0.00016685266803482358,0.0001850436669292578,-0.0007597041041710391,-0.008915364123343029,0.00699941484869498,3.5336086863408354e-05,0.008908666041579437,-0.0005935702968786265,0.0008930799534005511,0.03803274296190677,0.0005217049626545358,-0.0002509018175736611,-9.998444835061085e-05,0.005029156916531569,-0.3582783825370701,-0.002836822017246567,0.004589373933254394,-0.0002402474244213986,0.010091757045833424,-0.001479554892392338,3.804419312880211e-05,-0.0005363659367248047,-0.009148028739598493,-0.011139707018743021,0.008387985237569723,-0.00017704508147563464,-0.003679438223693858,0.0009030580056535761,-0.0009792616574390836,0.024645711596296548
194,0.0019909459482075004,-0.0003621472732569346,-3.853714004388876e-05,-0.0006203262054671112,2.665124446900053e-06,0.021293185517057247,-0.03983207798993093,0.004953736330440462,0.015200281666557368,-3.780194900707655e-05,0.00010892024265199592,0.00023517977544616417,0.0042863225775743455,0.1157199676750257,-0.00024277152598262738,0.0034977147922754773,-0.006034016931832251,0.004400730698655705,-0.0009047737627488573,0.0014712608397459796,-0.008025541066071982,0.00019975692488361126,0.00013447805746235122,-0.004812875591319373,-0.0015392224625988687,-0.022877946600891874,0.020998223350747674,0.00043454965461845515,0.017130674845699072,-0.0016389753829243354,0.02588620749548793,-0.0021471894819545152,-8.308844123936301e-05,-3.478558049533264e-05,0.00043620664726609464,0.0010655027043944797,0.00044827883411979047,0.001355210140031137,-0.00028320032113510456,-0.005880653035340613,0.00831862360072098,-0.0005396687949006974,-0.19377415603352177,0.0017439360788083034,0.0002679517766296727,-0.0011145011261950747,-0.00015436766664152744,-0.0070634949736708835,-0.001245341441475448,-0.005118236310205296,-0.0007634010868015767,0.011549172907611979,-0.0012669885322300332,-0.003002158733679882,0.0008893101814807045,0.0018862487318518032,0.0008964879570977722,-0.0005399068117920901,0.04796858927828314,-0.00021610506584951276,0.02277421709057413,0.009553993719018238,-0.020214005994438074,0.0009519116579669161,4.068615160258103e-05,0.003508822861808757,-0.0007673800198954432,-0.00449849179293476,-0.025610132904151036,0.0001562192828707537,0.005515510785852597,0.000157675857834951,-0.003372133245648453,0.011823009611972048,0.0374482927642059,5.978882026772686e-05,0.0004110559639684229,-0.00015100731303792635,-0.0002686200056028626,-0.02418133501264944,0.01467027568380798,0.0030053922910437533,0.030142971314277775,-0.006732049306863466,0.0015002866289840983,-0.0017700139740676642,0.01236221392244044,-0.0005773833336927391,-8.168471472176923e-05,9.01163421730411e-05,-0.0031067264201763336,0.004896294753989242,0.0003691674247843571,0.0006722401246834851,0.004266175009281129,-0.022609298852381818,0.0032393569388455396,-0.0007274939056299175,0.00033596786823224603,-0.007045899630655598,6.982241552638997e-05,-0.0013524575018789183,0.0010785544817515653,-0.0003783536707376888,0.007969767747490157,0.0035775480382434135,-0.0019650908357459807,0.03785538900018631,-0.0010117937840008352,0.03207750912482799,-0.00041285473995639893,-0.0012873485779417322,0.06736037174766496,-0.0004175557723393661,-1.9656465903375615e-05,-0.009969640342830344,0.05508873816063681,0.06407885517926458,-0.0005524827283612073,0.009596393617176954,0.001497898452699262,-0.00011293775906433571,-0.000322339383224627,0.0013029660066316696,-0.013472472830953748,-0.0014931783160730822,0.42431073903505667,-0.004366228749343331,0.00011013542721587458,-0.0010969726856645016,-0.006918491621051491,-0.0012631508751349961,-0.0016953658236154093,0.0005317769477794089,0.002538034588506797,-0.0006336716480127507,-3.4380483528760955e-05,-0.002328205534610348,-0.000854064018659516,-0.00029920115274214534,-0.0005499490415247646,-0.16238756850198488,0.001545941955430994,0.0015217734867498907,0.022989849685833896,0.0028695054907025624,0.0033639518038369085,0.00042623052333800427,0.004218771506363777,0.001571235276339274,-0.0010748760364310851,0.03324043397712431,-0.0023116779994311358,-0.0007016034717004292,0.0005967146266088845,-0.0004320938971362542,0.03413545366005091,-0.00013144686897606202,-0.05831223299927638,-0.000322760479756262,0.002672656406029898,-0.0019135318287607115,0.016168665284463545,-0.0003906932492125821,-0.00022970357052587995,0.07006030185850254,0.0075110033320383894,-0.009326027292070604,0.0014639000900050871,0.0002967396269861356,0.0016487060319938483,0.0009877722136091664,0.055976642238168665,-0.0007263734040388325,-0.0006254921635630607,0.030646568146503794,0.0014315646753461837,0.003989904918089586,-0.0011613004903429937,-0.17583465216408364,0.0003460639314408452,-9.177377783175372e-05,-0.011919552455575917,0.10285418013999739,-0.0007437398073956332,-0.00037524994739050136,0.002537530145836411,-0.00259069634731161,-1.8498133645463224e-05,-0.000968635200827994,-0.0017241419708088827,-0.006830611320165485,0.0001766145291837674,-0.006734817077934096,0.0001893522122236261,-0.00018196805162416525,-0.0010073968080205075,0.0020530686449163516,0.0013073926439419147,-0.01936972644129644,-0.0001902389846865811,0.0003013425425408972,0.0007616935433132847,0.020586243820871878,-0.0009096351968164783,0.0004453919076077347,-0.0002707714491822586,-0.0004567575386255178,-0.0004885079411007025,-0.007721434856211637,-0.017210570507785086,0.00036015775689659385,-0.03515437553640855,-0.00235169923635894,-0.00032932069042959037,0.0008820264485600435,0.001414955217538317,-0.005548304936217959,-3.273734863231889e-05,-0.002987837068704486,0.011457208608968306,-0.0008030528387561093,-0.00012952708663412256,0.028694867849811068,0.00035403129707763976,-0.6135624532871862,-0.009722593144874173,0.015036642523753729,0.04951429919984228,0.00020232985803694033,0.0004660821042363247,0.0007762747942888556,0.0004901779572452636,0.0012587278627703815,0.005269418646530036,0.13968112904019422,0.039387885804323494,0.0005076817954982622,-0.01907214408684577,0.00022850152094548628,-0.0040870064797325825,0.0010106281131190024,0.4852132914105016,0.06306345471334454,8.394805759427568e-05,-0.005638855495237378,0.0006039526680105234,-0.002900595214000633,0.009432330045668586,-0.0001967795804848696,2.633743203945562e-05,-0.0025831997720991854,-0.004631503572463745,0.0013548839418105361,-0.006096397522641938,-0.011204961962756815,-0.00032878134024789604,-0.013646404116030068,7.226466399181189e-05,0.02439899688120306,-3.376876011482351e-05,-0.003717307947806966,-3.8133402127462496e-05,0.00033047421263639014,0.004325250061314992,0.005622082569591716,-0.003671330680927551,0.0003593047306056415,0.0032107070202463425,-0.03362480221172153,0.0005069048958663761,0.0037588625266874822,-0.0031779804343814843,0.0028548141455965723,-0.0007953754495802017,-0.0016540632745239182,-0.0018525203944794167,0.0007750665855953108,-0.0006269964818255607,-0.011523370737238426,0.0002732248466030963,-0.0003029122086270772,-0.007812405192226407,0.0012255314185540091,0.032251474794393185,-0.0005194397790574465,0.00043510732276588597,-0.008891051170603154,0.011857287355350514,-5.995386593533707e-05,-0.0007601670162537509,-0.0010102542713027862,0.015922227475375438,0.0022663526855764915,0.0010144185188207951,9.435196746087997e-05,0.000523557625553334,-0.0006421362112688364,0.0002313329407015478,0.10021090545746927
195,0.0038871523790916036,-0.0003858735686018064,0.00030719999230427453,-0.0007131043730084392,0.0024450513193432777,-0.00840737658232211,0.012327359043152825,0.003662215458665777,-0.0005885566191428347,0.0021370206140166794,0.00018247768227084432,-0.00016581580638569404,0.006461982747944987,-0.0060860309402053295,0.0017617872586435535,0.025749708624660438,-0.0030015483754317605,-0.00203745361579015,-0.000900339886666629,0.0036525500558113096,-0.0016582448408245902,0.0002404365367005331,-0.0011638446194841192,0.008948779882227738,0.005123833906548191,-0.0013276530736674036,0.01885041263628444,0.0004197212574946359,-0.02475324706780032,0.0013466905325914894,-0.01340751585479423,-0.01161620891909243,0.0002473684249718125,-0.00547607381911538,-0.00035351425192435646,-3.865645701552718e-05,0.0014168811635693799,-0.002947500858133825,-0.00046907586868236845,-0.004180783574655353,-0.0012540280942942403,0.00039150482392865033,0.004985480662825637,-0.0008035560025021417,-0.0006441495152909368,-0.012628841130822625,0.0004861692048356565,0.0001921904431703321,-0.0006224022858062683,-0.003340602305593956,-0.000558606747489475,-0.0021618863176212397,-0.004899558799570002,-0.0019686887495292647,2.3658852025352367e-05,0.0043917369369151455,0.0007155682849624579,0.0033782319258256577,-0.0020196460447507313,8.056539286029236e-05,0.14775964240250325,0.0014602493164323797,-0.018035906096983616,-0.001338516302323495,-0.00015838407612045382,0.0009447615155968993,-0.0014732022937957087,-0.0022915341298120687,-0.018830029096300986,-7.800720584999547e-05,-0.004797107221721853,0.0004982204459968982,-0.010027629154762374,0.1883555977553632,-0.020401934674583004,2.2943396641481473e-05,-0.00032905410441658005,-0.00022532775395990145,0.0002609591237143827,-0.04163655426465071,0.011141795932626866,0.006434665857997939,0.07466831861550231,0.008468531394337142,0.0004996240727295994,0.0014152901657918538,0.07160442598495215,-0.0057810554336610274,0.0001259010368823947,-0.00019553391521867983,-0.0007056397913822964,-0.002590030292619874,0.00029683548930015515,-0.0001768327590365975,-0.0016693750100791817,-0.16406117019701738,-0.02117087253163954,-0.00771853311092911,-3.3565624477491143e-06,-0.03138737519931587,0.002052340968115205,-0.0005459449437171708,-0.0016426348867655059,-0.000820637333118786,0.016905951705382127,0.0010979327441306948,0.0003383808354836806,0.05337972134379226,0.002812172770440117,-0.010534769409033824,-2.5667231348341143e-05,0.0020907377111819094,0.08262759808486911,-3.400292325294284e-05,-0.00012602480295570775,-0.006086306250311098,-0.09604713422428152,0.46841673005689904,0.00047120255340086717,-0.001744125895167194,0.004807821801963304,0.02628642109576065,0.0013517255495506075,0.0026546125646368557,-0.013168540080616494,-0.00390988189238967,0.00025336059433265503,-0.0058234934286387685,9.327764063735578e-05,0.0010874473138435753,0.008593875012913992,-0.0007038750396341988,0.001847765970676748,0.003892175118175565,0.009052725485113875,-0.008375606096443736,0.0003014379208083676,0.0030189266036499017,0.0025352774772341496,0.0018056173106828376,-0.0008472313096006129,-0.3512389669962174,0.011252011540011429,0.0014061490230590345,-0.0027759143805180446,0.004607891089152922,-0.0045876939964492516,-0.0018994904569917437,-0.0015865861800547177,-0.002038449264279531,-0.0003307499779438343,0.02273743483365776,-0.009714018425126378,0.0017815193171803701,0.009415188253704899,-0.0013368479106381618,-0.0013402970472537377,0.0018294029895463597,-0.10782860530195665,0.00017646578781965782,-0.0004784227617223263,-0.00030327802817596854,0.03825366370970666,0.00253168339912974,-0.0009341129235679982,-0.005853788542108458,0.0024083124068107666,0.004366667052338326,0.003193795698011961,-0.00045132798671923535,0.0015531368301098854,-0.004014893229178199,0.020258428449305126,0.0004718263976098423,0.0007395880517871768,-0.00123624465958804,-0.0009453768600610915,-0.0038288913458500427,0.00042752331912609444,0.08397970861810738,-3.0024224385521905e-05,-0.0006385872201759829,-0.08672014408225445,-0.02319842128535009,0.0022060597898023995,0.0005818622851701219,0.00954087948449979,0.0022188787756094557,0.000624338708910131,0.0002673930584936495,-0.0022359665981731896,0.0015393709602190132,-0.00027806051404217873,-0.0003311547883790957,3.905982903559596e-05,0.00014829007658955732,-0.0017197119291375504,-0.00047273429343675747,-0.001523931323069033,0.015809534258187003,0.002522093397172029,-0.000432100163745874,0.0006358248519265516,0.03523540094414211,-0.00031209637182059925,-0.0019079382928264884,0.00045362622619776966,0.0004920090087207432,0.006258134156826924,-0.0009758185387691376,0.00633716605929403,-0.00036711041817913707,-0.008533270142589632,0.001168482330490005,3.0477309646791823e-05,-0.008111358737206566,-0.003413116698168775,-0.033066092385111934,0.005096233993280892,0.0006330333914834308,-0.004242590720708947,-6.821870074111443e-05,0.0010365889104966247,0.07588704226907186,-0.0007193562744330651,0.11820753990199828,0.0005675942139865069,-0.010612546472752088,0.5364559562268052,0.001484352882225636,0.0011735796039647947,0.0031806840766540547,0.0069568656173834564,0.002974278600883674,-0.002880993476834231,0.007456335803853737,-0.007690779598641077,-0.00018024496823659082,-0.026584647101006175,0.0007349909913571468,0.010123943783101368,0.000616830082836401,-0.13473591366859128,-0.001873534426562606,6.294484311898663e-05,-0.08888193529591244,0.001644544527773189,-0.0030992297542989876,-0.05022565503436536,0.000626839385204604,-8.323531068587684e-05,-0.0008529728125486164,-0.007388861027297734,0.010859784312386192,0.0010352602250868227,-0.00038498111069564065,-0.0008786053427804821,-0.08457163540320363,0.000571641725618576,-0.006483744264291392,-0.0012153122115933328,0.0031747616467820983,-9.014732251746424e-05,0.0004635880762800435,-0.05509564364226741,-0.0039543889660824914,-0.02247980141082139,-0.00015040098855791887,-0.0004761002361927504,-0.3839777059065101,-0.0050466050599898464,0.006292904753886947,-0.0006443552829765843,0.004834672710483446,-0.002676382955139237,-0.002091255205690797,-0.0010408197392414978,0.000225038285974072,0.005972030959234457,-0.00794453177028942,0.0005038362370750521,-0.0001385045018334318,0.00450286534081365,0.023428778753291184,0.02900569689947976,-0.003180448843131469,-0.00016151251228392724,0.004497245162474316,0.06484892374864762,0.0007411921321269148,0.00043588459254340387,3.426428412751502e-05,-0.009225137858406797,0.0014506111706831795,0.0009630869283777201,-0.00012328054389870095,0.0008958879205625655,0.0013910963545013188,-0.002096686749429551,-0.007431846733336572
196,0.013579382022164268,-1.4099600110173416e-05,-4.596103796464246e-05,-0.0008645521072129445,-0.0005078518489505697,0.00031852899058455297,0.008651912058793221,-0.003770080959834752,-0.004178622022277333,-0.0017081044277133806,-0.00024515460056348526,0.0006757331739593447,0.01184905403992565,0.002793037849228734,-0.0006448845366432698,-0.012511475094270055,-0.0026190582103097233,-0.0009708260897665053,0.00020342853399871012,0.008873546456314819,0.0015849550946013015,0.0006580139317471506,0.0003130278781127982,-0.00592755894275173,0.016452574913582187,0.009020005305927746,0.05572787731618109,0.0019299375536488638,-0.033620165772125885,0.00104747788846387,0.0034922464829846497,-0.0002810608940053416,-0.0002719874585545151,-0.0005609712939868778,-6.137643842268501e-05,0.0008611413561462051,-0.0006409399767615433,0.007820067200667016,0.00031323807884830416,-0.003310032133918615,0.0029009756799432103,-0.00011934075481885359,-0.01462886904858874,0.004552102900767325,-0.0008324735638874869,0.004793627618174848,-0.0009107073339946377,-0.01295859162246657,0.001870488396514154,0.0009350959439507437,-0.0004471711843124695,-0.00039165675054206035,0.0019157204098237896,0.006288945708169834,-0.00045786568426102285,0.006284918870763018,0.0013960213995831972,0.006510191198416088,-0.0027362959911885814,-8.274071893081113e-05,-0.04190063651260444,-0.00024333937917857046,-0.03792285763201373,0.0011451372733360839,-6.0433220852654235e-05,-0.005933352970846064,0.0029215824620436757,-0.006660723908330706,-0.0273468617515985,-0.0009470169570089297,-0.033366401148707286,-0.00035254103705223677,-0.011689688877575082,-0.0929176793110565,-0.014884310893110991,-3.769987357936551e-05,-0.0004513948247604259,-0.0001866709946206956,7.922939040001624e-05,-0.09358226277289437,-0.004415697900719243,0.01077556129880304,0.15085886746118907,0.01001734224570839,-0.00039011382453128297,0.00038244622775264903,0.13084097187748434,0.0017676724259841955,-0.0007826659881589883,-9.50758197850246e-06,-0.00026907547912131144,-0.0004957334350275471,0.0003715114079439457,0.00044866600123423875,0.0019743204134877682,0.09040916146376457,0.016168327246170882,0.0031849128410253863,-0.0001607812190880034,-0.014570173187212933,-0.0010082968936271572,-0.0007753764602818577,-0.0030784522755086417,-0.00048745439969547335,0.03464207234069083,0.008267323353034602,-3.9377589189224915e-05,-0.047679958737522496,0.004202900169420938,0.005813206252443807,0.00014671789907352937,0.00014024338164028802,0.1864190416189168,-0.00024792298208794073,0.00017383617333082378,-0.0007259922833803452,0.11207222749477733,-0.21786303381979155,0.0004277903031749237,-0.0011835124437344052,0.005377395299912688,0.05264764252676532,-0.00044140429768963526,-0.0008961100766435063,-0.02804592200701468,0.0024883220740673775,-0.062394433560062905,-0.009745770409817878,-0.00015827975760962683,-0.0006939225588150156,0.002006430127920021,0.001343816491815264,-0.00067236912842176,-0.0019774665111615243,-0.004008790901315054,0.002402074250701036,1.7811249133005847e-06,0.0040379276639088135,-0.004396108441175035,-0.000308555700907643,0.00043416861880230515,-0.7605616943387083,0.006977107622130533,0.000575934017048824,0.003137752702069151,0.010530671407541992,-0.010373281141256938,-0.00047883364359235434,-0.0002837354072169388,0.0025359996964586067,-0.00024400380393921654,0.07720562828051591,-0.020047547396333295,0.0034317033071942305,-0.007791960485878583,0.0005958323573229908,-0.002827952427175113,-0.00010726036787049858,0.029319831387993968,0.00015065341279090665,0.002025304142154208,-0.000967947145581618,-0.01455712443737151,-0.0011389907491299723,-0.0013414922927840963,0.018549086945773997,0.004327425610302783,0.003581085808546435,0.0022004230220673323,6.806690986379442e-05,0.003913873520186146,-0.0016134263437188288,-0.028871721955273516,-0.0018097012920515031,-0.0005078186003162431,-0.003858535476422743,0.001474341766323426,0.005054297004702381,0.0005668599633623607,0.09286821994722934,3.5360492785518893e-06,-0.0009729053210630345,0.02835548064924346,0.09728395162747579,-0.0001531326522665015,-0.0002960662842260535,0.020139217155375852,-0.0024950761543850782,0.0002835244899388247,0.0007879443418111942,0.0018548774972062558,-0.010363870393125536,0.00019196714014476333,0.0010850186208705183,0.0004635096657969904,-0.0005564744345997689,0.000833262050280175,0.00338822967755207,-0.0012619499140718079,0.0010839058326813358,-0.0007471636507870374,0.0009987981303026371,-0.0020355695461967927,0.08868834449359855,0.0015465005133492326,0.0011552355210285013,0.0002478660766910845,-0.00020699761701192918,-0.002270633335615155,0.007195611105645986,0.0006501081133510971,8.304567492232063e-05,-0.004325616278522463,-0.00018771498349426667,1.282503329078609e-05,-0.0003684440401538231,0.0009333770147374283,0.014566919154525676,0.01748942036813109,-0.0005970162635848687,-0.009193321642966075,-0.001458628351163025,-0.00020821474971258061,0.20690644508055384,-0.000850857236030739,0.05453810838168037,-0.01641805757984943,-0.0073450482213617664,-0.26416899456829945,-0.001878332070819109,-0.0005122581050066425,-0.0014901456237788884,-0.003713546587524483,-0.0031554074134457944,-0.0010568916620403365,0.03668466681886167,-0.0125924544338255,-0.0016481071156503146,0.012188129135046856,0.000381874542056231,-0.0031002393721540652,0.0004065848920589872,-0.12706060637419792,-0.0048010086886068745,-9.213465648558183e-05,0.04529112668382391,-0.0005241225969155582,-0.002515739505057562,0.017045560535581317,0.00028883986752236155,-8.61164426804173e-05,-0.0012576324809203292,0.006037528559649185,-0.005106767058158301,0.0007903874969785096,-0.001421766602160338,-0.0019984249502862338,0.036606810126368766,0.0005752911835559919,0.011448441255383773,-0.0019328379275590551,-0.000821813092031283,-0.00045272018161484533,-0.0006402465559963398,-0.035508180639850354,-0.0020550205394673604,0.010053714944928915,0.000573425805645995,-0.0005361517176532711,0.17023078749194007,-0.007530955467970775,-0.0036533068863215893,-0.0007511281896437629,0.0036337974807085817,-0.01181720364006496,-0.006225480369217562,0.0009390513829477714,-0.0002879326379088868,0.0012090588774610698,-0.008399925927333428,9.645101506112639e-05,3.159282778307602e-05,0.013038656781318641,-0.009934573473624336,-0.005476462438163857,-0.003380766145403732,0.004262885349562715,-0.0021806417543986456,0.17656390398014316,-0.001870306896167133,-0.00025135182881768237,-0.00014884330594470475,0.015810475236060415,0.0013179809214097045,0.0055148162797414475,0.0005636278569734521,-0.001203191496985878,0.0037280521854184674,-0.0015087754915583066,-0.02518535392789459
197,-0.0015765241633908982,-0.0006778742600253192,0.00024966675454980627,-0.0012882209014646482,-0.0003324899726099141,-0.030165868332569644,0.03672099444306738,-0.002167954224550269,0.02167734734877666,-0.0011577785137684305,0.000311026728941715,0.0006595662092276277,0.002507252154427703,0.020135979844414818,0.0013664478934233841,-0.004155776526515198,0.006623267163185556,-5.208942470379119e-06,0.0007224943547463887,-0.0018159140851229532,-0.019709506531679764,0.0011967887002932694,0.00041658372425532227,-0.0002812266142662428,0.004011463063309044,-0.007048141764065829,-0.006964092152750165,-0.0010158258314129282,0.0069076093345595965,0.00018123925453975313,-0.07403322358383577,7.202506960363609e-05,0.00012989294873608486,-0.008465214438542888,-0.0004831297992947403,-0.002229625570353646,-8.588297898218266e-05,-0.003859970042549899,0.0005614565117441519,0.001973749052389265,-0.0018437389093574727,-0.0014869637658534289,0.26669967883901413,-0.0035971817850051803,0.001140115957105896,0.0036733687320893746,0.0001509604925603392,-0.017977642698673628,-0.0006554435164046939,0.00537550525719141,-3.6872601642637046e-05,0.0005095196698851125,0.00020614357547981202,0.004982968344220776,-5.0098526278111524e-05,-0.002022490554908283,0.0008284869720846126,-0.0002532017593451496,0.035508579882005446,-0.0004538393242109022,-0.005434167415714201,0.01045099540703149,0.00047594120402307655,0.0008373251915089771,0.0006789620888112483,-0.021665565253879887,0.00791200063924103,0.0012962144741845458,0.02206141338738166,-0.00011463454941123066,0.012289195033996723,0.00014121037467375113,0.00041318866829759276,-0.012302168672342123,-0.01292671262415554,-0.0001823665135188557,0.0003430468636026482,-0.00038060894699160595,0.00041262511627819824,-0.002265558219168625,-0.005013722115906278,-0.006356531391065764,0.011046350556442076,0.003531142186968224,-0.0015683824204386933,0.0021587113484147166,0.007947852747184302,0.0006183794618736232,0.0013273582584861447,-0.0003406244357911407,-0.00017689551923212447,-0.0024689207988622757,-0.00023345475642997694,1.3056946690639948e-05,-0.0023636055728147856,0.01648391140829976,0.002629018509514395,0.003984726517745116,-0.0003794278826247839,0.022145525397797326,-4.2994808130485465e-05,-0.0005145303501162962,5.404177958355538e-05,-1.1017209617983012e-05,0.005964898623333246,-0.000841352083452645,-0.0017902928884014038,-0.018181375048934148,0.002502702147107108,-0.069338381609729,0.0002493849050704015,0.0010952529161707782,-0.07222854517134492,0.0003376070923340538,-6.427870659309054e-05,-0.0460752894616885,-0.00039509988264972956,-0.04281627775432197,-3.798964984712749e-05,-0.003664711932329339,-0.003457467266573048,-0.0036819094703173807,0.0007818374722847459,-0.0002839015225700628,0.004480376354787374,0.0023058648407565893,0.7080161248404101,0.0017911726667314122,-0.00010423223131965842,0.0003530375948193594,-0.003396618857312359,0.000393480064121003,-0.0022235578180199275,-0.00011749860555006187,0.00013630540114479986,-0.0016193113300587377,-0.0006873321382961607,0.00037351364084258626,0.0010875387598704145,0.003759400672784661,-0.0005149996576406628,0.024127958839931275,-0.008800428240232078,0.00011939670320747873,-0.022074403397468103,0.0008530054605987722,0.0005277450608185578,0.0011695424867515579,-0.00016065570837728315,2.1041444371349034e-05,0.0003592428643476389,0.0036721977186671096,-0.0009998417521999378,0.0013871965606414578,0.00041952112223767155,0.0006956371777356302,-0.02193328676329895,-0.0002580690257686657,0.0031009843486751463,0.0014614408994518312,-0.004736586134609742,0.0024550937089971893,-0.006315363785021567,-0.00039200093892059144,0.0010047318986010504,-0.032700180159289924,-0.014129305634695537,0.00016358460309954902,0.0016850142552338842,0.0006461259623075252,0.001615591493224722,-0.001487556133053652,0.055340597089711424,-0.0013825883724963525,-0.0009704042062203093,0.03820071285608938,-0.0012871888607977728,-0.000231865965727373,0.000998208296919421,0.015681319054316585,0.0002284643811204896,-0.009176252866044688,0.005218136117059718,-0.290038518122935,0.0016966810161460275,0.0009464685216568573,0.0030686661916930727,0.0017061650735515515,5.107218142618937e-05,-0.00015536358368305626,-0.0007604667738403998,0.0023159099071756984,-0.0004831226891328262,0.0010700838620288098,0.00017881653505147713,-0.00038742577230917,0.003307446279890115,-0.0023471414828991773,-0.00023957573375930178,0.008051960249800181,-0.0008662830394617444,0.00022259063472441012,-0.002275807961745023,-0.001330125368519789,-0.00197768057431508,-0.004292197352627517,0.0003057675119168615,0.00036519608430841694,-0.0016870558741408064,-0.014884288585040388,0.004922916621761638,-0.0005609653426505122,0.014816648330060866,0.003141161508567116,-0.0003618388134032577,-0.003368704536908319,0.0017571428772882004,0.0021958397782755766,-0.0007624790695146093,0.002694352382265747,-0.01629904920469181,0.0015311744673693847,0.00015021288431376137,0.026392849861402543,-0.00019242512515382088,-0.06744876626737568,0.007258995469018063,-0.002864838581731721,-0.049420091670702104,0.00029554849262959215,-0.0008774575069461722,-0.00012700956972087332,7.632569136941996e-05,0.0025648054843338676,0.004398582517131188,0.10981832896589225,-0.018522017732571682,0.00044217817958310804,0.003745584896147334,-0.000505425511730666,-0.00343629637060277,-0.0002883878222076698,-0.52078683366094,0.08212209799171795,6.481241852788339e-05,0.008150497108869632,-0.0009383899691696466,0.0014848036579602855,0.0021462784974626108,8.440061247457246e-05,3.50858206441978e-05,-0.005813262346325518,0.00450596225893535,-8.727833517209807e-05,0.0014109360493139832,0.004894473090197828,-0.0011855110344307879,0.005151267792790722,-0.00613747779673352,-0.005995213090561176,-0.002624896646135396,0.013704949337812801,-0.00031886724554029515,0.0034655428737856114,0.037239326729804324,-0.007164680346892205,0.00294863660449218,-0.0006048934094356724,-0.0024950513650124533,0.022696734875059625,0.0016128911548347418,-0.0024415287256350534,-0.011797522371824833,-0.0012804208113622682,-0.005831891547255362,0.000699348563347199,0.0015600607045025043,-0.00015168815768081163,-0.002807186547876546,0.006528752980875384,-0.0002027538033420582,0.00036288681177339306,0.005354683398882956,0.00015685898026658303,0.00799596855411949,-0.0003157372260446982,-0.004105039882622621,0.0015903246738470807,0.02854269522524671,0.0008004134108174537,0.0005771369058318108,0.0002277463433745094,-0.002510891909964944,0.000200646074564842,-0.01002924044849116,-8.125017671627675e-05,-0.00030812414940538206,0.0006226538224184263,0.0017288605825467062,-0.06778070528434675
198,-0.003527301918802764,7.914848940472619e-05,0.00010586583170727609,-0.0005411435914784365,-0.0002755300895051875,0.009830636843785823,-0.028889001555698388,0.005432223097379177,0.0010975164742215368,-0.009291405993169147,-1.0058844239727027e-05,0.0001567228106458922,-0.006517329895523366,0.021412084954288167,0.0007586080633507249,-0.001255899460939099,-0.000649456135649748,0.00016990445548137854,0.0012292420870988312,-0.0011737220642298644,0.0006622643106098422,0.00023869235054089274,0.00028931215521535436,0.00048038240812202024,-0.0007541202012021318,-0.017190696670262625,0.010668031817071386,0.000339541980477474,0.5332459535863486,-0.007915585896347051,0.004111130963802321,-0.0005827316191081046,-0.00011522812900183026,0.0005569078056502502,-0.0004498943831033886,-0.0010404924826378573,-6.353847700189819e-05,-0.018097377522786055,-0.00042729724800993213,-0.017102849627838448,-0.001303335987348473,0.0003784868390305611,0.037052453807512334,0.007236983954603045,0.00045369756876492695,0.01597492091313358,0.0002765958440843659,0.0041381088327500405,-2.350772498191031e-05,0.0009176628903912812,4.0325445381142466e-05,-0.0015555892830875192,3.182592889315432e-05,-0.0017289855793925875,0.00018746053080805763,-0.002148910954626857,-0.0013268203949814913,-1.6743304647957955e-05,-0.0008270801225642814,-2.1269574117604995e-05,0.0016582748431417742,-0.0033009025052176456,-0.00288814161635772,-0.0005973814623481495,0.00021339890595777067,0.0035317262771984927,-0.007598407716315412,-0.0011201265453456935,0.5084221340096959,-0.0002867835278635017,0.031557416624972225,-8.946625063638259e-05,0.07976106626256328,-0.0009241333572773584,0.004147375534688264,-1.8921005226595067e-05,7.069807230634939e-06,0.0002287646424108114,0.000105967798438307,-0.003266032632292774,0.0036922933849634324,0.0013371322443241412,0.025126913013210784,0.00036730048441843514,-7.544086453940813e-05,0.0033090263445235343,-0.0533103248162761,-0.00011738759230682516,-0.0004962594662622907,9.048060583294326e-05,0.0002827609171904225,-0.0026882622820314185,0.00011836536411890392,0.0005907139327833433,0.0009496758196190446,-0.007197667370486764,0.0026404781422878156,-0.0018058142557896006,-0.0001713769320075692,0.5412277819831658,0.00028747127376073725,0.0011793683644179057,-0.0007538224770010234,-0.00010747783488001747,-0.016650735686149692,0.006461722329312606,-0.000166767282998085,-0.023392692417622936,0.0006022768264047455,-0.0040376659136493204,-4.994033895064365e-05,-0.0002518502414936147,0.04012614127300185,0.0001644957670171171,0.00012914924422129104,0.00847061460440396,0.0570917325201156,0.022252470953835556,0.0001167460728328522,-0.0011407971390420021,-0.09332754856340549,-0.01595156721520668,-0.0006589315588124024,0.00041136340184731734,-0.006731517648682125,-0.0014000670621692468,-0.09326468978224108,-0.003945543276350797,5.851156052047446e-05,-0.016811813503208865,0.009877223546769752,0.0007056645334702766,0.00038001467391666653,-0.00017238315577634486,-0.004311177893572887,0.0004942934346397515,-0.00031223866133180816,-0.002095134977435395,-0.0010653269968327315,0.00036927947522680596,0.000285177006845474,-0.05062061444032965,0.0032227369745800863,0.0006126849506524494,-0.0002984534428243264,0.000672637377335486,-0.004797925919760352,-0.0020402512206599745,0.0032068980360811803,-0.004611881513350748,4.2854567964394096e-05,0.022548282649803707,-0.0024211420778863096,0.0005899521825380922,0.00285611677303654,-0.0007804357773046346,-0.008131713568603018,-0.0006612846487581573,0.0001984680765791053,-0.0005846071508813881,-0.002452046783888365,-0.0004879316950325936,0.004886541643348097,0.0001589123187043318,-0.0010917802179586204,0.012157776515238049,0.001444490039365412,0.0007111007270546449,-0.001422914280531356,1.3031823941351932e-05,-0.002335968213968016,0.00038736223972463124,0.11811142994444743,0.0027641305979497315,0.00017077098935441848,-0.007055509439870607,-0.003030477369838175,-0.0015720016575559524,-0.00292630568079534,0.020908864541103214,2.284535764378315e-05,-0.0009737083319279471,-0.013439245583590345,-0.05072015474978746,-0.0010604772392476033,-0.001022313254840805,-0.012367970845532369,0.0015436311640077277,-0.00024494571700954884,-0.0001851993415175699,0.0021211856550911803,-0.002800368172090078,-5.6358823253159496e-05,-0.004880315137058208,4.2856546775786077e-05,0.0004027484086197679,-0.0006846025296237002,0.0022994976593339106,0.0018170130049196473,-0.005414797104406023,-0.00027087165023670194,-0.00011239857482854901,-0.0006128290432793205,-0.030353062378930033,-0.0010759996910949395,-0.03803256558216246,6.540274186071825e-05,8.38435848026977e-05,0.010682858627307846,-0.005840802567213236,-0.007498783968925664,3.6979987476655485e-05,-0.02309275099966314,-0.0015970488355089418,0.0002059592666840901,0.06509452411354864,0.0008280312136803771,-0.0029594504162618867,-0.002828306171743164,0.001353482091808935,-0.00024192231498601675,-0.0007120085070385228,0.00028784260458981567,0.05713428961035659,-0.0007790058033313395,-0.019763270273151726,0.0012276685818741722,-0.09118980985333774,0.009624759249462465,0.00013062809862302016,-0.0003290391098923497,0.00023882330281162212,3.389199338841263e-05,-0.0003657789417696195,-0.00990575981566182,0.11638100507986802,-0.0023517626283952845,-0.0009094492051194628,-0.14181261481496835,-0.016011020047632628,-0.011902219294329736,-0.00015218126288245076,-0.024410915343349677,-0.009601033115039565,6.68415124523633e-05,-0.0006790934366330955,-0.0006654023879766762,0.0793696557574627,-0.0029994296761753072,8.416629121698813e-05,2.9083292087186963e-06,-3.1235630815266676e-05,0.0039144445127012855,-0.00017362198937093815,-0.0006330993107946728,-0.008929909932766055,-0.0011698251480490966,-0.00457279472714126,0.004982905435976622,0.00013709080641247096,0.0010701583284249173,-0.003110540326212448,-0.00030767386781524117,0.0011038797945231785,-0.0010530087501822185,0.0007022268618282089,-0.0002903840869063305,-0.0007084424733620337,-0.0005110992255598183,-0.002487910808738683,0.06599382274230459,0.003638751683865994,-0.0035484216585137014,0.0005444926324705904,-0.014563690910941288,-0.0017950698796711786,-0.00036489636975758997,-0.0002492622072970789,0.0007163487802392208,-0.009445177765727633,-0.0003568829154173992,-3.273618461943628e-05,-0.005554073603424857,5.9311110052842966e-05,0.0012965702229668556,-0.0005717563678130128,0.0012293922041133297,-0.10238346113817082,-0.052283994326996916,-0.008370746168938667,-6.975348319434443e-05,-0.0006534226635867731,0.0030996343164949435,0.0011280931993957657,0.0018989435100143243,-0.00024166597220427743,0.00011680811653165188,-0.002473210814889413,-0.00015220663573476583,0.15711713454902315
199,-0.0016182838160656277,-0.00015214228727320617,0.000238266685757005,-9.780696276451631e-05,-1.5642896461989884e-05,0.011024104711038003,-0.011987887717714108,0.0012576724805349376,0.0005257260608741115,0.003544200111980006,0.00035109441006660625,0.0005326689930448625,-0.00020890070257563453,0.03740500375416192,0.0010749442224022975,-0.00024268187303855705,0.0074884484532815815,-0.00010038628442163603,7.644274368669222e-05,0.004076261818510512,0.0036615577305611205,0.0011682984058272914,0.0002959452022041711,0.00025494319573478655,-0.000377042107968616,-0.05818784417930044,0.013879835334947091,0.00022378150696286334,-0.09487536647793422,0.0020064015004739857,0.024034490394167073,-0.000538552585986072,-3.481822635610383e-05,-0.006330976793040812,-0.00018807960296420706,0.00038323787715114927,0.0001316546263728782,0.007522188598786101,-0.00024984751885214103,0.0009667656988576741,0.0028925119806385846,-0.000375064197294953,0.3697485379997123,-0.004666862429518075,-0.0003619397983937382,-0.003967028146860426,0.0011747681515334061,0.018591520337193385,0.0009197809456069688,0.0014203472432438844,0.0004060275289380598,-0.002890156775080726,6.420363055837167e-06,-0.0021031793085454073,0.0003227493238450994,-0.0010727636265470222,0.0002363407399815663,-0.0007253977913462688,-0.009778779968113188,0.00018516622641048114,-0.006990139845932365,-0.011528720837779068,-0.01104668943489319,0.004735954722768165,0.00026613475128713787,-0.0014520197235312231,-0.020950510976127674,-0.0017624891695906058,-0.11297275817197827,-5.480033035562548e-05,0.08008564143683006,0.0007059824289512223,-0.0033680212551626823,0.0009517010665903518,0.012415079207296904,-0.00012083825721290317,0.0006804366672037449,-0.0005446616033323842,-6.609590644204508e-05,0.0025677166549082156,0.02594662828326703,0.009638256424782336,0.02040187458553474,0.003502824447359239,-0.0013716910602043688,0.001201130753466409,0.013006758909642903,0.0002135612163927979,0.0010832193806396238,-8.356891148149359e-05,0.0018232802469755342,-0.009943192832786935,9.687410940161824e-05,-0.0017947723431270234,-0.002911671992317848,0.013073106296080335,0.0006166939753150734,-0.0008521945552481818,-5.225761923545111e-05,-0.11308912626938757,-0.00020059519734727136,-0.0006486047734359352,-0.002250573471994969,1.3370440928252639e-05,0.003989954342953492,-0.0010319358379625243,0.0007635408711770863,-0.001580285944889133,0.0001463609733351849,-0.02193466464327874,-0.0005216313762012592,-0.00042229173404978925,0.033735936081077174,0.0006940036252782861,-0.00013001101555799432,-0.038416381790584896,-0.007816743068537564,-0.04762529375031129,-0.0013044284107003258,-0.006922504967865106,0.018919683991997616,0.00614861975289428,0.00112253579327212,0.002268965709991611,-0.0018031669878428892,0.0006088158777626945,-0.19675920651522755,0.007292066471190427,0.00036884212574797223,0.003039947029396404,-0.02296036192993136,0.0007125407272785078,0.0013782077317413127,-0.0003497388103179495,0.0010112326849441163,-0.0001228201685294873,7.764043222663981e-05,0.0022576493618977414,0.0012700398876513857,-0.001886479492424301,6.998704356516675e-05,-0.08295436239450736,0.014017463240421333,0.00395371722520496,-0.012426784818412357,0.0023217147862437237,-0.00025774769556762656,-0.0024855398908737447,-0.011105214257302253,0.0009427527881987643,-0.00041220658123702143,0.004304333774742454,-0.005229300601230081,0.0003294172137558379,0.00012535226895737852,0.0002099189162395491,-0.02882766156397877,4.017808978231015e-05,-0.00340417496845735,0.0007392851323366621,-0.006672664172183276,0.004556511073173999,0.018268697149861016,7.191951059895389e-05,-0.0009168220524818659,-0.06328415953915315,0.0010181691711076907,-0.005175528607733451,-0.0018771223460689215,0.0020705106167167057,-0.0006348676757489489,-0.00041878583926148634,0.30288205504268806,-0.00201332592730785,0.00036334117245977356,-0.011111241955220825,0.0015279100821876481,-0.0011964046384857516,-0.0013442494222768847,0.07003531943829212,-0.00011792384304606593,-0.0022464062191200687,-0.0008930479882594336,-0.6261751258756522,0.00010309678006242828,-0.0022858319838806786,0.0005050938699791511,9.868014062463159e-05,-0.0007722531750957683,-0.0014914948504740299,0.0012891395366678247,0.015749176250374648,-0.00038238928414299593,0.0018248706793790332,-0.00011385179597426945,0.0004573369169981259,-0.0002833624481764982,-0.005388544535930733,-0.0019603172223875732,-0.0028888452462505067,0.0014080360643037079,0.0005584513521951703,-0.0002868876578577974,0.015381118871962866,-0.00035252483000825896,0.005745171999819235,-0.0005037857406272087,5.58643910101717e-05,-8.617651018813554e-05,-0.008176874647567344,0.004285936457227824,-0.0009363915792953495,0.01441383027825383,0.0005383774966996394,0.0005313531146985077,-0.009883572848845858,0.0008257644668440338,0.0004897091860823683,0.0008712157778777291,-0.0004905952389047865,-0.009665962905304396,-0.0002898701512728428,0.00038840010984000505,0.01013799893431181,0.003660545688476349,-0.041521449822181096,0.0006565988955925402,0.014506516814847712,-0.016007974702730642,0.00042482296368014615,0.00022328150923198102,-9.150660603798356e-05,0.0002695640351010444,0.004236680156074286,0.0011877736087795906,0.03485434616916779,0.030754965696576587,7.308008993398181e-05,0.016885560029719804,0.0044521047864070065,-0.021277453820409926,0.00030283786768302127,0.25335162699477104,-0.002238755006037697,0.00013628547958171797,0.0023915547203008218,-0.001739474738465831,-0.001144848247121438,-0.004478904390142598,-2.9550866558469228e-05,-0.0001709228861810205,0.00020939644665986191,0.0065845678492005896,3.426407721437031e-05,-0.0037407057449534674,-0.00285053787298831,0.0002084898338419413,-0.0021867894241483156,-0.004153956513503247,0.0040844401220795495,0.0018072282808192838,-0.0028962838426095307,0.0010092067598225633,0.004753400362881532,-0.040896001707761795,0.004850808917751228,0.002531289817460662,-0.0004250770826046482,-0.0022157520145790087,0.003093028399803905,-0.008614922646357664,-0.0029465773285231416,-0.006946354480321736,0.0061961378935058405,-0.017763978296548986,-0.0003176859502627662,-0.00024814644107368136,0.00014226816473445663,-0.000639065200920206,-0.02768555928803483,-0.0003705028968977609,0.00016739373770279474,-0.01911670038637598,-0.0022768621025546086,0.012074197773456134,-0.0007160988749228405,-0.004342720579020566,0.002431357030330423,0.006772176529509883,0.0006321852158910554,0.001466213996293635,0.00041808719991179646,-0.011967739205704583,0.0005236214152177334,-0.0051661717637673625,-0.00022784481208030973,-1.4261200293247053e-05,-0.0006035881656434676,-0.00025728887266913557,0.43814200097951256
200,0.022689076418804015,0.00011997244232730964,-0.00044318006302525303,-0.0006445394659942844,-0.00013516412873555012,0.0031116512563284897,0.024745129269228432,0.0010930691314542836,-0.00439757334834965,-0.0023526390225281635,7.16840007846109e-05,0.00021233721912884695,0.037174307575232574,-0.06446018218260377,-0.0004290652177663251,0.008976215380753522,0.011044612391593718,0.0009269067515412371,0.0007437609807258369,0.013644082161399021,-0.00023690962691591717,-0.000735255557900362,-0.0008943649792664127,0.0008935717491806161,0.02893404335751159,0.023708009673900785,-0.03983073312971164,0.003615582552312424,0.09732194181049617,-0.0026454354796339617,0.020405570634115095,0.001030408506928121,-0.0002982975912250718,-0.00015128123167928867,0.000253893312573486,0.001134423723774482,0.001425495599090774,-0.05237969079618658,0.00023559295497989872,0.017558592185051333,0.005881367181257414,0.000409219173951981,0.14651462325001854,-0.01162500309287264,-0.0016388509247720867,0.0017791030439371419,0.00037860289997713277,0.05366562777864476,-0.005877717952967165,-0.0017002821420461416,0.0009709065160759291,0.0022510319473459384,0.00045002125398658013,0.0011320523334241491,0.00045019720186137424,0.0044979562987676105,0.00866046525205193,-0.002884493732150071,-0.003838138495507907,-2.3268469977359013e-05,-0.0048182567717399765,3.952878154875957e-06,0.028629442916168642,-0.007200723392175501,-0.00019741543280541243,-0.006136086854614695,0.011802784056316684,0.013333050840479239,0.08993950009113043,-0.0003058927173256974,-0.15416596755204653,0.000657102988570296,0.01135019652769923,0.034913095794877815,-0.021904259057370982,8.717778598596806e-05,-0.00027796338032439133,0.0009468271954710793,-0.0007022673605398943,0.002530289502316286,0.16102618882409075,0.030226786615301073,-0.041335681512623054,-0.003744056501044807,0.004111592053550677,-0.0003539745622261666,0.3355542701914559,0.0002199625434228334,0.0007507972220380324,-7.202737470704546e-05,0.0001981487034937551,0.00529062552940333,0.00015385807192046849,-0.0018020037400735475,-0.003128068790411563,0.005348743534241926,0.0018446872112949022,-0.0034900390942060617,0.00022255338980072675,0.08412212245302643,-3.26849978215249e-05,0.0009662670452771026,-0.0024973298587725365,0.0021139684015177877,0.10314280548628557,6.781855335263182e-05,0.00043272655358656334,-0.007448701636828876,0.0021834321317984956,0.02048099774484343,0.0002798166005689405,-0.0013478864659756166,-0.014357477319866103,0.00032224484593548763,-4.389103300674849e-05,0.0016155079351118891,0.021626806520702133,-0.04663094671652928,-0.0023138985795510764,-0.002810720695945414,-0.015849070223403254,0.017437298175249524,0.0007008265116432277,0.011154894419671666,0.005166733705571637,0.002959433468350703,0.045847237814370626,0.017747180484648475,0.00013710369342570874,-0.006121793126910739,-0.005126803655918554,-0.0007688523811987271,-0.0001256907304106223,0.0008596002165697915,-0.0017339670196704427,0.0005826159487144619,-8.011550087659927e-05,0.0005703458215501958,-0.0025645520385987426,-0.0026258048803350434,0.00010180721266045455,-0.06528356085322223,-0.14187192889119996,0.025960894470961927,-0.0022520642916835747,-0.0035047939798053193,-0.00568883239821443,3.321642687197787e-05,0.0012370514328202762,0.002131487786798153,0.00017052758849939848,-0.07695968216313909,-0.0005120142727830851,0.0009020257405453931,-0.011776365381489132,0.00010760549696668735,-0.012659798120028595,-0.002970587942002523,0.0089942273031128,0.0001477477293947687,-0.002982578158806537,0.0011007029607028186,0.11691495567198995,0.0007567542736771852,-0.0039989204311071825,-0.04889763322386008,-0.015233840240412763,-0.001569267308372051,0.0006604088833532327,0.0009783393500075186,0.012411448553415656,-0.0032258909088478636,-0.23524036405686202,0.0029562595320766355,0.00020328554215342208,0.012398578655945328,-0.006649998301548149,-0.00833798878601642,0.003017957720043961,0.02123108408729433,1.2776159963798217e-06,-0.0027937739217062606,0.008096619602906092,-0.21094407464954132,-0.0020269541468977623,0.001689153299574235,0.06907622842348742,-0.00016501945364740564,0.0010508935553891728,-0.0005695503464759064,0.001592659871902477,0.008544704675800362,-4.446335062096001e-05,0.014363261342943724,-0.0015850077879838924,-0.00022357188525171275,0.004830663429675179,-0.0077588936542335625,0.0018241347601583133,-0.019762321655014892,0.0011745992620605123,0.00021796238699738762,-0.0036284284865547812,0.20995137351708534,0.009932155295327264,-0.004890206413962528,0.00018849539012411737,-0.000381690887096991,0.0064510227316012195,-0.05252536623503448,-0.004127233347349926,6.637083594302796e-05,-0.012936835470756901,-0.0003955519476702904,7.9211650829197e-05,0.008155879385399677,-3.8440517504800126e-06,-0.002603252637136252,0.02002828787864043,0.0002229273672589402,0.005215008078727989,-0.003929326042247879,-0.002498811251651201,-0.32581883555521596,0.0017692983601746842,0.0443384802376126,-0.018894489431805633,-0.00824285097376057,0.038089319877827384,-5.2677897373553176e-05,-0.004919184860561425,-0.00022735010661467485,-0.00022572822013506525,0.0025103319489253083,0.04225280328321833,-0.1779258804048436,0.024932278540066338,-0.000217415762608638,-0.0337238284094079,-0.0016093324614395296,0.02725675563583111,0.0015508810051855326,0.25589310290813916,0.011937157661729043,-8.695365106184383e-05,-0.05671394260900927,0.00020208563932170656,-0.0107872309589265,-0.0007825221392634941,-0.0001117242166766045,2.175069500352572e-05,0.00194780639823857,0.0032115357621189415,-9.718169274996937e-05,-0.0008874432133563759,0.004667913994675529,-0.00195545469585932,-0.006445074398727716,0.02347161460989216,0.001832500017332055,0.0021852160806668276,0.0002917265730338729,-0.00017034524032193458,0.0024448918902808987,0.45123781461759727,0.008817569093332638,-0.0005775862059295427,0.0006897431116993195,0.00023102670974858505,-0.012830433649746288,0.014424798248185284,0.0033965099263442685,0.009019632780442165,0.003244492933538301,0.03447119933181363,0.0037740729223506007,-0.004104666895732382,3.378049335050256e-05,-0.01970510037999393,-0.02109258143058538,-0.00043804141250743675,0.0001683967751051601,-0.0065425984505179,0.0004639837597147042,-0.0006708387769318084,0.012354553727390454,-0.00043261116890803064,0.002251509710524629,0.2323568838406851,-0.0009624003638832174,-0.0036190197752383833,0.0008973525592164567,0.012371192530257931,0.0009248951235482789,-0.005478004887315516,-0.00010840242741155348,0.001366287522450686,0.0013057730987613625,0.00021841609410801785,-0.27155274948437275
201,0.023797711986821433,-0.0001885147958092248,-0.0001652027380069504,-0.00018717281792402646,0.0003453689877414845,-0.008143840150726375,0.021247115295497786,-0.002408019946417938,0.0031932449854341835,-0.0011131736265647951,0.00017173406228078447,-0.0006143332323086531,0.038684143527924014,-0.07051842493340137,-0.0001708464990310965,0.004986845872342577,0.006986153109518341,-0.00037217502113200823,-0.00033021366600946914,0.013435239842891744,-0.0006644895550288535,2.1773656156579696e-05,0.000550519586907057,7.363595314318488e-05,0.03222308533746063,0.0025701613240029925,-0.06752800007699064,0.004198855620645418,0.051543642586120805,-0.0016267963147982047,-0.011729306640955003,0.0014627214562784041,0.00021504374157316208,-0.0001354860065108771,0.0003507949914708444,9.057664435810266e-05,-0.0019329116141865131,0.026378008890361824,-0.0004388054243545103,0.02398590736528161,0.005333906949378461,0.0007937101647725667,-0.0254049116627827,-0.006674417506738108,0.00019956918365367574,0.0019753569115906373,-0.00047490154220208055,0.04631509797207403,0.006139613230131347,-0.0006674584702865431,0.0010129151503392199,0.0004327442363888038,-0.0013120151756631573,-0.000607507677505824,4.42489673857854e-05,0.004966037308034401,0.008670167147700997,-0.0016836226595862767,0.011136744526316784,-0.00015929989268339412,0.010289218794426845,0.006160214612535362,0.029470854548685508,0.006640104319808222,-0.0002630524814018851,-0.006862364420210342,-0.00524612416804669,0.018364781331416634,0.05320159025346869,0.0002908159965404654,-0.08739443973643529,5.070148940161158e-05,0.002637354690810661,0.009844527357301125,-0.024321618851791776,0.00012014054123676149,-0.00017703276981409117,-0.00038904922101144204,0.000340908960440138,0.01042551100632526,-0.28385569801311245,0.02895066456267603,-0.07452251492853217,-0.0013711741321821872,-0.010984523320800839,-0.00016746003661199244,0.3448978877476737,-0.0002065645881611164,-0.0007545313697253869,-3.304050894593902e-05,0.00012235932930526226,-0.0014656909591070316,-0.00036056353725344523,-0.0012022874642434178,-0.0008983952219882322,-0.0038081821455795348,0.0002768285792750457,0.004889690738804544,1.2131804402223945e-05,0.03663370048901546,-0.00012112768285249336,0.0005249553332289372,-0.0017802986586648098,0.00030769318218225143,0.10706569717582007,-0.00116583562197662,0.0001107670091620716,0.00652766417070846,-0.00020277576900909217,-0.011168000019148167,-0.00020720480110159901,0.00392519362855722,-0.029786918307226337,0.00025465884715592316,0.0001926328913631429,0.015313594937557433,-0.03137180858635261,-0.00843331641191242,-0.0036565690763645277,0.000479198627861705,-0.008234349992385547,0.011067566547791929,0.000433106783714444,-0.02167544141835595,0.021225455378807996,0.003431356911495394,0.06121621174536051,0.013956038908222453,-0.00022512081087470645,-0.0016189132315750589,0.020053440083519954,0.0012133267850667469,0.0006431661528924618,-0.00037683930157443287,-0.0009575394754872246,-0.000157364613280077,-0.00026984903918815875,0.001919770139990451,0.01231405070485287,0.0005573438198578431,-0.0014988133981335295,0.03239491422884632,0.1792063572430511,-0.046135786173725844,0.00418474965020694,-0.004508638562251867,0.008590578737039547,0.001295858464270131,0.0005285960133439335,0.005673572272770935,0.00039734665295191283,-0.09040640987807476,0.001237355819886177,0.0009558519307646704,-0.009553439403537131,0.0008180754380224097,-0.0009142109433897027,0.003341392148909417,-0.012561160740508628,-0.0005367937459549712,-0.0010373847929671769,-0.0014540805495188277,-0.2188106141070754,-0.0006249163937295486,-0.0018229044564457625,0.007147486784945518,-0.018723721983077583,0.0029377583729966973,-0.002163116309483843,-0.0002804113308865928,0.012116104282462207,-0.0035078726368986323,0.056240023642893856,0.0006400999633812601,-0.0003039945249581591,-8.67663765893212e-05,0.0012948121038701488,-0.00157397625972605,0.00020617182360068917,-0.016717539820376985,-4.1188537611872716e-05,0.0008079372262931933,-0.0028575699353319585,0.056261409776376364,-0.002425589905360003,-0.00046080240713072313,0.07145501771737392,0.0026233616041598604,0.0005765653424012664,8.419910836613906e-05,-0.001809100177547221,0.006440846636731365,-6.711753683924081e-05,-0.005018927081888565,0.0019804537789203753,-0.00018720177602227564,0.003789834007164923,-0.00027209225509578546,-0.000230971010798081,-0.01295781656819582,0.0028711977979367417,-0.00018341147237080357,0.0002118810072931276,0.2094366355330134,0.007670675941940249,-0.005116954683933173,0.00035668857818579175,0.00017588237245188144,0.0015042253891966268,0.06766704876890382,0.004179506706651777,0.00014914151199321365,0.019055380596795315,0.0012480852875028396,-0.000252906035799646,0.00507192168966036,0.0006840189030476466,0.01089280647664672,0.017827424734226015,0.0007737745430981529,0.003871921913037776,-0.002691811938773418,0.0036207450878538786,-0.38276692093060927,-0.00029807106007973623,-0.027590524529650717,-0.01526395341104667,0.006547659609385251,-0.030227327111898017,-0.00023272456319864583,-0.0012305343466317105,-0.0003133076491186491,0.0006621845609306159,-0.0017242930737721412,0.04665493243349997,-0.15489072493078168,-0.0029458493377810865,-0.0004306053221204767,-0.014591843930290112,-0.0004471088990760947,0.03770742917164288,0.0009486504725140278,-0.03187420700958652,0.008896641919294457,-0.0001381510343276722,0.10631384559186517,0.0004886527887253664,-0.01738328156478697,-0.012347692071437908,-0.00041189036071282424,-7.904947391433777e-05,-0.0005000051722692584,-0.0017727452712437844,0.001405296071795326,-8.736523851993541e-05,0.0060920658912161085,-0.0010143959792676674,0.006179201480944903,0.023868706727881897,-0.007349720070194918,0.004558250215246697,0.0018936223145605766,0.0003322873928549002,-0.003373726098407921,-0.5605883870856133,-0.006284833249681892,0.0003928940920040697,-0.000571040438593063,-0.0004707148485526252,-0.015610993494103425,0.011612440405468834,0.0003112893940878074,-0.0036542891745850745,0.002893054815220469,0.053419213389867395,0.004608173215492126,-0.002906189207240678,-0.0004255000357873837,0.025948118125595315,-0.02316749268681748,0.0007383465432511602,7.768365531790177e-05,0.0045479398290605745,0.001357957066201513,0.010085285744208153,0.014541726162864697,0.002028121436474375,-0.004521131461989496,0.23159514304835557,-0.001206045742732989,0.00460022191227622,-0.0005008492737666442,-0.01545556140474991,0.0011122263238242092,0.008373717474219835,0.0011175265923037325,0.0023150753164156834,0.002998092811337104,0.0026197287994018195,0.1514182323264708
202,0.011445505914220527,-0.00039580050957091495,0.00047292552703052937,-0.0014323989794289733,0.0003248065930087189,-0.013966583150972172,0.013610818514298729,-0.0015375032063440512,0.005676528743748778,0.0015297608061688693,0.000252229093352728,-0.0003989870987057137,0.016965095346684708,-0.022022300348724634,-0.000487961255681027,0.002007922958890424,2.4340025775525242e-05,-0.001375726928103678,0.0005141383679175427,0.0035146446284502605,-0.005786051686523318,-0.0001988739958575913,-0.0007363045800286815,-0.004396277124685776,0.01955336247477763,-0.02630387295245415,-0.044774929435651256,0.0018383151390094499,-0.03512068710393873,0.0015042337695994855,-0.042582408664031304,0.0003218772643183952,7.040965237663926e-05,-0.00015377604240242304,-3.9814292358279074e-05,-0.0005551749149745682,0.0012368475993611294,-0.05186632391708091,-1.433638248704485e-05,0.013044671808746367,0.0026374759161986658,2.7172325699830113e-05,-0.19375740556771587,0.004604529285425244,0.00029974462168682464,-0.0006802694474403927,-0.0007009282083855643,0.021509557691955596,-0.003755947631216716,-0.0008818462100868688,-0.00017122812926948817,-0.0015409667212710181,0.0012523623362283767,-0.0030597422999349,-0.0004375228417387248,0.0011899788629347234,0.0037712134464306154,0.000664509239898792,0.013312026550809682,0.0002575127804356099,-0.006351379217971026,0.0006560060500473422,0.010842430831166509,-0.0051397359518454665,0.0006439758356637081,0.001217918064639748,-0.023950993158722206,0.011863597589420388,-0.051373502486478616,0.00023649766839249327,-0.03768764810152901,0.00029719877688342384,-0.002968527126121636,-0.004045674696926609,-0.016984603269944398,3.021688134224529e-05,-0.00018050339344305617,0.0004490873355231192,-0.00023899290842293512,0.0007538862817084227,0.14103534453528194,0.003650928334629088,-0.03888611762910038,0.000856326481545865,0.004610145569858448,0.0004602369206501292,0.14802242862294698,0.00013931131370213679,-0.001600441859306468,7.173386528885536e-05,2.2147789399636943e-06,-0.010650198000690501,-5.3032133078547046e-05,0.0009170976975220314,0.0017373843579647486,0.010563981849926381,0.006974626013788069,0.00064283628340649,-1.331254590000372e-06,-0.05984625803424209,0.00021446895329834,-0.0002472534274066177,-0.0020043833441883885,0.0019176285812884004,0.04422906780590014,-0.0013582396684071693,7.042284243814322e-07,0.014972299424308439,0.0014865235540887992,-0.0322233830289992,-0.00032782626087087766,-0.0011405908115392272,-0.018431497357406332,-0.00047787970005941025,2.6905418869705225e-05,-0.001926747342191176,-0.003393634019074521,-0.04513684125420933,-0.0012145698500606998,0.00037206881349754334,0.008939472880446808,0.005531783886225618,0.0010839253617126502,0.009879425488326038,0.012288299800407411,0.0020113835109355402,-0.05076838778212009,0.0041962926985457455,0.0004613382055047681,0.003836729720502018,0.0186864691283189,-0.0017029441328739788,0.0005501616756737055,0.00039986518289813577,0.0029268501507040716,-0.0011901122601648989,0.0008218895099222351,-0.0002470580088442774,-0.002365089602637309,0.0022889740266251422,0.0007163411429776771,0.038767594544884404,-0.1263592367302439,0.023858335508479486,0.004940055213471921,-0.002510893313573905,-0.003911855008104037,-0.003813475810588235,-0.001911666671021584,0.002733603848293984,0.0005996150161408005,-0.04251937488614545,0.00039545062624048264,0.0011382860938038224,-0.00560558152733732,0.00024437385559563144,0.016079201491505206,-0.002279980762206006,-0.010428491682396655,-0.0006100964612029464,0.0037245009213360573,-0.002645044964222624,0.1060670496391238,0.0006521332183753708,-6.402621298333888e-05,0.06064539492808571,-0.012440882298529462,0.003883741787124751,0.00028726329464072355,-0.0022994203002153044,0.0038126493844721195,-0.002584950540937034,0.3715485974920541,-0.0011580503166048277,9.906093988525078e-05,-0.011041016398261666,-0.00476729538025243,-0.002140727091776963,-4.5332501881610414e-05,-0.014118232833517753,-1.8773243109056897e-05,0.0044526944880827115,0.013315079693658066,0.3108967978870029,-0.00216071603381246,-0.0016512322834071995,0.03242939565921893,0.0030730238665951856,-0.0007691250866500455,0.0014180120608931243,0.0017191973722069068,-0.00474599678641919,0.00030363893779580126,0.005766905244203018,-0.0009672160594172974,-0.00017587506492412926,0.004475759714555367,0.005299266149680788,-0.0024410888807513288,-7.0227023691612e-05,0.00303686075542292,0.0009561485371576868,0.001501081060205521,0.0882045114594682,0.0038363734714769726,0.00013682683559019284,-0.0004762719004077227,-9.642109408876474e-05,-0.0031957430226371842,-0.06060168968687913,0.009927490389354678,0.0003461421122514024,0.03546335659644641,0.002289933153443253,0.0008511661538453171,-0.009482418431853358,0.0012278936456543274,-0.0022929253629083044,0.0072509735565174345,0.000648287793617904,-0.0007671281980071452,-0.001705582485635324,-0.003038727527958136,-0.20964537419986423,-0.005919505274384285,-0.05754456242714421,-0.0065152556453941055,0.02133094523157438,0.03031235862768543,-0.0005085838475916071,-0.001275703689190417,-0.000358370130798571,-0.000831911008875353,-0.0035679226322558586,0.021173827348736494,0.041800947802643124,-0.0336943299883709,0.0001496405189029262,0.013219216545439415,0.0016758448424742376,-0.01206765783197711,0.00040192691160413673,-0.3190372519707394,-0.01437059895420404,-0.00012988001032866736,-0.051551112215649404,-0.0005288388262426255,-0.017061537817767532,0.006073062055549993,0.0003123915886279931,0.00016879309999636057,-0.0042146234460648056,0.0006026694289323728,-0.0011887550232793156,0.0005610738093961669,8.076234630414688e-06,0.0015235003337602283,-0.01108311310403937,0.014971393253896608,-0.009903462137000364,0.002711290473073156,0.001313891349355483,-0.0007475316946868485,-3.920897163104363e-05,0.40650971398887653,-0.0031672083307576256,0.001997801094584557,-0.0004799638122918075,0.0006667845413557705,0.006045521371270964,-0.003544546234032075,0.0011903424632265234,-0.013548097914163683,0.011051323927719969,0.022934891423572593,0.002342987258656621,-0.0031856461984850247,0.0006609397345375655,-0.017629306452711473,-0.019008760905508217,0.0003893860573453377,-7.026475912775415e-05,0.010569829919739692,0.0005886897778348173,0.013358459857244084,0.007965463555976712,0.004553552350190308,-0.007863331380565506,0.11109526724490143,-0.0010031899461347919,-0.0038238542413604566,-0.0013286184280111388,0.009721229816637828,-0.0013600273266923127,0.006796588629359645,0.0005924656822403488,0.0016404615941673219,0.003390468975562092,0.0027220744657304972,0.5170463932294436
203,0.003137168427082083,-0.0004592351999527511,-0.000252601067114536,0.00011626454520457553,0.00012091103953019815,-0.002442163493010887,0.004707576412094812,-0.0016550278861589506,0.0009599599523021094,-0.0004885284908324071,0.00020174736511404008,0.0008934406513114238,0.0040844289328551015,-0.012102066667590013,-0.00017527819349570303,-0.0013985678507055545,-0.0005876580165728061,-0.00028143109183562283,0.00022306091046318116,-0.0006945460538843834,-0.000774664189216488,4.879599108592375e-05,0.00165642822722681,-0.00547883173935517,0.003272394689829544,0.002933811281958994,-0.012641680297314693,0.0012781803537166006,0.005452487600767324,-0.0006988786020711009,-0.00020612545412523192,-0.00039716815721136355,-0.00015063977207786447,0.0004317529243729753,-9.035904066945167e-05,-0.00039169621302189935,0.0031283727322366384,-0.022064220865752597,-0.00022341199272385925,0.003653481727086986,-0.00010354329411781343,-9.425346937296138e-05,-0.01395160761833193,-0.000954563513161602,-0.0002624248740553827,0.0011186683532367016,0.0001991930300812552,0.013864477475278915,0.0043849682645302505,0.0003936641455697485,0.0004406263006359317,-0.000538387304510133,0.0007596788205642298,-1.8306392229066226e-05,0.0004746656639272929,-0.0002555179254704028,0.0010512900922347575,-1.7485333369044337e-05,0.001249760522792049,1.4945693456221848e-05,-0.03649144092611679,0.0020529815942227888,-0.0007152770181781162,0.0011614712189935378,-0.00016016468072214946,0.0037954887267604006,-0.004344375803961386,0.0030119015668193454,0.012044978435066958,-3.136834884736098e-05,0.02158729997476021,-0.0001130358422980773,-0.000624750750169471,-0.03127675950173722,-0.003000705086959036,-6.705878874196936e-05,-0.00010029014125338711,-0.00010884781482757154,0.0003665865949370349,0.0023780190877963196,0.6527565731383678,0.008181814988106415,-0.014232542648459256,-0.00038729888677718565,0.0118074098402884,-0.00028525851168952234,0.037840514590639994,0.000774899865396781,-0.0004679979534151781,-0.00022714107181640887,-0.0003453313456038996,-0.0022117526338288566,-8.781377488741352e-06,-0.0001954710155526616,0.0007067653459011482,0.034768641386076,-0.015039109655387769,0.0030587340277487504,-0.00020272388687328545,0.009301667964415446,-0.004696164371360562,-0.00010247314504242193,-0.0013595114013460672,-0.0003869062832083154,0.011032270986527551,0.0008844394910906149,-0.0013063376203275032,-0.006476394672167964,-0.0010391585935129622,-0.0038507984322915414,6.049256199436694e-05,-0.009295109104082457,-0.015109324355523084,0.0005342189768080476,-4.572289849900544e-05,0.0073619788666498855,0.007365868286676861,-0.05519655707522095,-0.0016125055182815114,0.001018157598585507,-0.0016742559331675909,0.0028884364765511747,1.422935423410341e-05,0.04786779315151895,0.0007930745008424536,0.00029832367545183766,0.030538007482299224,0.0012244928699420372,-6.827287063741142e-05,-0.0003813824677087862,0.005474652037572669,0.00047250834565226057,0.0005112559509040623,0.0004561063997347964,-0.00025139679283347756,0.0014219240418400253,-5.4187853592321204e-05,-0.0004914144302417527,-0.03395128348291752,0.0002303443919347049,-0.000521326578193861,0.030238192005285443,0.14207437729443728,0.10810572301681569,0.0007016186383866026,-0.0010051488273648615,0.000927788696169062,0.001735938376244955,-0.0004224893163274821,0.001585168046456342,-0.0002569657538205602,-0.010785439218050098,0.0005723532154052985,0.0001421085229830069,-0.0014252623492880534,3.1827221465654984e-06,0.0006870546847135703,0.004430444143966394,-0.000827549909958297,0.00031372803860067766,-0.0003041789638364128,-0.0015189469410673369,0.5134630916612969,9.235938453866716e-05,0.0007721669883019895,0.00624866296598166,-0.0035267393435498124,-0.0002924983594897294,0.0016090996889342043,-0.00044252841589876104,0.0009415656545845939,-0.00064384836361486,-0.006993316168627907,0.00011631630909838945,-0.00019884354813759627,-0.0011051369560318661,-0.001691482123739901,0.0026198436115428313,-0.001080820313707893,-0.018664053126601503,0.00017330668348832998,-0.00010922796082877642,0.018701735409412567,0.027932552557801464,-0.00019521072303087597,1.4808351987477522e-05,0.006187120846506658,0.0003061967696985899,-1.8448270239256655e-05,0.00010381162955384373,0.0024860632365111485,0.0021320344439567885,0.00015761870399033412,-0.00611211509619916,-0.0002694543721882711,0.000973534841682584,-8.239944185079397e-05,5.805914147481337e-05,-0.00011224712108029645,-0.002592703539993193,0.0006587353400541961,-0.00020340499269732183,-0.00029214254364401106,0.021690318729322304,0.002553895289259271,-0.0008581984182004926,0.00022376932682515387,3.3940962018326644e-05,0.0009322842115673667,0.05730263526224737,0.002131816683290276,6.425237941281746e-05,0.007396690871042207,0.000783812790871661,-0.0002340541645552141,0.0017449549182025988,0.00016617860431508412,-0.005064991048811777,0.00256135848311381,9.94390580537995e-05,0.0009224448880422188,-0.0006568934773217554,4.077644385866333e-05,-0.04292562891749256,0.001173731120680152,0.010047892092854399,0.0005011544924316979,0.0003550337106655211,-0.011306134742318714,0.00017568045877744258,-0.0008163245904461637,0.00018206634974319213,9.422357513315393e-05,0.0007596007806329118,0.0053425216361666595,-0.024093941077598113,-0.004514286980193579,0.00011238790776335009,-0.0010124954998066017,-0.00021218469743832186,0.007122131094481803,-0.00024497750847688674,-0.0256937451017355,0.0039722015860423395,9.819865150893954e-06,-0.24153536640127907,-0.0001634546767916806,0.00033087348341969986,0.01377216080666035,-0.00010601345128971522,-5.112396041866645e-05,-0.00040710303657350174,0.00043671862324953185,0.0005006332579072864,-0.0010279490560630741,0.0007193754061282976,-0.0004044206415303656,0.028122682196250994,0.002486768967107071,0.000882367234545621,-0.008402851351863612,0.0012771790701274167,0.00016121823165429313,-0.0026678176290904614,-0.43703483775062024,0.008987436199622046,-0.004151034782465602,-9.800560097160296e-05,-0.0002663796257363819,0.02740875574884095,0.002071355544133531,0.010833415795488802,0.0006023857351015926,-0.0029863282592439756,0.010889474829002077,0.0006720818630719065,-0.001739328486894457,-0.000138391052489132,0.013253698692525474,-0.00901857275320653,0.0004025366721943457,7.06848313584336e-05,-0.00045701445779964666,-0.0014456288604221493,0.0002263182627176594,0.0022129615181894447,0.002320474027174943,0.00018066901209469813,0.024665278626152906,-1.8848504728662206e-05,0.004784538028747739,0.0006489976257810481,-0.003997842076126707,0.0010996163966024237,0.0027375858398932993,6.283544839846413e-05,-0.0004344090677137432,0.00048757339739797297,-0.0002780502084343728,-0.008178318891588907
204,0.013677568291415993,0.00011456174847424005,4.034488296543459e-05,-0.0025141193082638263,-0.0007123286437027386,0.009515764781474347,-0.0022886309032722233,-0.0016287582833760272,-0.001565415054173385,-0.001029601660696492,3.793568107317291e-05,-5.375236620530632e-07,0.015009513166330597,0.013753080753303878,0.0005592508357549625,-0.005174799412547601,-0.0003567360358838617,0.0009283640251242023,-0.0014321091409417834,0.008724642669238935,0.00010719595935890398,-1.814580481650143e-05,-0.0009125202172555764,-0.03466360683032366,-0.0002813376344891136,0.0005432871531704034,-0.019805411420414934,0.013688783989893562,-0.016394976647534837,0.00024060001289111232,-0.018620353846354035,0.005204927549650179,0.0002253882514260709,0.0034564578470579425,2.1739169354073953e-05,-0.0023119434733850797,-0.0009804918934211513,0.04083277116439861,-6.908909233384244e-06,0.0053483709051403835,0.004506111300418862,3.889330588927953e-06,-0.008701898583092355,-0.0008327713801001679,-0.0006694404306245671,0.0019358810671862448,0.0004601676291952709,0.2742429927817122,-0.00044196740335811186,-5.13541800031892e-05,0.002495831156392417,-9.095069817272364e-05,0.00128745542941394,0.0011046240498165018,-0.00040446400858336253,-0.0011379103314755573,0.008149805075373393,0.0015384644370584808,-0.0035584748866749035,-0.00011834476335330357,-0.004456918183029398,-0.000958809690408365,-0.013289333584987498,0.006486435257124008,7.858149475881973e-05,0.10291390119742949,0.0036665326086092907,0.009806132957874303,-0.021061528488881334,-0.0008803739627986406,0.7882946901791132,-0.0005481321658007026,-0.009097365517527864,-0.1251448898595472,0.0007999050105971419,-7.070825334054218e-06,-0.00028974088655844745,0.00017791204532992266,0.0002457802391889769,-0.0005825059083039521,-0.013984582323927833,0.08046123639326042,-0.014365230665911995,4.4145473356242e-05,-0.0028164533305371046,-0.00012571315899850138,0.1352709298501361,8.513218641959886e-05,-0.0006330029058213782,0.00013250926716441635,-0.0020192846064778997,0.001267047505307751,-0.0005301198135133506,0.0001225022317921788,0.005085240256480956,-0.03901823362506494,0.006061740133986324,-0.0062258647785879365,-0.00028054256145909097,0.020176820341750664,0.00014107246699398852,-0.0005325634296677582,0.0005486010495185695,0.0005930657652503972,0.05443523726630163,0.00928993858195146,0.0005772591566294769,-0.04132869192597207,-0.0021948903911156526,0.0033479989063245784,-0.00027372302544023935,0.0038191241190564293,0.0029596103980928396,-5.538217925135018e-05,-1.320730559228097e-06,0.003938537239752204,-0.006247439966345439,0.22000830327569962,-0.004438902335312741,0.001014794547356672,-0.00217716300636724,0.011164356487637847,-0.0030221233273421905,0.009300385251083471,-0.0018622149228116943,-0.004108429157219952,-0.00917636915869726,0.004784415804601498,-1.8275950503554876e-05,-5.093993195663718e-05,-0.009100362989764714,-0.0005211409050381554,-0.0010573840488809585,-0.002823210204713107,-0.0004415976017237101,0.0030157610819873297,0.0003648356601821715,-0.013421697307398455,0.006104498169521063,0.0013185660285722637,0.0005065155868638079,-0.007872558564082949,-0.015245035141405534,-0.0034359954727825126,-0.0016190313965167248,0.006984276002176395,0.008369607140361033,0.0005080863840290978,-0.0014866588116182102,0.013368329729758174,-3.834745930480859e-05,-0.016472101692490013,-0.001222819859819708,0.002881098078366496,0.013097352442918457,0.00122382795543244,-0.00021325676705935288,0.0005095728983108871,0.029197826547911462,-0.0002928578130728007,0.0010983566024080772,0.0006245480974449891,-0.002483471379599125,-0.0007503016491541957,-0.0006470971355196885,0.005927640327227884,-0.005617097857124586,-0.0003496210070946812,-0.013738264869038114,0.0005984805710381718,0.005609465185953411,-0.000907163301702051,-0.009372708205900807,0.0006702662187506661,-0.000650842203018572,-0.0004227174373357703,0.01364205739446881,-0.0010357824197974141,-0.01587587899222373,-0.008459194678502271,1.5743172058017493e-05,-0.0003463345795701978,-0.01781777057442308,0.036197288265904494,0.00036955270579294946,-1.5569900742536114e-05,0.030186373710035363,0.0021434564786018107,0.0003122570276509057,0.0005277208846319932,0.01275778749402581,-0.0038602456335921965,-0.0003109561787684612,-0.05231485911762808,-0.00033041746578486527,0.0018573630831157373,0.0019225844258716992,0.0002910918337766571,0.002255266042753141,-0.004790625538316674,0.020668836669120238,0.0003336951988997727,0.005430222851105881,0.07076031064551849,0.012157775022797114,0.002025388441447631,0.00019298377215350322,0.00011118712298336482,0.0021534580555816907,-0.0025261860638645297,-0.0022509117416279027,0.00035193245967068444,-0.0011572024430847785,0.00040332795227222547,5.0875614537805765e-05,0.0011545589553993156,-0.0010435979849168725,-0.005807444779816104,0.005314582632170158,0.00017773519805847245,-0.0008161434867517694,-0.002563526752582949,0.00034363696910692755,-0.09029789549564926,4.570749708056364e-05,0.018266550661566162,0.02014496275975576,-0.005976168512927818,-0.11518579698367261,-9.054899577792125e-06,0.01901145909565022,0.0008064466288032803,0.00099210860608283,0.0026101913843136573,0.01635740456246791,0.08483010819924557,-0.004688992368520183,0.002058393696049676,-0.003113992465391598,0.000556741283528465,-0.2331275555273833,5.809666699599481e-05,-0.007009662399931933,-0.004563940748690844,-4.150304144093231e-05,-0.017585492467497937,-0.000412649425787713,-0.0008796682348503424,0.013182633100123417,5.648824578317977e-05,1.2247771239122865e-05,0.0011172730940768026,0.0034270985784874593,-0.0026118968217016874,-8.30224292184688e-05,-0.005302953143721233,0.0009409990080689584,0.02103366602790765,0.024820142571749783,0.0073780625436583765,-0.003962738391634894,-8.296975771231868e-05,-0.00016709643896879473,-0.0005556120927594776,0.04664032873740382,-0.000944583458767984,-0.0036944345154554547,-0.0008684305064775915,-0.0004605914109531966,0.06339104924375902,-0.0032212853058345373,0.00021815467477876447,0.001773656749748201,0.0001091370442895174,0.008713212509163674,0.002472749003800069,-0.006772984395103935,-0.000605567552405132,-0.002220282706498464,-0.2573640278320345,0.0021363576682305293,-0.00019364509193496625,-0.0004673528499103935,-0.0025273965636697635,-0.026494796387229187,0.006510712703433516,0.0022711417989082325,0.008603725441970174,0.010727991190274785,9.337263282686468e-05,-0.00021484531015471394,-0.00011158120340845406,-0.0700481127505094,-0.002783697238249597,0.0005446472858107827,-0.0007043870847982359,3.491892783154e-05,0.00342821008625645,0.0018937236081668642,-0.1063073700026255
205,-0.0010117907799722914,0.00023400843807653768,0.0002492088371763555,-0.0014411367196392557,-0.0017206637070959927,-0.003946247138687226,0.0027109720714411324,0.0008894383903237318,0.0006281417473020166,-0.002319734094056794,-0.0008335687144372795,0.0004888092128475055,-0.0003490726604408268,-0.01689791005230339,0.00021469525697862197,-0.006069393684999869,0.0029510936280980845,0.00018271039431104865,-0.009239903857642316,-0.0008448272379070933,-0.0002984903729547102,-0.0007713919543077221,0.00044853481583691983,0.0050222479957738745,-0.0005827498003789537,0.0015325987041515273,0.0014554132623923136,-0.0009312878411974704,0.020014915875625462,0.0007568837324160986,-0.014971311741511253,0.001343685044993346,0.00032456017858568595,-0.0011003355499963818,-0.0008887921198190152,-0.0012065452597101306,0.00030473646854446506,0.9766833817151824,0.00030530871405098784,0.0013238127426871335,-0.001041229049127581,0.0009958360300686528,-0.005184086761885137,-9.069109247196526e-05,-7.578746020568314e-05,-0.0001730579203252352,-0.0011510630804134584,-0.04348119848922284,-0.0017944992168851639,-0.00418724727820337,-0.0005648431813607413,-0.000638516162753378,0.0016773186949344144,-0.0021873782605111845,-0.002336174018067832,0.0038845571184940803,-0.0023548658366646753,-0.00028292235675679014,0.0011578801919801208,-0.000379296440964968,-0.003419499691863902,0.00015950787033293463,0.01081358119314342,0.07624794804409454,0.00035801541749058956,0.005960363404310516,-0.0011169878566874127,-0.003073165361396611,0.017464507230423105,0.00023751794768668913,-0.014469206404944755,0.00010551748291661554,0.001839535921625201,0.006670670729483618,-0.0032541735304211683,-4.708877999657626e-05,-0.0005264780455283579,-0.0005117788931897913,-0.0013598474819512697,0.0011357021767295452,0.037253939751592184,-0.01098666644822974,-0.009415290147125999,-0.00040273494714736496,-0.00043755100697982866,0.0009711981237429829,-0.009283341476266523,-3.6971423231657195e-06,0.0006485487706670755,-0.0002379706347167259,0.001290634141530347,1.2816682402323174e-05,0.0007133267631600239,0.001028042582073261,0.00023420838400519282,0.0069228611625023985,-0.001310485459766231,-0.0006826010127491889,-2.6473935461329007e-06,0.006137845647346867,-0.0004526438675585442,0.000488883266599838,-0.0014229902561258597,0.0007853612583241009,-0.0011855630448339635,0.0010803523730233814,-0.00020524394180422177,0.013789982867546123,-0.002097148811715418,-0.002074339465210972,-0.0011220062424128281,-0.00044863245630852013,0.0022831859246701413,-0.0005310945858254049,0.0003398986192455135,0.005796947018204817,-0.009210711612245532,-0.014135594276287041,0.0005675305063894129,-2.504295871388269e-05,-0.0034266481577032476,0.00431480957625678,0.0011117871494529252,0.003087156616524326,0.0035762952034522305,-0.002293832973040414,0.008446864959485552,0.002364326789394352,0.00024980895450598447,0.001428936115787417,0.02267265045546753,0.0027990447661569297,0.000693663660435735,0.00020531992608828237,-0.0006937531659950667,-0.0013364009400447532,-8.482879865486642e-05,0.007434270705150556,-0.004052239168010013,0.00013008082790458113,0.0016738448070542265,-0.0014648818461514917,-0.021064111607421276,0.007120983284289381,-0.00041026623896645085,0.00012982195765783307,0.09767757787424837,0.0014411539023018694,0.0005529876290408438,0.001467039443850465,-0.0016373247872363242,-0.00471005065231174,0.00040135827819599856,-0.0009525686030988705,0.0008682550655761251,0.0012935171852045783,0.000266414737225577,-0.0004671790979724332,-0.006798745872154704,-0.0021788069899753145,-0.00021620495504727217,-0.00254469699342847,0.03295449194128041,0.00023989212267226754,0.0020676935990699475,0.0016489592178863064,0.002437660925988842,0.0004873120309976729,0.005287440601243134,0.0013522914534912758,-0.000329913432742731,0.0006198811960792267,0.005027174453075524,-0.0018785635755104056,0.0001505511742031897,0.0010513371661286931,0.09272931326968188,0.00010265786179164713,-0.001378744505980757,-0.0006668632592822871,4.20981752804429e-05,-0.0002633961162598858,-0.0011733339143028257,0.0011550362685960678,-0.0004316271014465061,0.0004270918231673018,-0.0034390279110654383,0.0007042639238154592,0.0004535430115230146,0.00036929821412879483,-0.006191223305577575,0.0024574902711560283,-0.00045191889999946324,-0.050644418338310335,-0.00012215642982564773,-0.00011249251783349403,0.0008304981838982074,0.004842758564958086,-0.003498527634869481,0.005478798238654556,-0.005172225814241072,-0.00259192829361418,0.001146793179908405,0.007599849581123014,-0.011563421719860401,-0.005139293122593796,-0.0008614491265804935,-0.0005067711133499731,-0.011041938764632992,-0.005168402983464922,0.000315424189376083,-0.001377555333307147,-0.005082942540838752,0.0012123951979525747,-8.29830163049574e-05,0.008399102000450227,-0.0007291068733540282,-0.0013142198456184328,-0.002080911341709169,4.106927559340066e-05,0.0007756942626967499,0.002480386470852212,0.0002568137551033909,-0.010999231980183691,-0.0012051133124832303,-0.0014484905523049535,-0.0035434417621362335,-0.0004527364058157262,0.014048374849088607,0.000237812625919332,0.02590071829216455,-0.00042428156736844225,-0.001603201022544067,0.0009085444732831881,-0.00027555813518694266,-0.048061172172570256,-0.00033479335793370617,-0.0009881188344260327,-0.00851712920918324,0.00016419262778494086,0.00807600283206757,0.00022178133497021796,-0.003945275666676859,0.001179917490177547,-0.0002490675716261396,-0.011664365885686076,0.007243353747343834,-0.0009486516190028821,0.00028097707407450897,-0.00081491713747259,-1.869137554849458e-05,0.00022325218915539535,-0.02595698615016125,-5.1073692479544196e-05,-0.00044581168865989815,0.00013749286043754174,0.001393977555886786,0.0006869714012938457,-0.010254319519941183,-0.0031937344443411985,0.0015224740802047662,-0.0006419929230603041,-0.00016183714657391833,0.0011154319036884932,0.05314127559698262,0.0006105037438556307,-0.00015796248137996195,-0.0008642070996126675,1.38734500414173e-05,-0.0023581469296091494,0.002317965942416148,-3.868756072749365e-05,0.0001235549404010229,0.002264400633358195,0.008783285073840514,0.0005212947054343906,-0.0037294804163994577,-0.0010265955906083803,-0.0023851442281276553,0.03163013065297376,0.0003442775436493697,3.4292795149565986e-05,0.018175800710057703,-0.0007993194643903694,-0.004913357371119723,-0.0014235498597454119,0.001601022993409995,-0.005029731056189003,0.03283370688148307,-0.00032960466231297383,-0.0007874553385357776,-0.0009271196149669849,0.004324125361182531,0.0010349787304550905,-0.00011655709624915615,-0.0001401410545916245,-0.000160195023789832,-0.0003572815153980121,0.00019788982493359211,0.02006766754136286
206,0.005730113461064089,-0.0002428280539032851,-0.00017300985640389052,-0.0016817680248107283,0.0012999196361336493,0.01174812820092808,-0.011915503448391379,-0.0008301578898777384,-0.001351399798345648,-0.00016795049044336131,6.891119793020137e-05,-0.0004978447241042565,0.003245279825875639,0.07683140525707283,-0.00030671287491796165,0.012372593677294673,-0.0005484490326011157,9.293199638768165e-05,-0.0010962650397520948,-0.0007039520327253024,0.0006907334997818676,3.3614227096797456e-05,0.0010647954064894743,-0.0009017988015660623,-0.006203650726693419,-0.0025257019735260705,0.0051555164776104535,0.005916470605273137,-0.006620134681459244,0.00015273780220287012,-0.007103686648841081,-0.0009419222295626554,-0.0001612599622520276,0.0022996723090712417,-9.943932501906352e-05,-0.0006881094020820783,0.0025662023957645844,0.005229180715400985,0.00015824727046526328,-0.001689963722066269,-0.001055221396194238,-0.00015678575662424156,-0.027895245838405074,-0.0008624091353162859,-0.0004829051125143785,-0.00925472182422681,0.0008640269093093721,0.07387693735250515,0.00347021497678179,-0.0025496440087914105,0.0005085022467765168,0.002397005695966336,-0.0023478229257783987,-0.00551503643578263,-9.693503330231385e-05,-0.004643283301399406,0.0017499712102404842,-0.0008434869998542509,-0.010026569117774713,-0.00015647766228425904,0.030397972274939174,-0.004853744171694626,-0.0012949262826099433,-0.0003537150361498049,0.0003022223634636047,0.01467721752992165,0.004161340905889127,-0.0017753836715254383,-0.005809428275126196,-0.000577019230257215,0.21798936888482445,-0.0004184682898102569,-0.0005877776834936879,0.2855785425124904,-0.0003451094765587934,1.2182034332954353e-05,4.265086489769164e-06,-0.0002095134807271761,0.00044106797522496834,-0.0021539333065214977,-0.019185229611522643,0.02417590855723984,-0.008219169105699257,0.003077859122819117,0.0032416924731052624,0.00010640809704756324,0.009754133349242633,-0.0010014900611788283,-0.00024979780445754827,0.00041261648808507164,0.0004899228362081065,0.004090832570902595,0.0004960059593075022,0.002106218413361058,0.00036654221073677056,0.1161872622421526,-0.02783236406405546,-0.009355080129007974,-0.0003584768578428557,0.00790084445000218,-7.756722281992284e-05,-0.0005066596922523921,-0.0002565504250518786,0.0017148438686400433,0.008979283469506699,0.005705703111705901,0.0017902116003961407,-0.014168656533716266,-0.0015438669259143544,0.01008470548967771,-0.00025040758812823645,-0.011063592761034545,-0.0006581887887740468,-0.00010418385407881016,-5.727450146997878e-06,-0.006761993077252576,0.026722002180634134,-0.7221689387615859,-0.0017480430907971288,0.001510854363685883,-0.0007252278354249204,-0.002940161588803105,4.1308538797898866e-05,0.0013621868912045043,0.00215055316269267,-0.007678292022836715,-0.03437295099196205,0.0026661782729533795,-0.00010880868677493917,0.0017214179136082744,0.0010725933741550868,0.0042090252376123915,0.002781945278413243,0.0018605939976618752,-0.00042176530076711797,-0.00308516510930534,4.626163377846062e-05,-0.0035011498758648896,0.0015370958741631143,-0.0003945562257795887,-0.0003983456918984043,0.0036380793911206574,0.00835216473330265,0.0013674784656395778,-0.0002800473352844112,0.002512383738778133,0.002284386566925502,-8.992501459506073e-05,-0.003325452783509577,-0.0020989127423315934,0.0004926249432880973,0.011526814779883198,-0.00029189686616075666,-2.078930469029275e-05,-0.0012637238670474777,-0.002066991613856663,0.0029730618245957965,3.0106074225783302e-05,0.0158091961988378,0.00029192373419736017,0.00085019925871065,-1.9408300881614485e-05,-0.0361490056628106,0.001832098407533035,0.00028416854406196346,0.0016978267406628175,-0.008206398553241444,-0.001731716124244209,-0.005150077950637131,-0.0014391984097111062,0.0010816659283868334,0.0015714644063738147,0.03697848311147067,0.00018695236233768307,0.0009970298080412224,-0.004219508763768601,0.0043056026937475025,-0.003867645560807774,-0.004661929921045733,-0.01924624852395915,6.876696855811701e-05,-0.00015996086120654505,0.07367217824165671,0.018016059360135464,-0.0007864296137176513,-3.941413991235274e-05,0.004541601278203498,-0.00023243309910636265,-0.0006027565927875498,-0.0003521138698558367,2.0609959984819494e-06,-0.0034075195342424965,0.00034344738912599204,-0.01653537875816324,0.001020386498605474,0.0003330260023161587,0.0005090317648458989,0.0015646020264700954,-0.0009110426720709587,-0.003896904796250023,0.004985711223831836,-8.767130099660014e-05,-0.006672904056793864,0.01532308843685027,0.006489505584319323,-0.0008711883282093372,0.0004689989727881751,-4.626644808019328e-05,0.009258142492776822,0.0007857438719987414,-0.0026141898418288556,4.87105942790448e-06,0.012072673908577294,0.0015302850974426628,1.164420366707268e-05,-0.0029638252154395835,0.004870869090831312,-0.0019112707073842463,0.002896508951507084,-0.0003836824945202093,-0.002084603281627059,-0.0013247100059287796,-0.0010248089550097947,-0.026304635140103023,-0.001637855297197464,-0.009061274308009884,0.009449570503445958,0.01036928089027055,0.46506586207762923,0.0010279687503204405,0.0024801562877517307,-0.0012059406271777051,-0.000603331164953624,-0.0032318157423263517,0.005477588892114769,0.1623884742482899,-0.00431933841847157,1.6047358822911858e-05,-0.014245885869428201,-0.00010734539778056143,-0.06488519408059916,-0.0010250898480071388,-0.013117646203196606,-0.009720007456900924,9.163553763062368e-05,0.07115388777490309,0.0011814820478466498,-0.0022037729765828984,-0.0021785492666843006,-0.00034008896086964936,-0.00013945899032504448,0.0014286211331813335,0.00037411623655989284,0.005476440905878673,-0.0015109090658618164,-0.006861246296412949,0.00018014853778764578,-0.06739917507973615,8.705087888887832e-05,0.00364434691078957,-0.0010905235496519736,-0.001640587103099925,6.648262038690556e-05,-0.0030787328251679104,-0.04030475346019143,-0.0012766741371309919,0.017478305908349,0.0007215310629628286,0.0003306714981661474,-0.15985064797995463,-0.0007857588502891578,-0.009231569995776668,-0.0011435808954502506,0.00693291459087631,0.00845710679574697,0.0009520388744440715,-0.0017370592240245316,-0.0006572841994780485,0.0015819255472188645,-0.07381799679438422,-0.00037098394664395774,-0.00012982322727824055,-0.00958643830363151,0.00734522998070258,-0.01615939324069219,-0.00044617756155678834,0.003248218239582019,-0.000509733602155708,0.014874418144756242,-0.001784705038532319,-0.0003348685499563774,-0.0001679813803543333,-0.01421860182084472,-0.003880410233211851,0.00139943006289424,-0.0002240111587594549,-2.4791497350413593e-05,0.000384944693027306,0.0006974709742742057,-0.11932911055291741
207,0.003987279224948269,0.0001438630455197487,0.0004755505989812864,-0.0008104636019239837,-0.00015213462406908976,0.04514750688045255,-0.04433893039702718,0.0016238013442562626,-0.002697932373736494,-0.003414387923350916,-6.394258792151268e-05,-0.0001159866214021834,0.010845770110400676,0.36751840673867125,0.000339645750487309,0.006665739615276705,0.004204756390679702,0.0007478811263933755,-0.0006817168336626985,0.005579732750700365,0.007923809980392507,0.0005517179218003012,-0.0003680464684277249,0.000562076116736753,0.02354799633130466,-0.02869207331295224,0.01448455450185828,-0.0005668561591570722,-0.03493639240647713,0.0007860409268593757,-0.06028875119027,-0.0012437667820833502,0.00027524911971063765,0.006604158173490855,-0.0003661124731542467,0.0012056834902125402,-0.0004813301143858986,0.045928290649281285,-0.0004368859162211282,0.001442801228758412,0.015968811103476085,-1.8702654214348274e-05,0.008563721241788821,0.005077983875611494,0.0005733715772906303,0.0014623122504273632,-0.002182884011095014,-0.03598314764454703,-0.00045746561971247296,0.0008752740326666281,0.0011501768792013672,0.0016298647365447197,0.00034453560324779805,0.004497880342585872,-0.0005325544805590623,-0.0009887789724481004,0.0017367105942296193,-0.0018322819927077114,-0.03465902830236332,0.00012227921613183756,-0.006961120784968843,-0.013827432353060698,0.014752568259845394,0.005913011082939872,-4.7902511306183865e-05,-0.015431054835354015,0.004030511652518025,0.0012848463058919278,-0.04923304336396031,-0.0019587135595691037,-0.19414453150386035,0.0012959952797548082,0.006356218193340406,-0.0431836536639483,0.008472532494740089,-6.924763224611455e-05,-0.0006051287730282073,-0.0010911633330639246,0.00016579328360958462,0.013655041574457242,-0.0018269067146596972,0.0017825981237732536,-0.016554465121009034,0.0016388029045413016,-0.0022852909427698983,0.00019739427659224568,0.11004678881443347,0.0001892994458277588,-0.0007137848447908179,0.00014189361250171745,0.0007455428789139593,0.004635196410918065,-0.00040311271153146977,-0.0034322184160754214,-0.0001471802647665353,-0.02633059751179164,0.003487314305537307,0.0009205564029353547,0.00013461054179608745,-0.02607850435901092,-6.272396000551322e-05,-0.0013537372676115829,-0.0014759130434629942,0.0007319764440926781,0.033719144175565624,-0.005969901607341951,-0.001049528786282037,0.012624180672439549,0.0018592328786681024,0.014675194761098655,-6.602604764408687e-05,0.0015788689507810517,0.008692551823343813,-8.613203523362423e-05,-0.00028584526731956217,-0.04520686651395788,0.002356201172170955,0.12411381883968975,-0.0036673506307225434,0.0030911369033673358,0.005439690756236147,-0.01139759958500669,0.0022767526390906553,-0.002556972023359185,-0.007933846755557781,0.005847782195393884,-0.19281155348622545,0.004961981135665946,-0.00021631000535258377,0.0007425711785064189,0.044387694111780264,-0.0009810692912745628,0.0005725077103606643,-0.00024596011424246286,3.90076460471565e-05,0.0013528309068831816,-5.149812815618583e-05,0.0013548978193733702,0.0018171391238150513,0.0007438693980534802,-0.0004294825910838469,0.03349480104044233,0.014652095289933888,-0.0010167959977467529,0.0016619523685794586,-0.00038651962706668513,0.020350647223461155,0.000490779764726243,-0.019891047892964434,0.002168161742629956,-0.0002539857770734002,-0.0011409695192766307,-0.0021628177905693748,-0.0010571855677170032,-0.006281002217118945,0.00010537616525096383,-0.000263821518804639,0.0008245482992198985,-0.012386556387900365,0.0004654444775429173,0.003326365697736847,-1.453621840086659e-05,0.004719036913044573,-0.0006437939002972336,-0.00041395651518586103,-0.00030964281997718007,-0.009099426172099918,-0.006025032135372092,0.0035367209865963577,-0.0021936698486033288,0.003006289837139922,-0.0009078326555488209,0.06436818083779496,-0.0010937343995938986,0.00026740527586348317,-0.021955647862907254,0.00903614772767963,-0.0021365021686827754,0.0017668202171086753,-0.038218050951087684,-3.9147520111631074e-05,0.0012726006987144778,-0.013226056883321844,-0.04739798276039124,-5.647493252496083e-05,-0.001575864057617414,0.020085852019190765,0.0003898502406298257,0.000860079243608659,-0.0009456101227992139,0.0004715263594506809,-0.023701934467193958,1.0500626821161041e-05,0.007079720356887561,0.0003877518089377039,-0.00015749143331216485,0.0008637844254472742,0.005356369081391995,0.003589381887133959,-0.012423077411398979,-0.003985904170053567,-0.0011756850890782544,0.005081621735580914,0.07185612589077747,-0.004391123188822579,0.00641892416389956,-0.00012070161895144475,-0.0006584001333625571,-0.00024250537416849204,0.005083568144207615,-0.014093148360213147,-0.0006351097119492721,0.025332325700393475,-0.0021954467761834554,0.0003663322376672301,-0.00030539477599690395,-0.0011987828847460362,0.0032055719426391425,0.002831457770127291,-0.00023395901726147236,-0.006047184498774406,-0.0007552993402437217,0.001108507578648589,-0.24139644607666158,0.000839399293121677,0.021582384540315698,-0.042976337665646465,-0.002046764768369999,-0.08484299267018033,-0.00031464858163006426,-0.0026674863335806,4.0589616710615464e-05,4.5469831751528134e-05,0.002117119716208286,0.015484951006328046,0.7568176469885455,-0.005560928878486127,-0.00034820702367329565,0.004669977760375175,0.0009850418027138822,0.05198503217222261,0.0018616274402820014,-0.05307943099694176,-0.04108901897581321,0.00020230101409251383,-0.007750514635402958,0.0008365394168354609,-0.004317089582903819,-0.004099873393548388,9.155126089007565e-05,-5.166419550610077e-05,0.0015377037187078678,-0.00481706836990586,-0.0010995584965328153,-0.0032905662846844826,-0.023650611948099264,-0.0015900546695242074,0.016643760743148703,0.0680324198135194,0.010888355400377872,0.005133519089465029,-0.0009551341436913607,-1.2685911405411338e-05,-0.0002541101900755058,-0.0352211423255432,-0.0061229916508286925,-0.0045524080282188205,0.0008436111481756169,-0.0012919323344512059,0.023365298788550745,-0.004534423920707136,0.0013252455163855956,-0.003441303507772551,0.005789345000869073,0.008775245857250383,0.001331365612991367,-0.0032819943394805616,-0.0004620104994530836,-1.831891708437873e-06,0.039163351980068206,-0.00010480770141829861,-0.0005537980061578948,-0.027615148633820377,-0.00036268746430622237,0.005739525101287527,0.005661971844822895,0.004255194430774404,0.003397549585147376,-0.009887676335850554,-2.070541979707491e-05,0.0002278986589647101,-0.0003322990568981263,0.012345028569705681,0.0017379565876552323,0.0004958878452100378,-0.0009628975604758713,0.0016980596698103374,-0.00046941033526297186,-0.0019965796425256734,-0.238057503182141
208,0.008520607180918002,0.00013651251388696606,-0.00029824927135171236,0.0013031009581380877,0.00045141647997037904,0.0043687391351503865,-0.0017854892578100393,0.002057626674411243,0.0013029450889248265,-0.0008071728303238705,-0.00016257735103673843,0.0007823040214914971,0.0016701293530376853,-0.0035178050049137835,0.00014967179968149516,0.0007070646911185065,-0.00497647154231734,-6.074444281930699e-05,-0.001397651623801295,-0.00046105373591183094,0.00023078943654783642,-0.0009698144586944794,8.041317028905249e-05,-0.0026839368142761288,-0.029235584825955202,-0.001843024217771886,-0.007987133661711797,0.028276651433018093,0.01585170478856971,0.0018827362347148095,0.00646476589284559,-0.0027470172135836664,0.00033015730193780514,-0.0015353988853016416,8.62170494399378e-05,0.00028043354544640426,-5.1755511824840006e-05,0.050537529245564636,0.00024135464339937387,-0.00372593161953758,-0.0021669833783680404,-0.0005433514728279078,-0.003962686224823961,0.0011789189989669406,-0.0007468723567030724,0.002494734341556161,0.0008684240610940795,0.7421142591749788,6.194200251464458e-05,0.00010433607740763935,0.0015527371182407564,-0.0009595241647071924,-0.00025889442303093316,-0.002294907964767053,1.5902681280845904e-05,-0.005684172393847664,0.013179765401798988,0.007610132153801251,0.0014852204500171442,0.00010821078393991913,-0.003544640189024449,0.0027138570586587724,-0.008228996505079071,-0.006054256522661242,0.00011042864239277882,0.07995957791330724,-0.0005076584772571645,-0.00037587710344913657,-0.05483610101307882,0.000693599408664097,-0.3738525377046681,-0.00011480861030752293,0.004063282967741982,0.002783113725486834,0.013155012417685902,-2.031741924906315e-05,0.0005326031575410934,-0.0003778398076653034,-0.0002634404368662068,-0.0035364738185460053,-0.003488244577858861,0.25810171307543933,0.020828946597603742,0.0025298635312018345,-0.002236451884888375,0.000632202113001263,-0.0268777547975651,0.00021958254818932365,-0.0006925892970273655,1.9114305278254695e-05,-0.0007568498635852335,-0.0006738820433700455,-0.00041803825509274806,-0.0013799625927035596,0.013776791389135156,0.002394847628464267,-0.0007686257922413129,0.0011700625273722413,-0.00014153659853595804,0.0010543385674479915,2.38235257415992e-05,-0.000759325122082976,-0.003372817951141088,0.0002607234023978581,-0.004119424791734466,0.06481395510495676,-0.002074827805505301,-0.03613904727913611,-0.004803841042367729,-0.01379968844937955,-0.00043043505837450863,-4.6762415315686244e-06,0.015963491828229048,2.2862145362293612e-05,3.445148111766265e-05,-0.0006805683833242789,0.004344201680380556,-0.005707869378701557,-0.004136923117787502,0.0022130436247703284,0.002710443299609475,-0.0004110411729118335,0.001460949875245754,-0.0067452348491713054,-0.005608628807788269,-0.0022925253273320657,0.019992207616515587,-0.013197688158140146,-2.284515617374523e-05,-0.0016473995215534024,-0.030607799291773968,-0.0011339169207530344,0.0002900709356178279,-0.00011706604816258111,0.000808040229839356,0.00041881211026339495,-0.0005277182831272269,-0.01575186692632982,0.0037163092252781864,-0.0015418531359468546,0.0002775590689119891,0.015511731380506471,0.002973752785966999,-0.000591170643812811,0.0008927821549496841,-0.0046539259901283965,0.021235370449074812,0.0013139295485025202,-0.0021594266995528895,0.015716588013124665,0.0011881977970677907,0.0032940861964392493,-0.003077195737974306,0.0024304667188255608,0.016971822221668036,-0.0003417416163562213,0.001104913163397507,-0.00014575762140142136,-0.018401921040149406,-8.971716885424483e-05,-1.2607231180350236e-05,-0.0006487101998045696,-0.00020595833059829224,0.000975245683508914,-0.0013346577139356287,0.025938634818781628,0.003083390396430349,-0.0010137931432173508,-0.020680728279199204,0.0005700510540922335,-0.0005227829445085741,-0.0011697588669775725,-0.04988157633002441,0.0002456478543906447,1.5148452049680659e-05,0.001979173496916723,0.010674642971627797,-0.00650157964962877,0.0074190605009408815,-0.006513839560638007,-0.00015931597710957396,-0.0016843113472514645,-0.009678296101360815,-0.00997187046195126,-0.0003479572646241161,-0.0007198218669017134,-7.221978450787023e-05,0.002390991335157816,-0.0007634734075634194,4.38445747949533e-05,0.012632808789125982,0.002130262354619146,-4.303493139458988e-05,0.015303283289148975,0.00019890668544746658,-0.0018257477365594757,-0.00377798232033327,0.0014395258542616867,-0.0005728530198456372,0.0045873195688812506,0.04329769830849486,-0.0011946209411473263,-0.004274607374270364,-0.05531047465381592,0.0863083929396536,0.0020726296442842166,-0.00010343577947939924,0.0001804570395438792,0.0001634429657933888,-0.002816433569509557,0.0004969079285471908,0.00014852298849050895,-0.009635268579274799,-0.00025423973228147023,8.439869122259854e-05,-0.0016060885784643772,0.0012154491824040057,0.005822171751728736,0.006200599585208841,0.0010275861560209785,-0.00916528285151753,-0.01093804169978343,0.00016598367068111554,0.10334018140879922,-0.0012912826537795515,0.0003445057243211761,0.055246023355604364,-0.0063585665890638,0.001512027113200516,5.3920202526202676e-05,-0.003642014928358902,-0.0005725702570518422,7.768308346208647e-05,8.776676395936232e-05,-0.00849448105798345,0.020034100077230943,-0.004658381962838947,-0.0008352459988724061,-0.006769400985691447,0.0013581356479401116,0.08930402289909845,-0.0037766744820815004,-0.03057842849983672,0.0020092929168052465,9.02886692934219e-05,0.0031608225118314073,0.002501073977723922,0.009873380795550604,-0.008508106475060211,-0.0005401147142819209,-4.013367760031909e-05,-7.681770604945888e-05,0.0008150862605021401,-0.00011133571966541662,0.0013046766100187797,0.0006938640836480715,-5.0897077321505804e-05,-0.0004987719009582944,0.019671096774109845,0.013812634872831318,-0.012232283250887096,-0.005008503397007633,-1.9394576075453668e-05,0.003977077547308834,-0.012245638326837557,0.0017183974165631906,9.032804463874364e-05,0.00020247755389504003,-0.0006338970556149601,0.0035683577576258573,-0.004087191855479059,-0.004383419090066298,-0.0012054686128212028,-0.003197706895189829,-0.03930620416942577,-0.00017527800378970776,-0.011087914671112255,-0.00197203735988355,0.0006307047137766619,-0.3881455027956186,-0.0008555324424936943,0.00011259305641996768,0.0036293590100769145,-0.0012493799195805073,-0.027252015590051283,-0.0037919127483474076,0.016679091242920222,-0.0020974835715694496,-0.1347828163662703,-0.000692117514762347,0.00011557565402154886,-9.907157445803328e-05,0.03070275741987478,-0.0012858878947527273,0.008261116463779337,-9.600992641508157e-05,0.0005030518060356525,0.005424734729239207,-0.0030560184369038427,0.052853019561875006
209,0.0006374388909442413,4.647831326871042e-05,4.797248961362858e-05,-0.000713171063056886,-0.00046126082058849495,0.006909907292250215,0.0003623756530630644,-0.0028950148705851127,0.0016187005112413715,0.00646265574643327,8.289076848650725e-05,6.538060544505528e-05,0.0008327786884426253,0.07208598839094277,0.00020459612685130098,-0.0013049158443955628,0.002256687412252039,-0.00018494780885005375,5.354463440313505e-05,0.0004233157253407801,0.0006985993618860897,0.00021187935482756045,-0.00022566577310360224,0.0004060738947392215,0.011844409084672788,-0.00307072700735608,-0.005077269516009671,0.00037536207043769665,-0.7760023267256425,-0.005090017966704195,0.11034660252574534,-0.00019230529216477396,2.438982836091598e-05,0.008426835588308573,-7.316565334319902e-05,-0.0005491192774222386,0.00011555977051397326,0.007322320034772227,0.0006186676253177523,-0.0028238359593028995,0.0005656040174813332,-5.7027960873441e-05,-0.015482954640325014,-0.0019275711700861738,0.001144525030359049,0.003235633529068225,0.00046674679965584553,0.0347932349620943,-0.0004302097469397574,0.00035491713943032466,-0.0007747969053960024,1.5941394599348208e-05,8.232310663174557e-05,-0.0010690686695017642,0.0001656450104720042,-0.00036917558387182525,0.0007322261336890385,0.0016517230294204066,0.006367138361714217,-9.08775561520303e-05,0.00015518576025729458,-0.002009302386385317,0.02979653084955695,0.0017748591019975228,1.0951931234542966e-06,-0.005541965338703248,-0.0016713739561241732,0.005223938476296651,0.5072088113229608,-0.002423295636911016,-0.021223642452876293,-0.0004051121928628932,0.012156831229923809,0.005095958553476656,0.0037261556148059562,6.350620776134422e-05,0.0002230474627324952,0.00011804140818896802,-4.181911059238791e-05,-0.0008722477048464551,-0.00012970556384560078,-0.0024991600914594427,-0.0011836028044431048,0.001588680500666421,-9.781058659160628e-05,-0.0009505455033134713,-0.005142793720669947,2.0949886917108473e-05,-0.0005140443406292511,-0.00020709598437124166,5.420786923690003e-05,-0.00010743584489059967,0.00017429108365565708,-0.0005550428512575561,-0.0004441654777802348,0.0001755145106606651,0.0004503712693571761,0.0002788350821506143,-0.00010320861032089845,0.29963524300452826,-0.00030563269644675803,-0.00011160843981269236,-6.371532314832298e-05,0.00010161654750706975,0.00034807653262653587,-0.0024874483011599197,-0.00018610988030165476,-0.011370804416488892,0.00022784422187535278,-0.004102943061709826,0.00015600715459210962,-0.0005051680055376132,-0.006984802713069489,-0.00013671232537107447,-2.9246307746682437e-05,-0.004915116549804684,0.014531150348052602,0.00638337859085744,0.00024483585950572733,0.0005255814294278478,-0.008719821189660165,0.02225637913394101,-0.00047814390617948246,-0.0002577518342086315,-0.00546326549964987,-0.0003185897372910279,0.003853014953358114,0.0020931821819171388,-0.0002030767734405442,-0.003001367589294649,0.012494978471665565,0.0003104678229709232,-5.533359657101597e-05,0.00040696286544779706,-0.001130084299138875,0.00036410402925550825,9.311089639817832e-05,-0.0009063071977594571,-0.0005717525265820472,-0.0014687400378670529,2.3143526335801107e-05,-9.81086846961153e-05,-0.001851793084676521,-9.361610050840079e-06,0.003944771212358045,-0.0014753302208941228,0.0018893863066174214,-0.0009073760196664843,-0.0025179458533645983,-0.007315872246056939,-0.00027769790003119685,0.008159454166047433,0.0005559967469919158,-0.00022486842644340845,0.001000949434023124,-1.5171471121927272e-05,0.001979772980716679,-0.0001235551134057952,0.002243093922847895,-0.0004453541149662416,-0.0014666282053770506,0.00014820912083869826,0.0011024324995265284,9.170046993049394e-05,-0.0021902712710400417,-0.0007746339949230435,0.002087394410755384,-0.005053790270786465,0.0003385062854928088,-0.0011206993735059633,0.00012989500774660337,0.0005400004014136511,0.020150682435243226,0.00031952507994020135,5.047962051910049e-05,0.0011087133477230273,0.00016178486387747725,-0.0016446748437052936,0.0037736884425218767,-0.01167119387032406,0.00010427031920597074,-0.0014061176874915655,-0.00810485979566973,-0.006619937307692583,0.00043522311199134175,-0.00012217551622323297,0.00037966936006804397,-0.00011862221167801418,-0.0005797258979761515,0.00018575195499473396,0.0011543417982351686,0.004520683036379019,2.2967460120773553e-06,0.0018033379864639582,0.00013760991157006977,0.00031696645848833943,-1.0606735514247984e-05,0.0018314230804166369,0.0021567671899524743,0.01669942857776623,0.001004915965874112,0.0006133743442069406,-0.001607031607854706,0.006686225795345682,0.007072755901417507,-0.026270073601950224,5.218921196276788e-05,-0.0003081223249519916,-0.0005820212788125948,-0.0014139328572345354,-0.005675892275752367,-0.0002672608034657159,-0.030400357346599554,0.0010964941448768934,0.00014600447510566827,-0.05687263319589924,-0.00015717008904586084,0.0004440275317004156,0.0008102702449168941,-0.0016384706826530222,0.0025329122544146838,-0.0014030128103031834,6.429350923960273e-05,-0.0042984987650658,-0.00024088133712025736,-0.009880458897584923,-0.016264586703110893,-0.006357891266304571,7.959103077826899e-05,-8.619371173903406e-05,0.00015072791041583974,4.3615847003168444e-05,0.00013137166909992642,-0.0005987447708105768,-0.0015573054378325724,-0.02028171777963953,0.008528344384995248,1.0503251601477748e-05,-0.04598003277501389,-0.008903249633227868,0.0073109975900563645,-0.00031699772111241356,0.0063364595717035985,0.0011115762520219638,-7.855336513178449e-05,-0.0016053564355320564,0.0002975151879882462,-0.04629750693414979,-0.002736442474961168,-0.00019762350116694482,0.00017386350662203232,-9.87490254688128e-05,0.0009592263261968431,-2.3887162650483573e-05,-0.0012651264642856708,-0.0008354924464158985,-0.0011202579886282482,-0.0006609505615345753,0.0018678069096911241,-0.0022222613731689364,0.001397136646583197,-0.0009387725763820021,-0.0005675129721507827,-0.0008129462303783242,0.00928668795571648,0.00012269943429972247,0.00017027040729849195,-0.0010252435242236735,0.00030395812225772045,-0.0010055091825564083,-0.03929588907896693,0.005303104691451393,-0.0006169641439934728,-0.0011708859153823456,0.015921184557005703,0.0001309056673217037,-0.00011368412059917406,-0.00039149696176783016,-0.0005872430211021225,-0.017698834484609585,-0.001093313187383111,-0.00011938030544400569,-0.005765175700061856,2.784585710366959e-05,-0.0006856868539279351,0.00407044052714594,0.0016432487682617788,0.11841966941491089,-0.0058735565492876105,0.008590676512776993,2.2980953318790798e-07,0.00021451003922581466,0.0006397245414040062,-0.0011816435392489263,0.005657428698286306,0.00032027623732697186,0.00015951964650430528,0.0007154780522291419,0.00071478266525301,0.023204585724124614
210,0.0060058267326077355,0.0006319214153782393,-0.00047860344154039905,-4.781749813387824e-05,-0.00024985103776262174,0.025044576829545882,0.0010324223870055655,-0.002061368074854528,0.0025538457056379946,0.0008044176322345058,0.00027789061342475135,-0.00018059942880573228,0.013787361218930046,-0.3271864804292252,-0.0015846927854953272,0.0034951835879527063,-0.004800967547045173,-0.00020421807278808365,-0.00015669729208559607,0.005418180606448506,0.0003210307456190161,-3.340782567185646e-05,-8.301309942610423e-06,0.00046080994281495584,-0.40805532549470674,0.00839543505620638,0.1765046489286002,-0.0011501072206214803,-0.012036580395461696,-0.0003296147124443906,0.2887660876867793,-0.00016427822323531079,2.151732928308385e-05,0.009426016520225238,3.8195635844562315e-05,-0.0009645275568744959,2.833121900869262e-05,0.0057286417117512695,0.00025312171133256775,-0.0193561213632775,-0.0036280027694087294,0.0010473611750514873,-0.015322582191509504,0.0028189489336083937,-0.000605895323486455,-0.0011338500484662055,-0.0012238896744311695,-0.0538461515620155,-0.00046773071684505247,-0.0010608756150056857,-0.0006302638604173683,-0.0037747979866468804,-9.005308480181107e-05,0.0006701413081547855,-0.0004439690646697303,-0.0017342625810419336,0.0021323754351710855,1.0360878125764e-05,0.014017609865347681,4.0623942691830894e-05,0.0007425997636059498,0.006314962651450211,0.016717067596812324,0.005120662180039048,4.418275782430703e-06,-0.019583360747132145,-0.003383267020052886,-0.15449643260598636,0.05869737350672902,-0.0009474028082998194,0.009913666052661243,-0.00026103167493150923,0.014381069434829795,0.02730378051612826,0.0026311555199000462,-4.205359432690042e-05,1.8902655684749012e-05,9.631227673235609e-05,-0.0001263545420066882,0.004787768927304065,0.003333081816337613,-0.02569649416615686,0.010937452864947676,-0.005138493903220961,0.000125960367947508,-0.00012701265077647017,0.08555377473702686,5.937052055716291e-05,0.0002658452692455779,-3.812515707433961e-05,-0.0003245586624857589,-0.001569354649192178,-5.1117194934835464e-05,-0.002941596012728611,0.0001962673232736075,-0.001086489062451743,0.002291133172656277,-0.0017885248251815998,0.00011204148392232605,-0.07758403935560886,-0.00028803379828665557,0.0005863120665747217,-0.0001452990343122247,-8.425649719419337e-05,0.0391692824998867,-0.0030300710277456587,-0.0025360638108226545,-0.0013530505575608102,-0.0007564419844436378,-0.00556147278745108,-0.00021839864712754325,0.00044943744655873315,-0.007704976710194923,0.00034753933849941687,0.00015502897298600923,0.02733303463672922,0.023941417316767855,-0.0031743616640123786,0.0006418500041470744,-0.004054972812994773,0.0043410774802144815,-0.024748700442545773,-0.00035391924321058303,0.0007908176475002224,-0.019627956543586254,0.001995036529524201,0.010382686046877362,-0.005703830664469162,1.9299352093465894e-05,-0.0027603089052196765,0.07359681539574425,0.0003726707427110197,-0.0001825196989870756,0.00024213415211973496,0.0006734147728080899,-0.00018794903823362435,-6.937232221544687e-05,0.0030325237199213826,-0.0014430949793373445,-0.0011638473156236617,-1.5282287796500316e-05,0.0008697452111920377,0.0009455232629528593,0.00023570334084446038,-0.00464507429028644,-0.0005835407286863261,0.01127340032744713,0.0008359780418815379,0.0021183589131791116,0.0007184339525791294,0.00020884876102294538,0.0067552522251272795,0.0004490379604421939,-0.006335601396935498,-0.0006344710673861949,0.003674031367157156,0.0016588830586983534,-7.914713040261048e-05,-0.0012176924341543386,-0.00019990374502998603,0.003308950703626294,-0.0009258639858286222,0.0005014015163300914,-0.00012921431376647363,0.0011983656983491839,0.019547311882910187,0.030192249845296084,0.0007329616057271948,-0.0007014811372445945,-0.00029244415941736407,0.0046944842724956845,-0.001417507696146375,-0.20599020013789435,-0.00043452131311070424,5.53529434979827e-05,0.00460209706320153,-0.0008410490510283766,-0.0008324144191742193,-0.0021995154951619626,0.03421892055921923,0.00011406763255136093,0.0002286579408357129,-0.006786505077146731,-0.020625658523950666,-0.0007936306802351599,0.000989322796807017,0.024037548299833525,-0.0012911838100812534,0.0001701803502101272,0.00040083798239054155,0.0015816392938547315,0.0012011255777418521,-1.3886189516726377e-05,-0.0014929974251491366,1.4678504525730829e-05,0.00045537386610140784,-0.0007902901274553078,-0.004135785287160288,-0.0009998240532365366,-0.012049935980422269,-0.0034788474441553585,-0.0007425749291829278,0.0030590876333486706,0.05275908003353109,-0.003434548793502644,-0.0002684624286933227,0.00029062850729812996,-3.719180095443364e-05,0.0018635220374498191,-0.0008233200159557049,-0.0034144965066948783,0.0004837680009498516,-0.011987000744549753,-0.0012152619808419802,-5.886242981405221e-05,-0.006147664814808078,0.00018643984520080002,-0.0002785711255088054,0.004424823441482623,-0.0015636443374985789,-0.004800046173713636,0.0012023243469396596,-0.00013490800521505017,-0.0676850823321534,-0.0001659410124889392,-0.011375933977178034,0.6291667990561198,-0.001551403594333436,-0.010348648361822643,6.42279953098953e-05,-0.0023584687766272827,0.00022729923372360322,0.00025531418259779753,-0.00030803282837480253,0.018082860461187556,0.2383010947333128,-0.01631117735411539,-0.00020005465933743694,0.00858590963260959,-0.0009958538618178242,0.0029269352152169834,0.0013208830516386275,-0.023045952335686237,0.012651221883509414,6.041130546363682e-07,0.0055319773371540724,-0.0004709070899970073,-0.00040891555144545195,0.0018662743789419468,0.00018757980190545198,-5.0719756109665615e-05,-0.0018177419703122467,0.00016504109173287314,0.00011761182218955613,-0.003228362614810399,-0.0036342533220672917,-0.001049328382624344,-0.0024921752963348288,0.030964684199087517,-0.0023473766420657196,-0.01163013593804825,-0.0021333825445450094,-0.0003905826940051385,-6.142044556793624e-05,-0.0002662064020666276,0.005800783144948065,0.00014057622320133838,-7.313706650950713e-05,1.0664907296120685e-05,-0.006994891719982843,0.004080073579086465,0.004616050094494641,0.00011022031982498535,-0.005131524670818028,-0.0334386034203547,-0.002950306273101052,-0.0011560700505641236,-2.208748124134241e-05,5.4419224499700075e-05,0.04207910722947236,-0.0011695224019484928,6.350306559256905e-05,0.004641832123397881,0.00018492629676265457,-0.008983074191650814,-0.13416078332007964,-0.005043278779767209,-0.0032593292883684438,-0.08147843900567715,0.0011998175761929672,9.702503400617693e-05,0.0005713064461493889,-0.006889184380337112,0.0002128241294456039,0.01806073776141774,1.4468539205114705e-05,0.00034774221096864344,0.0009924360592247147,-0.0025535701060879082,0.12745492303027295
211,0.0007859398130648775,0.0005105846752668092,2.2078142612882903e-05,-0.0003240636309085319,-0.0007984923212451269,0.05099726651689496,-0.00653738956634014,0.004101499407371281,0.001117293740801306,-0.00423368815402054,0.00035971040996230527,4.917847718447876e-05,-0.0033301135045211558,-0.2936967771810953,-0.0028174064484335053,6.528693672844905e-05,0.011325392283203898,-0.0001431747216316605,-8.237730170034853e-05,0.0019624202647565525,-0.0012692432843562178,-0.00022694213162028384,0.00011165751767917243,-0.0004060723621356388,0.20404220388301636,0.008002856175815507,-0.09800437027037326,0.002935593543660717,-0.04059435250601529,0.002297537718901677,0.5622948503575642,0.0015486415291939156,-7.994041585837521e-06,0.027076745315532377,0.0003209146949727307,6.854303436810982e-06,0.00016415925814766696,0.00910042040027293,0.00010479736201508133,0.005300121085937118,-0.0020425253054911566,0.0001064766890717106,-0.01708854796525357,0.006818137722849485,-0.0017723626142939694,0.0017052419246903813,-0.0024844060094079967,-0.014586230254924462,-0.00036033279638353517,-0.0005176182016115426,-0.0014550524450338276,-0.003470791992321717,0.00019759146317203935,0.0006257291571664242,-0.00045059267521384457,-5.4794330214814196e-05,-0.0012710316798468999,0.002551731294621655,0.012693213689534152,-3.2894517985632143e-05,0.0006407663186478165,0.005038345747718159,0.08429905044786265,0.005865233217673401,6.57458336976377e-05,-0.01882554839681984,-0.001640756752111813,0.08499825844031729,-0.3909321720113869,-0.0017828469155074522,0.015429789545770132,-0.0014468919406877845,-0.02179461010210972,0.047418765821655814,0.002785602064113848,-8.81184936431835e-05,0.0003205367804309106,0.00015056636965693482,4.443265859425255e-05,0.008765351313933458,0.0025212491497169595,-0.014876537729632124,0.0006670163346915864,-0.010353763334643901,0.0007942690180975896,-0.00041898796872587296,-0.016076457749521593,0.00021081860256326468,5.9761589385291195e-05,2.6271274567085667e-05,-0.0017794672511039478,-0.0011679255780383787,-9.15206567458568e-05,-0.00393817883852253,0.006727254009375407,-0.00169125683298991,0.0020707283582371413,-0.0030191351784135713,0.0004051204528507102,0.3726441174092494,-5.3432607891014394e-05,-0.00011391804931211273,0.00036255266067536374,-0.0007818114324561129,-0.011710453585543346,0.014180206853554957,-0.0028895743574815363,0.00038612566830067627,-0.002424772502436577,-0.0016461927612895868,5.177845585344065e-05,-0.0004012385378911413,0.018086789360560716,0.0005263952065554522,0.0001604940061155219,0.027076293690795387,-0.01103818456375438,0.00019774658386951128,0.004001247293538139,-0.004260026644472003,-0.006660497220323321,-0.026238549446983554,-0.0018258624615042898,0.0011145308022705337,0.006468718677474634,0.0010827802797118216,0.012306935849007217,0.007147758424809128,-0.00010345358869429805,-0.007274333013609862,0.15321308399345807,0.0010447632996446715,-0.0001906383430252817,0.00029770722861551663,-0.001455254083579681,1.7683136085491075e-05,0.00040727461942474067,0.004502672607211641,-1.0610001437851013e-05,-0.0035899868452147765,0.00021704282085882598,0.018272225704806404,-0.00011829022403737834,0.00047966802198147305,0.001121181685180825,-0.0017566432999896707,0.006403188389607895,0.0004921565091181718,-0.003342620024899448,0.01955307999166973,-0.00040202616159629515,0.05437420567595179,0.006735166369466089,-0.0008807843486921679,0.0003616948754250268,-0.00168559514459086,0.003314258819826617,-0.0002742379597293343,-0.009337582038615705,-0.0004957452969000589,0.0028875582767022463,-9.878830722324125e-05,0.0012280684222988874,-0.00013181508217701213,0.002370959536624199,0.05219654289909405,-0.01675954534615792,0.00012334290125269598,-0.0022257525358301902,-0.005367941793413329,-0.0002677779037888739,0.0002642305059310096,-0.16717851503769893,0.00032194360141393763,7.156399054675244e-05,0.0033365090670893155,-0.00138805896964973,-0.0013770176501611744,-0.004258007080672241,0.021073114119019843,0.00012950960143111312,-0.0009917675609034341,-0.009430554669463912,-0.04394704982133012,-0.0008319871660370333,0.0006446887313737576,-0.006877514339250964,-0.0029454378605356327,0.0008047270101682619,0.0006640561974939861,0.0017540061752452615,0.006910271603677768,6.00619393271995e-06,-0.004193063442363212,-3.5409262823027365e-05,0.0003736256639097005,0.00286174109007386,-0.0003844240657254784,0.00994128363578255,-0.0005898982320228763,-0.0014520688317669617,-0.0013148732705806424,0.002179607003455846,-0.02759841600184454,0.0026629040230081256,0.01474358482286921,0.0003089069801051614,-0.00034196471032830675,0.004114875358713644,-0.0016011225937315626,-0.0007933267026832974,0.0006616363723115914,-0.014717812595404813,-0.002505240137392792,-5.52001131950558e-05,0.015843953283304464,8.394270487682926e-05,-0.0016782547553223295,-0.0008033381189510025,-0.0036926831162103595,0.00032639019955487715,-0.00017655933918182083,-0.00028961924760826513,-0.013348810345287607,-0.0013695515457594078,-0.019269026823093775,-0.3124717739725418,-0.015059268693982473,-0.007713671915074416,-0.00041593443988984305,0.0017120768004262091,0.00015393922541553397,-0.00014352614344956272,-0.0003507455755787335,-0.00357000874585179,0.18162451509888575,-0.016441448047382914,-7.829748085474292e-05,-0.04944585303111411,0.0037700937296939706,-0.000650354620941266,1.54788611746344e-05,-0.060343937308335927,0.015644381104469647,9.065208163221844e-06,0.0035838890913806884,-2.541977770487879e-05,-0.07683666922611873,0.0007353073416472029,9.28125524311818e-06,-2.181525310394894e-05,-0.0008789029337997589,0.0001912106623628623,0.000388730989630659,-0.004679205077264061,-0.005568324017555272,-0.001898256168708437,-0.0034286903530534873,0.050227663394405014,0.019363112939600288,0.01373627099438762,-0.004787857787885243,-0.00046879557428585513,-0.0016957354129183144,-8.0925731554713e-05,0.0009845597717450041,0.0007918209608732685,-0.0012690804006329432,-0.00019749205420210554,-0.011993701890178017,-0.021216086081653797,0.004607076192785189,0.0007522160427335073,0.0021037165648837486,-0.01832791167639906,0.0011010220531643827,-0.0037117592617224165,-0.0007241105950529271,0.001143217226657103,0.003304085663652521,-0.002251827346789092,0.00015730033948396435,-0.008632458931990553,-7.358288195479998e-05,-0.024066061214737755,0.07066427099231681,0.0038251842608759664,0.005707828249118868,0.011371349817493728,0.005290452963665565,-0.0001093310869864578,0.0001017042277779781,-0.0063771552473213915,-0.00021969125349544094,0.03278741883852293,3.35510122522753e-05,7.769870497357362e-05,0.00039527788443373315,0.006664491764304899,0.09779033219033695
212,0.004098032497018885,0.00033760924061147085,-8.828697707308729e-05,0.00017626222632786612,8.483359800771917e-05,0.023832456338402537,-0.016336770458868104,-0.007472627205178551,0.0030640454755146685,0.007026108669778971,-2.553654820776352e-06,-0.00018470869597510785,0.0035036682024685165,-0.08084838210045682,-0.001092542324251114,0.0010355235593957537,0.0041849814203087695,-0.00016950275585648003,-0.0007158224003060917,0.0034966934963577053,0.0012499086808199604,8.207373440951692e-05,-0.00035495676829117354,-0.0011422501952458013,0.18686647391452188,0.0009322815884420486,-0.06021739442349995,0.002565241553382922,0.12172878438849365,-0.0017988537749257013,0.35945804399021486,8.960539558396617e-05,8.184580485808696e-05,0.013808487103669324,8.724452199385807e-05,-0.0010024465169667617,7.226782818292588e-05,0.004215670750956467,-5.256089575716993e-06,0.018546027360109345,0.001141743073427343,-2.8867944806234246e-05,-0.01893169863949987,0.008072949602314871,0.0006934246538208202,-0.009543291775162274,-0.0016641680930426003,0.026494054970779557,7.357459601011959e-05,-0.0006525374922200199,-0.0002705487680859371,5.744714980118748e-06,7.904341039193137e-05,0.0001537120393894989,-0.0006846855789741039,-0.0018463536204341054,0.0011695204382369748,0.0016989129458050692,0.015579754085027379,0.00011812805878599897,0.0011351710004439313,0.004158219657479588,0.0016928061849140067,0.0032079602490228615,2.478905374158659e-05,-0.025614301927514606,-0.002223767503360722,0.07531577481336474,0.4950158730542866,0.001252854609125817,0.030525716798721094,-0.0002987547923055282,0.06482363931343317,0.025540679588466956,0.006940850245680839,-9.156101230317452e-05,-0.00012782628924009817,1.5436852779535104e-05,0.00021420931343157576,0.0008914822684778188,0.0007574015330294088,0.012055167961062442,0.004646813661353277,-0.0032216688156960407,0.00015921371265363408,-4.008040079700112e-05,0.026223286980195736,9.211726758119555e-05,0.00032215131251969427,-2.4774524373105677e-05,-0.0006709722024362509,-0.000784744582659907,-0.0003607226803932738,-0.004437739498644483,0.003242422721923697,0.0008447898927297793,0.0012512716759523848,-0.0017348304154672645,0.00033498605673129567,-0.6199842850095061,-0.00037921979041512927,0.0002964756965243426,-0.0005373586419543039,-0.0005137405451757227,0.011774753502272596,0.0063447254589415435,-0.001626254767303284,-0.002847832038053829,-0.0014715420646243208,-0.00776813320583727,-0.00017684029831370462,0.00014544202779464242,0.02483925589650062,-0.00014766185566925105,4.567050979732701e-05,0.0177339982098939,0.00595669528233393,-0.006597678286926841,0.0012128265632200238,-0.001642287606956129,0.017534399280677217,-0.05301212108242078,-0.001195184317104448,0.0005429236701278892,-0.00803988057490021,-0.00041126806612100386,0.010925656046986743,0.002640242780618177,5.8532398663560525e-05,4.166767408126347e-05,0.05699434325235059,-0.0001673031906893863,-4.032475678040007e-05,-0.00017390616690512659,0.0024880567448221577,-0.0006919487768345355,0.0003507270075394002,-0.0020029073330278743,-0.00012841646599606044,-0.0010948123435297157,-0.0003940233988159944,0.009194524321766023,-0.0038204263623507063,0.000193802057242694,0.004261207457922069,-0.002020783592544522,0.0007838535999663951,0.0005861590204877865,-0.006626294254896958,0.011967291161719443,-0.0004454052229307002,0.0452768753489201,0.002267088604595677,0.001630512486600747,0.004259238408584488,-0.0019227392133338685,0.002855554598373368,7.202049818956328e-05,0.0015134598556078424,-0.00026155051288214576,0.0015106491226618765,0.0008615398755697659,0.0010545633258646284,-6.263875848838522e-05,0.0007141553474439314,0.023937538607746087,-0.01117208403171007,-0.0026498355002309917,-4.983475446054472e-05,-0.00018301318822275953,0.002162039597513564,0.0012867805257414516,-0.13712466675781312,-0.0016268696258013547,-6.634096485091945e-05,0.003362853356559872,0.003960144496111064,0.0014010885236957482,-0.0022951500520243077,0.004654402829008237,2.4314828564873936e-05,0.00024199696072676677,-0.009816951125605046,-0.027632439508013844,-0.0017322105770296893,0.0008417948409910475,0.007230936316902695,-0.0020967100010527324,-0.0007728862053090427,0.0006318375774121317,-0.0036524444307464987,0.003236129162211049,4.5990004200646e-05,0.0018695133180997234,8.699460864940167e-05,0.0006560202521034876,-0.0010618286333738429,0.005793454406822683,-0.012773203224630351,-0.018733033800445883,0.0022191304961348655,-0.0016629053284800688,0.0006883692504887681,0.004185877891878419,0.0003828545010447727,-0.016073160708216495,-0.00011203331089245511,-0.0002040525967528621,0.0011923937441898841,-0.0002620758493327653,-0.002022014474817261,0.00033478127132308133,-0.025580154462656154,0.0016882244516124786,-4.1027176201739735e-05,-0.025294596448354127,0.0004378337441605122,-0.0008889749917596196,-0.000786768286739653,0.0007146992079386056,-0.0036138303944606674,0.00042626331441413586,-0.0001706333418967365,0.01442559718787493,0.00029613114480738043,-0.008663172874306027,-0.2889649274349722,0.0006237794907836686,-0.006802504096282573,-0.00030112762638882795,0.0023031339730253736,0.00018818529028068708,-0.00020180271407157363,-0.0012479302514599132,0.006500551277163247,0.09980452231457489,-0.00532626748899897,-0.0001219839333345058,0.08695561190649388,-0.003761538213600991,-0.005789392692919905,0.00025050318925391637,-0.0474598257534558,0.007939038058652441,6.526051602866526e-05,0.0024235495686193735,-0.0003326620523575046,0.10696948177414214,0.00351406923855031,-0.00011719226316651843,4.25159263510444e-06,-0.00040231954732670994,0.00104662456214667,0.0001582180907403058,-0.0024526341924690446,-0.0014844101493550563,-0.0011894188549254475,-0.0021899664767591562,0.022558550315434737,0.005616562977957991,0.00538044325945523,-0.0010367677046699275,-0.0007675066279743824,-0.0010111270785600687,0.0028562407274488593,-0.0012860907541407634,0.0009202167663311563,0.0007672852351653832,-0.0005659609390905339,-0.006308668251934418,0.03092895246660102,0.004166701286883228,0.0001737888322093325,0.00040792637661311485,-0.01468833694958078,-0.0007025340435166637,8.704004115754442e-05,-0.00019853199530133273,-0.001085548158351212,-0.021259695755805656,-0.0004464738390790998,3.1775687142632236e-05,-0.002560179915717401,0.00010626298082343395,-0.017034559053031476,0.058939734167096344,0.0007800761421915044,-0.03207441990046252,-0.06401715049982279,-0.0014312271142692765,-1.7808677459462893e-05,-6.596714911848156e-05,-0.009529193158807852,-0.0003345729884519713,0.02125640810269525,9.644838360842872e-05,0.0005448579422928104,0.003147942153773473,0.004678181150418501,0.07337830295535108
213,0.0033304744892506373,-0.0007558192388065696,-8.700871003518816e-05,-0.0005622376721836145,-0.0012432517101718596,0.03540407990666383,0.006553598640584089,-0.00016191774351847783,-0.005821495231851641,0.0010847552334387273,-0.00025980288348372623,0.00039951664283657644,-0.00042476617943187044,0.36769810198526776,-0.0021822215560464344,-0.004463453152559877,0.00960936092146646,-0.000626965186334566,-0.0002721514487315363,0.002852138698374602,-0.0018213302543025403,-0.00011412182480458749,-0.00010647390456627729,0.0027267220164187735,-0.10070134632305097,-0.0008254211108259871,0.004635227785790078,0.0007589430436241509,0.08433495182753975,0.0008172423006640051,0.5734566740422858,-0.0025246711336805155,-0.00029381950055135976,0.030268709274590813,-0.00023320495538546593,-0.00046357008256921184,0.0001236735132196798,0.0015671594913311713,6.918062463259073e-05,0.028664738173264637,0.011065464305470564,-0.0014586805480397303,-0.010106949396812913,0.0035861286240612485,-0.00021486373474800813,-0.0026500960334170653,-0.0022928509304330057,0.01931820906676701,-0.001962921161606443,-0.0002664401667024571,-0.0014178257009969126,0.005699868515632447,0.0001555871027119765,0.0008282436624073184,0.00036930281942020027,-0.0014690845054195281,9.863470248405726e-05,0.001581882290588442,-0.001287498674539365,0.00026071660407397945,-0.004763533403493491,-0.010992896717830764,0.08107495239621128,0.005439573406499755,0.00011217310505465608,-0.028996967120018785,0.009842968597804883,-0.03208956272154458,-0.047997111184725584,-1.5249417428808698e-07,-0.027170853438305363,-0.0014021194399014593,0.020807716984956745,-0.14645811100825948,-0.002711872532751146,4.75971856590332e-05,5.1870002868157836e-05,0.00041427167066820925,0.0006085485594273382,0.0015425749579156952,-0.006994004259341914,0.019258889218109955,-0.029414509546367297,-0.007423795360722825,-0.006047115378438835,-0.0006294811935129568,0.0040558575796250385,0.00022439591165111187,0.00011398164666208323,0.0003138526468469127,-0.003609557932460866,0.002156720411322479,0.0004377133485357204,-0.004276198755713917,0.003425811438021521,0.007277213199851135,-0.00480770595447795,-0.0013621214525971967,0.000294141713802141,-0.023721675340816015,0.00033624434435559555,-0.0001784795074929943,0.0009826177414508624,-0.0006032822322402168,-0.001513754829947228,0.009736003824826988,-0.0010177469978486058,0.00928220581639876,-0.0012401253826095377,0.03150362738746176,-0.00018942355437922068,-0.00026734240557937103,-0.009314169827172085,-0.00042569815450213544,-6.799087763898967e-05,-0.0065235295413405645,-0.001712029714765299,0.013616969922344603,0.003424633109171314,-0.00021457752364728404,-0.0001734881840601589,-0.034901388887254296,-0.0013935088978433829,-0.00292057317529952,0.016399184216123835,1.349363129646286e-05,-0.015841571053331466,0.007836360168453013,0.000114360493690931,-0.0035709758549163535,0.11533433994141512,0.0001790363018777056,5.399659166530069e-06,-0.00021758091713082982,-0.0018844607637111509,0.0012817071609811138,-0.0002559753715375805,-0.0003857840190484574,0.005110605452956628,-0.003548988964838448,0.0003412435735184599,-0.033247699371177636,-0.0017571263854327412,-0.0010122920313529577,0.02267225567874164,-0.0037307808492671943,-0.0012513156561786622,-0.002687370038046042,-0.012209548240172879,0.01875216079042085,0.0008958419792093157,-0.030642132409990065,0.0020783120125579535,-0.003479155901353664,0.0016925836983341744,0.0006468524225450303,0.0016532227346215522,-3.99064773937358e-05,0.0007312887167882714,-0.00017641056501077612,-0.0005176540296055322,0.0012860329603337412,-0.0030673972611249974,-0.0002120194471346426,0.0025874756735925954,0.005552695450935199,-0.010441689255164317,-0.004258007403679003,-0.0008861161354615822,-0.0015674502094092336,0.0015526292256390004,0.0002747461726479994,0.47041313675997315,-0.0011500347881146789,-0.00017155361432264014,-0.005135040644866536,-0.00023831394839074824,0.0027365130029976623,-0.0023594076017225806,-0.05632439691478586,7.186839459938366e-06,0.000622595765435132,-0.010213486029368366,-0.007416194675860429,-0.0009943560835737747,-0.002001130511150244,0.0005214124766320218,-0.003956920433521353,0.0006833110906167899,0.0008747496720799691,-0.0039014117240374086,-0.0007915693009832763,0.000128672090810647,0.001354237892808266,6.799205176101497e-05,-0.00013415713103744065,-0.00028568196562477315,0.00010737165518472265,0.002914060982212332,-0.00843924469489661,0.0008148478038941167,-0.001898732158878702,-0.0028212188350672236,-0.005665023782817077,-0.000536496652195264,0.0020369653259122303,-0.0001807601413535559,-0.0003033605468465775,-0.0021924170469735556,-0.005250361686421282,0.009380329216092406,-0.0007888635621342149,-0.006621049941453936,-0.001878714206286559,0.00020773115380037094,0.008966014596022467,6.64381287895097e-05,0.004220145109747914,0.0015094310176219927,-0.0023972232752890593,0.00551715634859763,-0.0014607741127475402,-3.932564056830651e-05,0.007826328589752025,-0.0002857621730919704,-0.024910958762184084,0.1763029567637024,-0.01266255141269847,0.056101271256344884,-0.0001325616032139057,-0.0013929441982552158,-0.00025385987981262764,-0.0005289078812662027,-0.0011813819179167986,-0.002386535615480293,-0.29481855150339237,0.022697360138540623,-0.0010146267196443938,0.0022418212672010458,-0.0003953473164195753,0.010853951688288937,-0.0005899241844181946,-0.07429261598983129,-0.004276201089345995,0.00010431261202124235,-0.002741898372890176,0.0004624896781213865,0.01694496685189277,-0.0017687097591210107,-0.0005264226805083566,8.719543664716459e-05,0.003519763953641099,-0.001447500152799687,-0.0009561447136438132,-0.003183660770081552,0.0011573717579849902,-0.002159344196882641,0.005511623117881079,0.020905758884810097,0.008122768231195968,-0.009744423755038752,-0.00036728071416149144,-0.0005792298296679599,-0.0036645316228646613,0.004512334818798937,-0.00228260454521922,0.0019015399015603178,-8.783316666205812e-05,-0.0008781892138326969,0.03813978276488881,0.008662907344539904,0.010874969370540645,0.0026504971155762373,0.009655373693843809,0.06364063824246921,-1.0901886742749334e-05,-0.0013286278334070402,-0.0002333040993724965,0.00041056018597973674,-0.005837512496550294,-0.0017972084339786729,-0.0003622774849279739,-0.035260572990842336,0.0010103477629928212,-0.008857398071166476,-0.026976667538060682,0.006809860493836318,-0.013099344936513142,0.0010402596028923627,0.002083794881108599,-0.0006748322898692885,-0.0010744676566425762,-0.006354422202811433,-0.002003698889732071,0.028316901519557687,0.00032267797740290205,0.000998859100049286,0.0017086239962379457,0.001477786368798889,-0.3094901009517958
214,0.03251921286512048,1.0615815176917565e-06,5.8169794719009627e-05,0.0001366869472447102,0.0002448577558731846,-0.01812744647928667,0.01748083943169655,-0.0007783184501304989,-0.0005342146793425873,-0.0011409822008722004,-0.00030495861693539267,-0.0011451453806427536,0.06271227662379153,0.06316583005932405,-0.00026976515789257915,0.012685642018460341,-0.023821885732775466,-0.0008234777911000357,0.00023792967806614274,0.022341814142488856,-0.0014192448705442479,0.0004136838138208282,-0.0002431338672316402,-6.403531805125942e-05,0.032899193409472866,2.5449683432890446e-05,-0.006727487983835531,-0.00023775530660681554,-0.019959015608461708,-0.0009159792970651892,-0.026859548626526675,0.002836196123504789,-8.477961485371666e-05,-0.01000545307776013,-0.00014125636390235658,0.0015559577991155404,0.00019931207499736432,0.01894086271604873,-0.00023914559864313296,-0.0653685606002351,-0.00033006158206892646,0.00020261005305199085,-0.014162787674540628,0.01274246832171483,0.0009127886468461958,-0.000427829491532672,-0.002039632035487447,-0.08609473536259117,0.00013841480994063356,0.001316798964160764,-0.0013075558727586546,-0.0004936799183631687,-0.0005545314029806779,0.0013408126610131767,2.762912525965458e-05,-0.005281961606987414,0.011471563899129386,-0.000786383210948146,0.0048276493360869316,1.3927455975320385e-05,0.012563540813429499,0.005226402748972803,-0.0682022029408705,0.007315717023778979,0.00033157906996048384,-0.01944247209017491,0.0012621011797785556,0.01965886281204248,-0.05817286728247967,0.00013806182621029536,-0.0006051804723097645,0.0005875428838564298,0.01350166803651678,0.26932168296917824,-0.013929721280210468,3.6819140217679916e-05,0.000511782698232393,0.0005040357593623646,0.000131072481165245,-0.002908123182186235,0.010210679954440766,0.008784283754047585,0.13883746450471776,0.0008024961847708931,0.005306625109890411,-0.00039480678436212054,0.4749581927266862,-0.0003183732816466364,0.0009008480766562142,0.0001272874773703466,-0.00111614374335255,-3.703488112732911e-05,-0.0007946290747606524,-0.004553102183561457,-0.0011359957346958223,-0.011210353170058893,0.010844655663342138,-0.0006551855358127561,0.00019884171542348256,0.055351677968986705,-0.0001824169310456682,-4.260861416819587e-05,-0.0029428729520726035,-0.0006968576066031188,0.19611414158360468,-0.016781651681325064,0.0014996965188084949,0.0036172699341842536,-0.00054354170271439,0.006377775639005295,0.00011854924650051089,-0.0016233440092933281,0.03759806764906855,0.0003884561729615658,-9.40119989181927e-05,0.0068584805836365975,0.010244380252890792,-0.013597910775113548,-0.0027120041760672177,-0.0031500519926868503,0.0009928127551167426,-0.0025598411527731468,-0.0008868574528296982,0.0002521668958862435,-0.04769936237857248,8.713791494601407e-05,0.00664344036926084,-0.04270702099492286,-0.00016236338477627205,-0.0012523583196092456,0.05991610256310794,0.0011211693166058184,0.00042321377688898975,-0.0004047567059020608,-0.0007649386271524668,-0.001145862472434779,0.00031736689594447304,-0.00022131026962087658,-0.0050843161585531005,-0.0004479817265620519,0.0006481003385625482,0.07762409073818508,-0.005143871254162317,-0.00022541241292410428,0.00400620843838816,-0.0030360951588549075,0.0052070273046009845,0.000813384229213441,0.011112510218549393,-0.001145123223944596,-0.0003025054604577325,0.012950838675942959,-0.0064868198311570004,0.0041921364348516624,0.009646891485250044,0.0007954693668002153,0.0013447865803804969,-0.0005657044098832906,0.01134010257813254,0.0003834269693004646,-0.0008926451621092783,-0.0001925220917970013,0.005302596639951933,0.00030211586374143985,0.002861361898764487,-0.0048879275849104285,0.049341633179139394,-0.0012256537773644507,0.00010892072278083711,-0.0004451959746403463,0.02648102492016057,-0.005208840490753281,0.08335443345727318,0.0008213542414833032,0.0005052608990997395,-0.0023151271710314053,0.001481627028424364,-0.010631291501933466,0.0004438055558251639,-0.015813507709081166,-7.555161946604105e-05,-0.0008493409142473645,0.00027412674017604846,0.012546363254605699,-0.0022411311410250982,-0.0007278343975809752,0.12501209283076475,-0.0021450837029432686,-0.0001244526429221831,-0.00011895743976565515,0.002687486800541178,0.003179998710241747,0.00019820773621018238,-0.004880974473244395,-0.00016285652287468047,2.034074591377409e-05,-0.0025536657665849566,0.005987260202518075,0.0020651635763252697,0.0009084456553493693,-0.005564695674731654,0.00021952023365259116,0.001485554684650797,0.13887951459976416,-0.0009434136624400184,0.002366784411880996,0.00011885501926329253,-1.823706725128261e-05,0.003495913577266272,-0.0013281235817906411,0.00191781711738921,-0.0005741806725167165,-0.002696157311396349,-0.0004856246300454208,-6.708144545583723e-05,-0.00038288691454195045,0.0016417113332844757,-0.007464676863245078,0.01590363036578707,-0.00014453447001071002,-0.008761158825995248,0.0016774306400562696,0.00010979016251177337,0.18434893540943165,-0.0001636213045002377,0.001417244517393495,-0.05447533525853991,-0.010438316610978007,-0.1510184484697551,-0.0005539944292276198,-0.0009370822633131585,0.000533768529444514,0.0008400271101897045,-0.00066670391517928,0.08440918768189687,-0.10965311697529523,-0.006525830871857015,0.00013375630874989396,-0.007340465066965169,-0.0008222232817865285,-0.002140797448365244,0.004865945436451508,-0.01088254927039179,-0.004280438807279228,-2.119403449551971e-05,-0.012973889041201466,-0.0012149810421814007,0.05603031559422013,0.002523700452484017,0.0001316412673263807,3.590662940018523e-05,-0.0006508605824191913,-0.0005536448472311878,0.002009360545348853,-0.0011949748956895422,-0.00037405962312464297,-0.00026987945136490964,0.00014448567034830006,0.06679510846394413,0.010114543390220665,-0.02164196649840054,0.0012506326145462782,-0.00010301761011944017,-0.0008202094094155667,0.0069109950793538755,0.0015374637355882546,-0.002123109830182013,-1.4492764848429013e-05,-1.1481552120818283e-05,-0.061506964165539385,-0.005256766087958535,-0.006199060830852114,0.0012111731470841082,-0.02019403967705343,-0.2778533815358397,-0.011615657585865182,-0.0009158662117697202,0.00016210592152337243,-0.0005429412377415627,0.06398321922522604,-0.0003990422075887916,-0.00012003851291182786,0.01581121332577733,0.00043875361287842255,-0.0011088832959380707,0.009872970266300782,0.004043783763541805,-0.0025768662060609397,-0.6064627793987188,-0.0010486626426735983,-4.353213885245014e-05,-0.00019192950928526194,-0.010479918959732257,0.00040109248967754377,0.007143862046516351,2.182727928150968e-05,3.3711809546711964e-05,-0.0007541868344659204,-9.902934035927596e-06,-0.030013352040446608
215,-0.009520020305592678,-3.7348478318904865e-05,0.00012628114534799298,-0.00023127393523493175,0.000867658211342142,0.009965623024596425,-0.009634270361226606,2.9795809664383277e-05,0.0012554001021496015,-0.00041334753859869125,-5.5017776158116163e-05,-0.0016887673889930278,-0.019397304368677957,0.26465394304969314,2.5928662081998316e-05,-0.0067481786623464525,0.008582847334138603,-0.001020121924674676,0.0011049765272083817,-0.006024772117460494,8.162156552128652e-05,0.00023886948715572467,-0.0018433454418386131,-0.0016951927132517622,-0.03915067667483152,-0.007343877310643811,0.011051645274360786,0.004819461930409816,0.035056357236313666,0.0008990704202501767,0.08346482962688236,0.0036106594801919266,-7.473961378856933e-05,0.012764988863195898,-0.0003175232840123953,-9.728597889184856e-06,0.0001196078100912934,-0.005065269112838335,-8.299754495474498e-05,0.036538202414881024,-0.005453621913852387,0.00035745386731159123,-0.016519790465900103,-0.0068192734513607845,-0.00010344374043780302,0.00460623068599368,0.001104943358564401,0.04481689262528288,0.0007332483088646753,0.004456630435270163,0.0006636030260293024,0.0013407178172012036,-0.0013336051777774229,0.0048716806512454115,-5.348072732795639e-05,0.000997263645064441,-0.0035910932480590282,0.0006589312206487573,-0.0039541133298366055,0.0002474598856494238,0.017201207054727462,0.0040480713805041086,0.04223410369105081,0.0006895111946174367,0.00014082863906944576,-0.04818587233073038,-0.00290115051802533,-0.017760369046491035,-0.015496774992675804,6.864522835550377e-05,0.058206635866120876,-4.5989946198607065e-05,-0.0011248284955930762,0.7377831522986724,0.019117602736961975,-6.841969064006262e-05,-0.0005493749071715827,0.0002704540916529201,-0.00012000087773107737,0.0008452521520832235,0.018301051063593535,-0.00571120912945119,-0.06909173434776335,-0.0024921664007556076,0.030087550996513023,0.0005414022960199792,-0.14317038654763026,-0.00031047164074553615,-0.00010308376997441204,1.0264243253017835e-05,0.0009160013204465323,0.0016230840030787737,-0.0012286426461591282,0.0014993300850801618,-0.0006068753405958673,-0.049609210868748706,0.034740524026848865,-0.0034486486111336284,-8.004416174664519e-05,-0.005709715829060676,-0.00017897705684702045,-0.00044775187514539336,-0.0006060293360208614,-0.0005814383752603611,-0.06289050052751932,0.006138657904982527,0.00034831111194779003,0.008546346061984554,-0.002528582407506707,-0.006874114996258402,0.00019623020686510353,-0.0006384315306013836,-0.021067201530948054,-0.00033571683606978264,-7.074161445156518e-05,-0.020632931634885,0.015837271481453512,0.0573977998534083,0.0006267358410351025,0.002929438860710325,-0.0006595000438315427,-0.0014697455138593365,-0.0005937170406048059,0.007713079121801169,0.020145141393572888,-0.0012188077826621527,-0.007896342984305688,0.01634197612547168,-9.97678800268055e-05,0.0005785276120998609,-0.007583607414026479,0.000987476184947609,0.0008619150899500348,-0.0015278975399571426,-0.0012794535228622967,-0.005600299583830985,0.0001392412877752186,-0.001500525636125627,-0.013564046671419347,0.0003855893123930424,-6.91827765037633e-05,-0.03267186374781547,-0.008955294699673272,0.0017729050398497047,0.010153500287703397,0.0003756099838332187,-0.005409871393100497,0.0002242607927383485,-0.0018523011969453261,-0.003663297594020116,-0.000659383522957416,-0.015480073140074714,0.0013661838984050214,-0.001534586095703694,-0.00010848266651656592,0.003437723587806346,0.002862717156995877,0.00010058227103649196,0.008556323062972514,9.214181581058013e-05,6.494550918084707e-06,2.4537805609417703e-05,0.017151376799259616,0.0007814565082405051,-0.0011243643664860404,-0.0012557488275234873,-0.024028086318516516,-0.002170450429000414,-0.0029370576101535725,0.002525729091738791,-0.008646389657676709,0.00039725091505264654,-0.10236650448521858,-0.0015779095771093904,0.001232440097070825,-0.00418607210982926,0.0023723570200513016,-0.011780749588675376,-0.0027855067292065407,-0.022173709715202883,8.547543744891889e-05,-0.0005122220401719826,-0.014870354038550724,0.001018661503883115,0.0008543632006225085,0.00040950004284792153,-0.03755140877469942,-0.004246367834497075,0.0003326093052786398,-4.382410420709893e-05,0.002431278256283825,-0.0026385854525790243,-9.615974945022688e-05,-0.0031509641251002106,0.0002736947159848596,0.0017666595344272631,-7.284657886868356e-05,-0.003593358712701814,0.0019164471704566626,0.006445732470310321,0.0012273957241446254,-0.000493069387276196,0.0031903463587752297,-0.046684983638539984,0.006104933671969829,0.0018768023230828807,-9.923204379795256e-05,-0.0012413095000512013,0.001177450991383151,0.009296735405992398,0.002294007984373569,0.00018035136427250673,-0.0007614516823535259,-0.00037762589965856155,1.2849405290036447e-05,-0.003296912392454449,0.0024377699856150065,-0.021470406962555644,-0.0060129971220144116,-0.00044338118705495796,0.006191365121320082,0.003428896095229053,0.0009462393842621791,-0.05230230825354623,0.0002129168493538283,0.006673156621637979,0.06743504322966958,-0.008442303110861537,-0.44154019526564725,-0.0003001587795745213,0.0001530650240144357,0.0018643888142661005,0.004356009581410629,0.0020873461747034413,-0.029968140129271834,-0.071545911159692,0.021067744998595164,0.0002902026897120113,0.01010806095693793,0.00017276093397118955,-0.021405247776686395,-0.0018968489645078037,-0.04584804406963472,-0.006885287338295732,-1.228401278702794e-06,-0.036489751773909125,-0.0011972289212782675,-0.012498330633404985,0.002989554536243482,-2.4307152097953477e-06,-1.0986026894387046e-05,0.0008565248274846721,-0.0005872349581058142,0.005122212588302814,-0.0006922004700337034,0.002172575436062691,0.0023304824250446957,0.0036319076194552538,-0.03578096775313495,-0.0035566383918496855,0.0018612219290298666,0.00039803407553004946,-0.00017790543448126424,3.4217953485973784e-05,0.008341667726196664,-0.002277309225736225,-0.0054948686333211325,-0.00044344534756508673,-0.00015739000802749684,-0.16875608703273687,0.0026414835886158753,-0.025992749344200632,-0.0019369761800161155,0.013052662480699162,0.14897221851685682,0.004120851509624386,0.0016472066411987057,-1.4677815348413184e-05,-0.003208239371595932,-0.030078990098987318,0.0012018066553612415,-0.00018970341427865765,-0.013114635301762738,-0.0042784076609912874,-0.02010659462342211,-0.0111340046981551,0.002076671016897241,-0.004285726788961622,0.17476559416813403,0.0004946125787988285,0.0002715650466095644,0.00026714174171499003,0.0068752542702307275,0.0049870789750164485,0.007789398417007877,-0.000427965622150658,-0.00016727104089128003,0.0013164430093060928,-5.678740727481715e-05,0.07399379324637669
216,0.004868239246308377,0.0002575238045325057,0.0001206827558801176,-0.0004728833378056189,-0.00013193419059199726,0.008113885767013197,-0.0019063104035099542,-0.002814511531363491,0.007218770196412443,-0.00044400835189880314,-0.00016706187338740713,0.0001293213543171086,0.01056664311281854,0.6015259101258802,-0.00010649540759031031,0.00043903138303827416,0.002735069733049095,0.0007473006013044813,-7.129902260210111e-05,0.003129886007640404,0.002907497062167584,0.00043048002524552313,-9.348133747784197e-05,3.991455003193173e-05,-0.020262715653834012,-0.018032821108918958,0.04545223768453022,-0.0045244582254327335,0.02947211840291844,0.00225168277557632,0.08175877227209839,0.0007305283231846225,0.0001727121401728926,0.01641139883893681,-0.00022431884967160504,9.87994809319697e-05,0.0001253889507820405,0.00018720529982144498,1.3984072740226908e-05,0.004593273337024282,0.015879087039411873,0.0009655677528459909,0.012164617356979478,-0.014730562460355723,-6.50538738159942e-05,-0.002750596761312115,-0.00013992799660302035,-0.03168282415523238,-0.0009245160582407349,0.00026597860699196585,-0.0012009532006482249,0.003420742161694275,0.0002972150986723411,-0.00017649102333855762,-0.00026100592778331017,-0.0008091639019617985,0.0015212757599333826,-0.0007238811812417078,-0.0008060348392484929,-0.00032664174861699513,-0.004890631298494472,0.008407545522953887,0.026451244965434537,-0.001519035129312247,1.2835012677583912e-05,-0.06105967048883118,-0.011908205030756649,-0.014500323611094424,-0.07968017611083275,0.0007518627828813768,0.04857848260247723,0.00038823859976006014,0.011821866249934337,-0.22923901203261957,-0.0002642105590370397,-1.206821168973568e-05,-0.00043669348107412687,0.00041689386557779845,-0.0005535158330249312,0.001976618508402167,-0.008625297963772744,-0.0026958296532619387,-0.010296276870947401,0.0021456107247680182,-0.011162199818999907,0.0007952375726177907,0.06198911184463868,7.105279267884124e-05,0.0011833368243393586,-6.899558733175493e-05,0.0033533666822921143,-0.002944194093512705,-0.00022548609267911135,-0.00018898599186423573,-0.005181975057512958,0.015470433596060047,-0.013614835691898041,0.0018401308819106232,0.000173469005146476,0.04954121380479969,7.087346290970964e-06,-0.0002464558451972035,0.001547108179772062,0.00035273516419994516,0.032849054164061364,-0.013499905047144451,0.00074579639141285,-0.007406964985248589,0.0012631973391802886,-0.038483884791921635,0.000702527710651199,-0.001817450764649447,-0.01479912101975981,-0.0003956498419493415,-0.00020969333580266036,-0.044681542657463165,-0.0032446116594560814,-0.03426808769772835,-0.0007941299387477195,0.003630685886986192,-0.00042883277993145484,0.0007925955919549844,-0.0007074192964255881,-8.226597350633391e-05,-0.003244289832451423,-0.0019328461084856183,0.005201917601517506,0.00035760655797014785,-0.00015206048952273732,-0.00046295073608279905,0.045072365263837615,-2.6734943937850456e-05,-0.0002409047335562419,3.648463435188985e-05,-0.0010007696776296515,0.0029121461945346484,0.0003964596809131367,-0.000578893920256611,0.004245746840810717,-0.0005351351163431564,0.000714826397795059,0.002568509449393701,-0.004216659971898664,0.0003938730392249607,0.022035125525062538,-0.0006290311679873657,-0.007075815086334942,0.0006586982297504427,-0.004350229498961928,0.0029892276135199806,-0.0022588391060216016,-0.012034676538831154,-0.0035027561038258534,0.0004459427401320048,0.0014888023997787075,-0.000497862281987202,0.0011018035539941094,0.00028052067022280545,-0.0031222996654767868,0.001194927947871132,-0.0023808295386116667,0.00248641507762202,0.0026070251238812722,-0.000139656167914802,-0.001169330102652865,-0.035686038608390716,0.0016014114959765728,-0.0014925050635567032,0.0013302839323114796,-0.0011514233194082762,0.00347243837630086,0.0008213190856816571,-0.567634991530647,-0.0008641312246852606,-0.00043365735695621854,-0.01041153083463967,0.002756677976396871,0.005721109673386687,-0.001185162107757258,-0.051363461531624015,-0.00010916379646170107,-0.003495320079386903,0.004082636968793641,-0.010058807189046563,0.0009217898089250443,0.0019219350665777117,0.019880560549067127,-0.002043317667259084,0.0001777732371801323,-0.001288007813162871,-0.006317448083523233,-0.00788510627401013,-0.00019104806119148512,-0.0028064338570571307,-0.0002519250607866952,-0.00010758179569343024,-0.0026459315769667056,-0.0029971869675454003,-0.0009376454140323197,-0.0007349521543252554,-0.0018866526757393837,-0.00044279396031376983,-0.005083645038122912,0.04318484371335607,-0.013315487705770483,0.0011087216373636567,0.0008485567979558822,-1.2420761196674235e-05,-0.00045712605201194984,0.007490785172058749,0.0032493749730187734,-0.00012599829086131636,0.006794778053826426,-0.0027510367106797304,-0.00010299939933461344,0.007803173056826144,-0.0005608330523067567,0.00709878674094561,0.005050476384445557,0.0005820860805139313,0.0024577959033364547,0.002199641079070662,-0.0009984523241271248,0.011857667974912969,0.002402021447341845,0.02780653285441348,0.025917449195455945,-0.012733650019514589,0.16738112325359894,0.0003132131572437767,0.0007282557217476024,-0.0006050741620081297,-0.0007049536522983693,-0.0018676199310606947,0.012077428761139106,-0.1281958096126552,0.029310202027137196,8.384288691360266e-06,-0.008784843250954522,0.0007125001535329967,-0.00926131146066583,0.0004416342235652364,-0.10520105682975922,-0.012528200473377514,-3.633576176608269e-05,0.007474967015774068,-0.0002977875476181664,0.019926046395022497,0.0007775448613060367,0.00026212205058038715,1.6895580777536584e-05,-0.00011491294173438389,0.0035302185344796345,-0.0017218883198534748,0.0011779000968595646,0.0004735208149661387,-0.000662092098421968,-0.007142695425078496,-0.02199787393272735,-0.009600231231360085,-0.006427318680685863,-0.0005871151000346672,0.0010763172945617294,-0.0022374524513454203,0.010104175341236483,0.0007091825539770839,0.004388375157225099,4.420675731859475e-05,-0.0012654764316345573,0.05090160991216987,-0.0023939658844507957,0.00935952263686103,-0.005587436315712732,-0.009676940697275167,0.029986351918651587,-0.0014710798217989277,8.616953411371125e-05,0.00019708880770911942,-0.00019032991616043347,0.019366822742108606,-0.0009580082772650354,-0.00034810418051687674,-0.0018649963777192442,0.0014642050298158318,0.017318290369261868,-0.007763883174215941,-0.0006074554111725541,-0.009945609324328416,-0.08201848606870377,-0.00020045473116294538,0.0006299787268167862,0.0011479153820157378,-0.009429383351298951,-0.001894804335094865,-0.00016744756703733488,-0.0005002285212279212,7.449964409354803e-05,0.0007724936696525686,-0.0007525415261327023,0.3775281734706063
217,0.0015340568872345278,-9.787077191823063e-05,0.00013626444626474877,-0.00034747448301889264,0.0005007454680788759,0.005052521241310387,-0.01883082535392669,0.0006860567311734339,7.606327485035398e-05,-0.000633569015468368,-0.00017102975336193466,0.00020712657022871578,0.0009266142832358016,-0.045970222813447946,0.0008967069634227727,0.008362255017560728,0.0313173143918876,0.00034936699480067786,0.00025417152173556456,0.0001957877175584235,0.0007987532415239364,-0.0003459766146121212,0.00017736388831664468,0.0017499228924451379,-0.003518619690852396,0.003779073272157349,0.029362014570379437,0.010585714052889404,-0.03197099748441989,-0.0011748515931764188,-0.19473913980015026,9.706365659311548e-05,0.0006114689800923905,0.005923829246662772,-5.708773723623814e-05,-0.005111159384166059,0.00013791214322054872,-0.02500555510923607,7.31455272306239e-05,0.06480784938662236,0.01462753518790199,0.00011616503306910962,0.015545137685341066,0.013229902500427874,0.0017057703874435517,-0.0020153619255227975,-0.014133072689325362,-0.05296474630911389,-0.0003343721539871199,-0.0011989472643012863,0.0004933984925256428,-0.000994523825099541,0.00017486387543282338,0.0014671698140014218,0.00017175546779955864,-0.007669589787588695,-0.0031284538323696834,0.007743673514987822,-0.0010160549819209636,-0.00021192122487543458,-0.0009592228070719494,0.0091391694645911,0.12659141037044863,-0.0027421939364187793,0.00012495903249719852,0.3548856804063769,-0.0010065264574620771,-0.011434443986226908,-0.011450761219086019,0.0007625724354035496,-0.023919989778516396,-0.0012834165938719515,0.10374493788916331,0.003009745357705817,0.013759023934218219,-1.0581555607379507e-05,-0.0005730148524420295,8.019363129367282e-05,-0.0004323033907879664,-0.018090232474849977,-9.668504913980594e-05,0.01114088117217737,-0.18486385801946048,0.005234476398024365,0.00217379239530431,-0.00270275906615131,0.040154194353239595,0.00011937123509843991,-0.0005728028319645505,3.539072058598297e-05,0.0007789775308245403,0.0012164723155433173,0.00038339338306916243,-0.01309581717740825,0.015510232797630153,0.001897105648329507,0.0006809769672634712,-0.002138446481719883,-4.004119946588065e-05,-0.016062700564947123,0.0002896017036816275,-0.0026105958911859465,0.003972469692799454,0.00011621595823705332,-0.019245455403726443,0.02765684235883812,-0.001403826343623352,-0.009486767887470745,-0.010652526431885368,-0.003587014325241512,-1.9204068976316074e-05,0.00020387197977234247,0.00633419415032231,-0.0002938443558253706,7.318871048140121e-05,-0.0045641691171724435,0.012598848612831939,-0.01248465639427387,0.013244353643698473,-0.0013102692493359084,0.0030771804087933855,-0.04559714333028589,-0.0033682546351141702,0.0007016613255076735,0.01264567230288616,0.0013344673119264228,0.018644155802994923,0.02610675275808718,0.00014212250420940747,-0.003502711998773287,0.6065274797921892,-0.00011413901936872394,0.0003069787902936687,9.192745627445952e-05,-0.00031198707767378896,-0.0009280715803406617,-0.00017912389799301827,-0.0071635806525377835,0.0002906573723806239,0.0002049093110744124,0.0012294892473132465,-0.07207322796217748,-0.003039454950440205,-0.0006536366229154682,0.009573523613556088,-0.003723067268531669,0.024153404111520255,-3.2605927858773325e-05,-0.006850714783087691,0.08461945412580497,-0.0012563934705824439,0.02747702278602736,0.009113414245108871,-0.0016910700589781945,-0.004436280048189129,-0.0013995314980567875,-0.0025556210393656714,0.00013044387030029618,-0.010915065687944583,0.0005092267256217083,-0.00027235630778289365,0.0009579536532910418,-0.00020026595588372632,-0.00026666275038746134,-0.0014283726263128226,0.027368838330819642,-0.04180862672131584,0.00032527724060104485,-0.011984590063864736,-0.011675199019523791,-0.005232035027198189,-0.003887938268542975,-0.005220255088373058,-0.00013682882699128898,-0.000216220866120765,0.0033087562140166685,-0.008809861962751589,-0.016285973437312456,-0.008754967094929813,0.008567966058051832,0.00016913234625786852,-0.0007211581965062375,0.0013586162894629302,-0.030780643186889473,-0.011031214779772357,-7.194891665182612e-05,-0.012653093741254923,0.0026406083233826948,0.00023674680668264551,0.0004569030976197619,0.02607797283572823,-0.002024858676695099,2.908049251103273e-05,-0.004842288032217977,0.000120113758934913,0.0001308497682079232,0.010347461823429605,2.2820323109574037e-05,-0.0014382438536416032,0.001691130880617669,-6.328953776125719e-05,0.003441466963168653,0.009104459067465645,-0.05333253493984117,0.02333599966626755,-0.0022089917292891594,-0.0004515582934358463,-8.747245774144707e-05,0.012305766444848112,-0.0018962603846363005,-0.005111491976508408,-8.849037368229007e-05,-0.035316377682370156,-0.001458091350071189,-0.00014307353157664085,0.012889343420382128,-0.00019060120872282037,0.00017226235928392754,-0.001261099331559979,0.0015240837442623409,0.0017692439343976094,-0.015622945111952582,6.315293442607679e-06,0.04521976970030206,-0.0014982307074813456,-0.004520583630044155,-0.01104809043574984,-0.024381999186840815,0.006645578372349451,-0.0001603375760187921,0.0006598584549187844,0.000180128240993907,-0.000613460519545599,0.0015672348701600705,-0.02820192308497235,-0.043697652529051764,0.018939499533576685,0.0005214764943113478,0.0036022234727959425,-0.00015870195192132543,-0.003069823008134095,0.0008559469925372362,0.02028405386413676,0.005132891422857637,-0.0001590854094888159,0.0018697166187203722,0.0015176463245167489,0.15704784270228572,0.0033623321428252364,-0.0002690200416951456,0.00013128384286891078,0.0006213911234990484,-0.0015039292259026813,-0.0001567498114384558,-0.0011321475619346134,-0.0033103202707662287,-0.0006137471225043066,-0.0005103769504825773,0.2927901767985963,0.035873842486243326,0.013321908862141116,0.0011359529306047278,-0.0002417986907807864,-0.0007076626640230947,0.00723988867035036,-0.0011250192700819922,-0.0005601654024013556,-0.001245039030149218,-0.0005756104696353026,0.0032637125519179248,-0.005313805876440583,-0.01302789835419934,0.00010817839468775831,0.015431899542992848,0.4420254951526716,0.006277530408251202,-0.014689534161069493,-0.00022297607269073337,-0.0006979979856042061,0.00970398901884252,-0.0007019281981171708,1.8409977002240008e-07,0.005176744940658484,-0.0013949436401193538,-0.1313635339167728,-0.004109065711506813,0.0381695103528367,-0.0008021888635872968,-0.14671843129309448,-0.007388103313486435,-0.0003791198323144598,0.00029573088753697373,0.008424701982186665,0.002244858602779863,0.06242182073925588,0.00014603660027703858,0.0018243651493514482,0.0031742876482016447,0.0003555885352862433,0.014191242022686734
218,-0.009640624390801206,0.000448991608883606,-0.0001766369017105994,0.0021160140316284805,0.00023319798762083677,-0.012570184243923267,0.022701567576811268,-0.001982677147058954,0.0015035781491866294,-0.0009057845581318382,-0.00023811819244067516,-7.919263850240076e-05,-0.016772497297917795,0.11180846926680783,0.0001832602757317163,0.004277701776764259,-0.03942077233474264,0.00040900639707508457,4.101998755075276e-05,-0.002283407658053023,-0.0005994235729299066,-2.8789960527991765e-05,-0.00013730453246373411,0.001135359380160373,-0.008569359662322383,-0.004299220782976267,-0.0492836763463373,0.003315750125748272,0.0067402859332530984,-0.0004923899351485031,-0.0021495922745704277,-0.0007161420580883079,0.00030615291973979525,-0.004620791739785601,7.597977395349363e-07,-0.002150539214479232,-8.191943882315724e-05,-0.016201631447761242,0.00036327087449882184,-0.08791099856312654,0.00196206049267078,0.0006058803611202531,-0.0038323747024218233,0.0011539001342454423,0.0010247362707488956,0.0002762314323537739,-0.008266447921841292,-0.04833822671652607,5.62619918483471e-05,-0.000147130792419751,0.004177902186441408,0.0001157642467903833,0.0001608218820322283,-0.00036928536931969853,0.00044690507123063515,0.007480833188525741,-0.0014628252546674443,-0.0005589514640890023,-0.01084963313485987,-0.00024160097660093274,-0.0008525310622966206,0.0033050683321873575,-0.12888242640435654,0.0016129065242651095,-0.00021187095551037337,0.45368603966623244,-0.0005550219476043093,0.006071193307293242,0.032606900097850396,0.000578992875201946,-0.01400252876120996,0.0009317538608101389,3.451427657047879e-05,0.03679782356422924,-0.040916423810433894,1.8206499559688533e-05,-0.00034042385471539857,0.00030083878208032443,0.0002223638201993821,0.014104188879484551,-0.0031623371903251635,0.012887179747800813,0.25668634432048776,-0.002076651045200315,0.003474870869248064,-0.002489562444587652,-0.14525542171012312,0.0001223535928039695,0.0018426859063707265,4.481365308684751e-06,-0.00020843000675337028,0.0006475579938832025,-0.0003357714959961733,-0.006908068235574533,0.02426167030907714,0.0008053441568043756,-0.0022140704292057316,-0.00046082521323189004,-8.943201313988541e-05,-0.025901709835536326,0.00014486651164502193,-0.0004941560319400486,0.003410889811527153,0.0007171276623108881,-0.04224270648230189,0.017529141464015414,0.00027961798421350173,-0.009937361112117708,-0.0071026429667230585,-0.006228736900158386,3.1168201979385295e-05,-0.00029557307922027957,0.012493107180449404,-0.0003053877811247767,-6.468411129215493e-05,0.0024566082927436105,0.0066942842433493945,0.003254357555639743,-0.001843681984826118,-0.00104076967853375,0.00032114057914232685,0.007960523768384445,0.00028064345744626426,0.002745547213137244,-0.004711596305832306,-0.001168921502193481,0.009434849851697617,-0.02468198687152938,-0.000287663618024004,-0.0008837797789210114,0.33317130722298316,0.0002229289132751886,0.0004997390679620966,-0.00015758389499301176,-0.0019214509078333154,-0.00017120326202594476,-0.0004860404939655283,-0.008156607426096044,0.0001416469010902682,0.00045861054590403544,0.0002897264734677933,0.07008822353256056,0.0005064951268824839,-0.0001042380635109586,0.007069440763435765,-0.003487643948903255,0.013301969249362196,0.0017276869351547212,-0.0037988204006856293,0.05396737642705559,-0.0008287231220381935,-0.039242142778134224,-0.009940978629714324,0.0036769012682186415,-0.0004957677978969454,-0.0009330299724917748,0.0001612350960000456,-0.0002383329736514745,-0.00023154646748558763,0.0004563933786029457,0.0015461672391930865,-0.0005442237431265239,-8.132279736610998e-05,-2.3327267400494612e-05,0.0007380232636983045,0.019965374730349105,0.0518688776895517,-0.0018215967872294153,-0.012622293268332222,-0.006460370661493325,-0.0027901553780705288,-0.004053119919278541,-0.030013898709940715,0.002025703378029051,-1.8127210166508922e-05,-0.0018303990519681055,-0.0016408997718434504,-0.012731556979804283,-0.0016800251689878705,0.0031916930611632834,3.6517435201513515e-05,-0.001630120339560131,-0.00291109713441156,-0.010476243492152943,-0.005008626214364166,0.0004183666229027232,-0.035410117071885454,-0.002859936096754384,-0.0006938572227200371,5.994285696519271e-05,0.021325797340172887,-0.0010131489033687376,-5.123238116386784e-05,-0.003637291463593567,-0.00017513458595250968,-0.00042443515726917416,0.00482207173486536,-0.004031495933272023,-0.00042409867080502256,-0.004102357906383966,0.00463263290178435,0.002740890631699331,0.010162554439804189,-0.017544410733537637,0.013932238838841994,-0.0024633429110834416,-0.0007062891673397867,0.00027152091424305705,0.002661450777020284,0.0019582374180403,0.0005387352313802212,0.0002656098863079506,0.024773200215485545,0.00011690369757116789,6.0127093297702994e-05,-0.005310481020227751,-0.00015786815230600692,-0.0021117056238494788,-0.0017406301055532653,6.858213172773221e-05,0.000190758763939381,-0.017458003047063055,0.00011100997549039725,-0.08891684256629509,0.00015917444376557327,0.0017694418463231423,0.04184178945725333,0.00377572214039792,-0.012851614643718237,-0.00045768933972740447,-5.491007922639587e-06,0.0001607977501122816,-0.00013771902533789987,0.00010761082437252614,0.007792202335820467,-0.049955978078211546,-0.008681807231451484,-0.00017525126992519544,0.010013588909899056,0.0005428750620370609,-0.009955276226772019,-0.0008959991288062406,0.0031448927498178144,-0.005315087124248735,2.0803268198525682e-05,0.00018549748531271551,-0.0006916191681858191,-0.08645073899661318,0.0019040677472939413,-0.0005053063617388651,2.1788903462076e-06,-0.00039613629894480733,-0.0020114482920873906,0.0001355212968312241,-1.3917784486995773e-05,0.00211410283514328,-0.001252320703125094,0.000428262696833799,0.11660107923824126,0.029515119175472726,-0.006473283537922985,-0.0028890556969611136,-0.0005430606071190787,-0.0013683073022532338,-0.006064821495432717,0.00513569006704901,0.0008536499110658592,0.0002666494730357155,0.00021673857383873408,-0.0065476359694881725,0.0023409289444362743,-0.005559981719352999,-0.0008206884031992315,0.012897656145955134,-0.6300123123605521,0.004979758075808803,-0.008786295803943503,0.0003432416374785094,-0.00033723495854593886,0.0036061253437921666,-0.002458906910721083,0.0002781615520353886,0.00676717244404937,-0.0015591538213981602,-0.1073444670657248,0.0007870384100628477,-0.005605545285638361,0.0004931858817287754,0.2799886714048463,0.0013021569400218508,0.0005012692288291019,0.00016270863126129076,0.015077872492208886,0.0009061118651885122,0.03865654491351114,0.0002580310075268686,0.00010551692765334037,-0.004496736105569138,-0.0001436971738069939,0.016826754198608383
219,-0.000866959322751483,-0.00020024524497555887,-8.342938822065429e-05,0.003495669296675787,-0.0003729807617186907,-0.006909268000935956,0.007254279439107918,-0.002764376876518265,-0.000268852739526291,0.0004537646477578948,7.394361211469235e-05,-0.00028867652330221913,0.012933393058786087,0.004320499850258175,-0.0009367776279526185,8.191968227593471e-05,-0.020657167311625556,-0.0008023096297816003,0.0002831559992049976,0.003139436902795987,-0.00030682746925947933,-9.285013753148252e-05,-2.69773240176793e-05,-0.0019159490891250731,0.021880511578414922,0.0037650980993304346,0.5892359203111635,-0.007548609034654992,0.008261009550840614,0.0009487176929210304,0.15264768758331995,0.0007286532904168573,0.00047403667063434553,0.006586988688615094,-1.3436034332729718e-05,-0.0020403155084121466,-9.306236156303438e-06,4.228345489768414e-05,-6.201222323352733e-05,-0.027754122764852708,-0.010437584308070819,0.00011397968586201058,0.0010967126775439581,-0.009674559206389113,-0.0024595801532033834,0.004396533404850481,0.005526660453376825,-0.06892398318804957,-0.0006969348033907113,-9.920150056528729e-05,0.004314116951517844,0.001182161186390019,-7.896406055130784e-06,-0.0020319849615299083,0.00019529092147280158,-0.0006285488108983633,0.0038552336424762523,-0.004404213200515645,0.002660938373363139,0.00010928074492021211,0.002134419972805169,-0.001413873526503398,-0.16867836986118906,0.00734688495226031,-8.443314068558305e-05,0.5753453584087284,2.9240665084391028e-05,-0.06989048533684038,-0.017499891972598134,-1.6058336772435677e-05,-0.04727278047566638,0.0006293927551161123,0.0036262944338375964,0.016121801396197406,0.004506930590513164,7.892994726422381e-05,-3.638745473072435e-05,-0.00031182913958816005,-0.00032307825381723814,-0.03519474107812377,-0.00038355656727061423,-0.0024065006537289753,-0.06798681896486805,-0.00432059646609142,0.0030426246929397636,0.0028370600569811643,0.0072905195919294695,2.469303694649025e-06,5.576116161152764e-05,-0.0001508235656440312,-0.0006782577900660373,-0.0009575662764849514,-9.177313958704317e-05,0.004190856410810782,0.009993391307736587,-0.0023490614994604742,0.0012649117328730084,-0.0006183743055199501,-0.00018347979017254573,0.023043547231606534,1.6365629190495667e-05,0.0010748386028093249,-0.004343765406356677,0.00017766756768258785,0.03993002777997276,-0.0033124315318405146,-0.001089006203656583,-0.013758617216303747,-0.0032168025353921798,-0.002563334240006239,0.00013077978810063524,0.0011684188491035627,-0.08920282507943376,-0.00011492956320933306,0.00016778147363717688,-0.002966922701922916,-0.007076235680877696,-0.0022964851774415324,0.0010173439947389236,0.0012552633262916217,-0.0002302879921317097,0.02840211366927015,0.0015390557468850583,0.000647928320337921,-0.03546780725110596,0.0025881724388644375,0.00847172428045833,-0.020621571610263713,-5.557693181862389e-05,-0.0013519725771213749,-0.34019844821936035,0.0007573660240362389,0.00012108873133814726,-2.5568532270138673e-05,0.0005543256499640631,-0.000606030951629602,-0.00059822147138653,-0.0012049881855592318,0.0006289089774206818,0.0008625123229701603,9.03542872364646e-05,0.013555831569762734,0.004191875536002348,-0.00025346064638429207,0.002571075129289866,-0.0046881697942083925,-0.0034577632712519415,-0.0006745951053795864,0.004795651434507327,-0.0169007748376649,0.0020498314404192846,-0.07576548681492142,-0.006918130448237515,0.012666973003537021,0.00036812521658042413,0.0007191751435055064,-0.00032390193175222196,-3.392884430108989e-05,-0.016226944150942155,-0.0001369125738305995,0.002829002233116097,-0.0006096978513230578,-0.0007412605692897774,-0.0003517532477266827,0.0014619837272293506,-0.015104091009029697,0.0872503459746675,-0.0007746233426727568,-0.011798594727398144,0.006108154484892311,0.002571172063676734,-0.010793797217151534,0.013733818474328797,0.00041353006932725754,0.00020864724938658707,7.035702835220264e-05,-0.00017270588061370521,-0.008359313154103945,0.004856016258157212,0.010536926148831434,-2.351286324961399e-05,0.0010395358571964864,-0.0015636029930135437,0.007134728742376183,0.006822891168038962,0.0006310615967895158,0.014496808255957252,-0.003969892139189538,0.00030873804786607506,-0.00012589985030661902,0.02021133623337294,0.0019930579939446856,-0.00011549574249801117,0.008214139615109702,-3.751928866413401e-05,-0.0008162475671226813,-0.00912480491338705,0.03034459773999011,0.0006212850325920775,-0.00011860217795075937,0.002629751337982574,-0.0006457554920209913,0.01139134797902197,0.09805560302026736,-0.010043443373696536,-0.00321139134553519,-0.0008708567523303271,-2.7786191096737523e-05,0.0022357009094851324,0.0003909656543686994,0.004316290484799217,1.595034799498768e-05,0.018619761261377012,-0.0009119466734889507,-7.79111424233786e-07,-0.0007660393233332873,2.734420578825829e-05,0.0007408150866199514,0.007760875853234969,-0.0012953220620921194,-0.012118678160753599,-0.014276769807171887,2.354243353967951e-05,-0.03758091203556171,0.0005172325887612219,-0.002426216649432403,-0.19258241132349643,-0.00038987274775582805,-0.005916098507322644,-1.298507754600442e-05,0.005130854540522406,3.8321860659114304e-05,-0.00045153485911934854,0.00123819793848645,0.007417865686198136,-0.004290104998910729,-0.017125000777119787,0.0003894813692700873,-0.004476400275753508,-0.0011129786204325792,-0.0009725665003767134,0.00037585801032139756,-0.03649041559239738,0.003831441509190559,5.206449785194467e-05,0.0017737130389184593,0.000533280914564327,-0.018925664411070724,0.0019179919163529596,-0.0002107949859522086,1.587667201716908e-05,0.0001299556945602773,-0.001366454398385555,0.00021794892243089808,0.0004741634915680429,0.0020684029050142376,-0.001434061520885363,2.398133569745612e-05,-0.13646980883229828,-0.03151768656783153,-0.003513437307363993,0.0015306678395106375,-0.00021956391526691075,-0.0006818330756191635,-0.0040077850530727144,-0.007920264697631645,-0.00014277565067905094,-3.138329727145339e-05,-0.00013409021625141772,-0.00678456291262876,0.0001333058212204414,0.0063389712200199455,-0.0010906978277112197,0.007199358115789357,0.15588001264745005,-0.010109908390007603,0.00881363124868578,0.00028067295750409255,0.00010693837997271713,-0.0012362334635243957,-0.0007923600888916369,2.505207228959902e-05,3.193428284375987e-05,-0.00011400647073137558,-0.04237571396101843,-0.03129891256394326,0.0028971212179762073,-0.002836968322799217,-0.06314362750447083,0.0017628996201671486,-6.724167742031689e-06,-0.00010592318360707134,0.010251801344103334,-0.002269386143231404,-0.021683103565479957,-0.0003582131368468026,-0.0014974200621292125,-0.0015598819144467396,0.0026449103200696395,0.00615245934385279
220,-0.004983470273102775,3.551934663664075e-05,0.0001127846929411206,-0.002695321090655055,0.00029270158534068155,-0.02132522367464801,0.021981384319795964,0.001576229058162024,-0.0007947023110490255,0.0009855164933097612,3.6792147638385793e-06,0.00033870086529879176,0.001838666067503218,-0.03718408146420479,0.0009125224659698311,-0.008602422832446157,-0.0007814055610798967,0.00020770278373206594,0.00029574820515091554,0.0020093840016011874,-0.0008167840362946523,-0.0001257174434918379,-8.355615480601201e-06,0.0022726526414602066,0.02081536398189312,0.00952292755679415,0.6772907287033834,0.0030604136837061313,0.001719632933469585,-0.0008281884852963314,-0.08878973813979929,-0.0030088355610655634,-0.00029844198523388404,-0.005195305004388117,6.805236711083379e-05,0.0019386207810365222,-0.00010574656525474957,-0.00794250336905721,-6.127323164552279e-05,-0.03802464529288235,0.0012853029390564145,0.0005484274421594534,-0.004346876776191114,0.00717346264072259,0.0017174213212618472,-0.0033722035099823904,-0.004518262017974544,0.10448797966977219,0.0004589319819035449,9.015619377874401e-05,-0.003974819878578161,-0.0008553356841888317,-1.1285582267477057e-05,0.001088532198385235,-3.481819160378735e-05,-0.0019701165600545982,0.0038338074738885064,-0.0020164334770543368,-0.004497493859757795,-2.2293750697636268e-06,-0.001983672630633194,0.0031032449096211816,0.12329207681917395,-0.0077849495569176546,-0.00022197197541996144,-0.47873258156979986,0.00035651670033162654,-0.08319665363100297,0.004498735632457353,0.0007437215117747642,0.04054643594041084,-0.0005569374188777645,0.01085152610476328,-0.0018408528589377582,-0.02536304193284938,-7.232411345712425e-05,0.0002996171679265306,0.00028130452588191746,0.0002748910735724209,0.003219971219691512,0.0027167904304715943,-0.005275543993280666,0.0511655135599294,0.00019527172645148264,-0.003486029569277649,-0.0028107970296777918,-0.09340053734492357,8.392592980007232e-05,-4.321471507003245e-05,0.00019286286148714055,0.0001390480776614052,0.001051278640125049,0.0001582556076937039,-0.005048854287029317,-0.013234628184329324,0.0017329780915980777,-0.000937556426427631,4.369597812920248e-05,0.00020724085091336497,-0.0039611500551389395,-0.00012231308667965367,0.0001506321330998761,0.006133660405990246,0.00041504826824700913,-0.0002480177369220439,-0.008262119922475279,0.0008002279390177851,0.013183442119474222,0.0005461718360127502,0.003850805626628029,-0.0004420176577365452,-0.00031215067733918796,-0.09081127386366682,-0.00015063387726875488,8.145328750985836e-06,0.00026402056369943805,-0.005821931137302332,0.007669733148417748,-0.005610113854658053,0.004616208434976775,-0.0006393214110651196,-0.021128394790005077,-0.0003792108159157749,-0.0006560520257558717,0.006813095301712079,-0.002996013508543477,0.003628285153637088,-0.003448565276849778,-3.3606064633942556e-06,-2.8335696254200987e-05,0.3421131538490924,-0.0004896146228341811,3.045827830337397e-05,-2.6475551873426928e-05,-0.00043317061616924765,0.0005427132980560037,0.0005357492969939454,0.000789165694887968,6.723975075708603e-05,-0.00015141223495614836,-0.0003420293415591219,0.008842102420440097,0.0026745127013892175,-0.0003195960674008682,-0.004992441970089652,0.005430267178402225,0.0035827762610958942,-0.00022269288098813317,0.0021025363866502026,0.01824208515119838,0.0007956343974315607,-0.11435895693590699,-0.001010769464775206,0.01935205570555385,0.00402809591009437,-0.0007211186439477473,-0.0003649131700141188,-2.4762647816074443e-05,0.011662002318726944,0.00023235546555944522,0.0031192693946714635,-0.0008958412063325085,-0.00035434232152977926,0.0003655623699358318,-0.0012218620827584106,-0.0059575007623801505,0.1236510406429128,-0.0006018222750302192,0.00988826558893546,-0.0061422875056340795,-0.0002613392772655449,0.0042971692112258805,0.04607957652609739,0.00038829652733762213,-0.000172504728294276,0.0009676274318452707,0.00045850985929996697,0.007728840180875311,-0.00420128528137243,-0.003769906435277942,2.2985935612979125e-05,0.0005173425360406032,0.0005583356634442857,0.01314740116984909,-0.005573056695420343,-0.0005905749779886033,0.0019153772306131495,0.0025061685659689345,0.00010658291197694625,-0.0005621789065470186,-0.009149650442489405,0.0013073827713279808,-5.3500916261613185e-05,-0.007140456363087688,7.022777500153687e-05,0.00031941409475049094,0.004147056319415309,0.03582136260325375,0.00016955160514759565,-0.0018844703759959458,0.0010557730188316054,0.00108096887671566,-0.0160664270848533,0.05209056066726914,0.015486452471437366,0.002612287448784888,0.0006618762372051883,0.00021378993070502676,-0.0018059643424812918,0.00034888785199467347,-0.0021772523455478475,5.4175628010258436e-05,0.0019042611022987354,0.0010881356543586225,-8.633753210213202e-05,0.010603225523638335,0.0004947761216436107,-0.0007292279443255369,-0.005868467589069518,0.0004710955839389154,0.004071079274211758,0.013387924361978885,-0.00010589992624565787,-0.0589485323168637,-0.0008901893576216844,-0.0004696612573114665,-0.2041849192341311,-0.0004729788050059998,-0.0013919009005333507,-9.691060052613139e-05,0.002152924114685351,8.306524125623049e-05,0.0005828140976642734,-0.00048028113964530134,0.006439276373112916,-0.044471129329520256,0.008291635742673258,-0.0003652645633699138,0.0025189315658532513,-0.0006703731190857293,-0.0032175934093151073,-0.0003869257524549124,0.01823511464843892,-0.002001476412705842,-1.1913383719364123e-05,-0.003338741257408498,-0.0018767028044536745,-0.02207304569097153,-0.002503883570679826,0.00013263253480816362,-1.829428101183389e-05,-9.377373075365823e-05,0.0014137288282148608,-0.00015480516288337437,-0.0002828807473455545,0.0008112845345479239,0.0018892060433435623,0.0004476240842266701,0.07709069524187159,0.010955880159900249,-0.00749442222194634,-0.00032693362374770253,-6.23606808426054e-05,0.003012539270183294,-0.00027649845160948323,-0.0013207398325478768,0.00021572366809235587,-0.000834024895411345,-0.0007987323995258481,0.0038236355636154335,0.00464528552237647,-0.00915983417572814,4.55834000169953e-06,-0.003464726559138618,-0.1563930403109478,-0.0006469014871339045,-0.009324925406145946,-0.000435202371638712,0.0005073507597358031,-0.052890220662882605,0.0004303238573278743,4.261714846882404e-05,-0.0010413825312377452,0.0003914068371767606,0.028620180732930312,-0.03809326164124624,-0.015134635380715088,-0.0018639938073485999,0.05928836215448246,-0.0010666286457576921,4.6555556167532375e-05,2.1100713837981372e-05,-0.007467034506566203,0.0022319487688013152,0.030215394268076606,0.0003714235898469448,0.0016603227009115336,0.0002855860713147189,-0.0005022641160027145,-0.01738159594356039
221,-0.0008927888992813905,0.0001934864060225347,-7.253660066400573e-05,-0.00030359761879074744,-9.058255429944258e-05,-0.008236743043445455,-0.01146423399389682,-0.00334812379715038,0.00013897823402599747,-0.001038807516627033,0.00013937298308252572,-0.0006916662411760787,-0.0044486420677173665,-0.014971265379902371,-0.000264709965019544,-0.003256799068253771,-0.008064301608413843,0.00016466051055710968,0.0005776811662548428,-0.0021727493178933716,0.00044726274198781963,0.0001890620144570027,-6.127249922507471e-05,0.0001953979844769838,-0.0009157218528041679,0.005116236217957422,0.007203726712421529,-0.006657641342230513,-0.11527255853081751,0.0030142715688143175,0.015408246508863438,0.00022220028235198346,-0.00015436178353824687,-0.0007505764037301975,6.957217333779936e-05,-0.0013345502334546075,-9.232460625476294e-05,0.005240188588163888,0.00023812248300675472,-0.03158912002353688,-0.00185337148600846,-0.0008109892610872289,-0.013780218757921577,0.011208781283771284,0.0024809885714199235,0.00137876781171805,0.0012756914443595871,0.017628768835731893,-0.0007057106084651852,0.00014005766008730845,0.00046965550620869934,0.002078306745708363,0.00017673450068783592,0.00343054448918318,-0.00028638936403648776,-0.003749671398253235,0.0004520631758065906,-0.005847632989321018,7.55971464840347e-06,-0.00035722736611453615,0.00033698375578588115,-0.0022023038482517684,-0.08579196705008181,-0.005148376278245354,-7.736732540757074e-05,-0.03227685458090676,-0.0012203357420977742,-0.00134580852091427,-0.13177984004390186,-0.0002486005815224013,6.932050054819219e-05,-6.768080711574975e-05,0.31516982521254755,0.005687696198330027,0.030611338363693702,-1.4092523191276923e-05,6.963614043576337e-05,-0.00017715661266444124,-0.0001923107282962985,0.0019174891757761613,-0.001894097580931206,-0.04267022732831155,0.04728884232292887,0.00027481848281717103,-0.00030382561636291223,0.0027387737211940367,-0.05961537325183476,2.1197400352315245e-05,-0.0002042835670803739,-4.0885125391201815e-05,0.0005482836127092836,-6.924930042063673e-05,-0.00014948451682070957,-0.0010238408902647142,-0.004737278320804888,0.00216251964433074,0.0002561193497219638,0.0011081769272212388,7.824343925064842e-05,0.049811530593272486,-0.00018624331992347573,0.0022660385514927887,-0.00039613704025841614,0.00045757955461311276,-0.009440426506039198,-0.016673644613806236,0.000465273242819037,0.0030792398877255932,0.0015825788759465881,0.002622280108880025,0.0002304306163291069,5.6379388697125766e-05,0.0002741815110641815,8.115197623534756e-05,-0.0001227361216717352,0.016978393129356634,-0.0003628321794900655,0.0009373081181648269,-0.004001075132087634,0.00035812166843249326,0.009506397191612101,-0.09046796468563766,-0.0011635126028058142,-0.00021778208071806577,-0.04763751587896684,-0.0009510899229445468,0.0032118418092008756,-0.0047881334960756024,5.02364964362588e-05,-0.006571558525562616,-0.08571526126244818,5.825497594200255e-05,4.254567035296276e-05,0.00047674479928857746,-0.0009883599315656001,-0.00028757417522373534,-0.00019731166514216046,-0.0023288933581320117,0.0005811242679643165,0.0005385241577445694,-0.00018950670571433927,0.013750217630277858,0.0022303778442643966,0.00012555809734395942,0.0024223948907650785,0.0033474268318717925,-0.010018109429184976,-0.0009436106277508411,0.007454861620648868,-0.014412089160216145,0.00044530795654424684,0.03866797358616459,-0.0038959676651729377,0.0002731239131409421,0.001172744164813994,-0.0017258295520710956,0.0005366022259395455,3.1464692713767135e-05,-0.003706683712837969,-0.00024781123698252314,-0.0017447125099288939,-0.0008182487201667159,-0.0005968845861540187,0.0005471440262037263,-0.005268164327130264,-0.0012022054491305282,0.011964162834798347,0.0028647729755506618,0.002979867624613292,0.0028848464985375788,-0.0012922642867738744,1.8960041549824502e-05,-0.0006595565092427119,-0.005076870570850021,-0.00023888105625211042,-0.0013821004662850312,-0.003780405810825988,0.004680326633624641,0.005140030993006726,0.010491834271912902,-8.610180209783769e-07,-0.0009498167623604118,0.0012937663794295945,0.007859024082864048,0.003743600267483384,0.00017935436486688633,-0.010125605343237035,-0.001186602934049352,0.0009957792888101403,-0.00035437511188666755,-0.0053038352465654155,0.0009275922217223437,-0.00019142509555340748,0.0015475640698251326,-9.011642210018239e-05,-0.0006436958053550289,-0.00613294514018458,-0.0005755302736040772,0.0001270461347117986,-0.006328457223921381,0.0003486505724010722,0.0013134801732060594,-0.0033850404769832673,0.03977375400155483,0.0007902362523225994,0.001984812982219403,3.506184390670696e-05,-0.00014483749588652855,-0.005335823146675566,0.0011285815208825604,-0.000180077365664353,-5.166317524444783e-05,-0.10946169443173011,-0.004012762056903004,7.226958951079589e-05,0.023714283742012655,0.0002888041624786726,-0.0003755712586221608,-0.0024527387413980136,0.002462682336078979,-0.004127651050939242,0.002990274291397148,0.0002854727426776116,-0.0906050921019335,0.0007532423824668942,-0.006067972421243995,0.004080622094647889,-0.11237426578830585,-0.0017799087140261405,-0.00027003376502503923,-0.0001534009739970674,2.7491816822561993e-05,-0.00042229407073977876,0.0012497810984998321,0.00014835176261752828,-0.010115619961507213,-0.004177206776215612,0.0013216075831570832,-0.019112996770139813,0.0008751795747939119,0.0016688979957499082,0.00012126311737996223,-0.013048772102476,-0.0064443454570865125,0.00017388231653387223,-1.4921722194663272e-05,-0.0012391433785970242,0.8724002245389851,-0.00032379250494222545,0.00020386202123841464,-5.171276413969486e-05,-0.00027915143707522643,0.0032559270857978194,1.1952572124934203e-05,0.0007056218863304032,-0.00880356390791927,0.0019691634069473425,-0.00023663232489077321,-0.04980018112810898,-0.015998400794863074,-0.011363553202710278,0.00028932830693219856,-0.0005563999725289323,-0.0006488141087345654,-0.0023139808529964384,0.0006686284879131115,0.000383805554848645,-0.00042889218240118286,-0.00032140413446152326,-0.0033641655036123225,-0.023633663030001605,0.009371420017091492,0.001231993271233385,-0.00854654785627097,-0.1099784041257974,0.0023747136114758414,0.000949343865071712,0.0003952115595600358,-0.00043483878234861764,-0.004186331901889622,0.00023573155667388612,0.00016765835207441064,0.00024932306056590594,0.0005749257336292615,0.019916964568808787,-0.0002690148981082041,-0.02418735810318345,0.0007196427353970444,0.11015644725597411,-0.017975667256869183,-6.908555428689414e-05,2.0491132400948797e-07,0.0007172248295690522,-0.0009711705796704962,-0.005952476315849582,0.00022934685156521424,0.00020015062564681264,-0.004068849075351915,-0.0011445969466430397,-0.011389076680877545
222,0.00038286517202876756,0.00020290599398132105,4.397242207195007e-06,-0.003727656091133184,1.2306727398773932e-05,0.0851880738644009,0.0021947000743423534,0.006901669786668516,0.0012419063798484585,0.0006374675657185912,-0.00014170592379919003,0.00022319047613869359,0.002539067784881487,-0.005146413912923804,-0.0005880128838152253,0.008282324797418665,0.1030254750980096,-0.0006780632904300594,-5.0676783586681585e-05,0.010299900777566585,-0.0012316406762863114,-5.107243716283554e-06,-0.00019560111725930936,0.0026047089725280766,0.0012789430219102614,-0.002610316969735848,0.05304211848205155,0.005932285934270963,0.001619174362401465,0.0012364016795912167,-0.054509874069132505,-0.001584184446250577,0.00018844223071291973,0.014762196577271606,-6.857666383237176e-05,-0.005955214823612887,0.00015120605273679505,-0.008423044165273924,-0.00018683907727025557,0.049342346078862585,0.023771875976434705,-0.0005607053691828586,-0.02122707445742833,0.0011552739935300526,0.00010766209149519132,0.001408042969316793,0.0015139596525830593,-0.06373205231326345,-9.100768576775876e-05,0.00010743187441933388,0.0016023283984498435,-0.0015889905786532995,-8.162541378651275e-05,0.000304199286516137,-0.00014800265860228853,0.004803505693205207,-0.0013149631902440318,-0.00018022449912030418,0.009848993510088564,0.00012383569583279685,-0.0035146500687110427,-0.006153516685198869,0.8630834589774324,0.0049548821488317775,0.00010191901017103655,0.166637390942163,-0.0007086747591964136,-0.01248598558745352,0.002900925289273432,0.00017843611631077755,0.009999415509165648,-0.0009555596603817362,0.03487318410200111,0.009273310181217097,0.0037523989077998293,-0.00018442180385135412,6.004935072323231e-05,0.00019208477186111877,0.0002499850934520476,0.052931737429858974,0.00247770211354564,0.09257311001889625,0.05457173874741719,-0.0032205973684481803,-0.003195345046966365,0.001068330489388365,0.022116215790544663,0.00012382332061583283,0.0003086284232955978,0.00010784112009288443,0.0010235031057434516,0.0001104280130776622,9.285812428726746e-05,-0.001794226185425074,0.007317697175128193,0.0008436599003824904,-0.002324524791045868,-0.005608612070797599,-3.0016298731928848e-05,-0.024821383294300843,0.00024028959137925923,7.501001517959838e-05,-0.0005171995501100004,-0.00014087878633330456,0.005892639430562568,0.029785133570495753,-0.0033965124716717585,-0.004046030052636416,-0.002938312467876969,-0.010439436503364107,-0.00019290069205074763,-0.0007029998573940481,0.015634624118827573,-0.00011030662473827946,4.279326399710126e-05,-0.016356705537058383,-0.005942270467728247,-0.0026057625632223704,0.009586308656297251,0.0006612225275201148,0.00023452676625226334,-0.06514769191382017,-0.006316309590403241,0.0014307628297692836,0.0925240499500409,-0.002284815370594999,-0.0009790487871256005,0.06911995307118939,-4.655128693428767e-05,-0.00020293160440445872,-0.26837906951333657,6.336452574023704e-05,-0.0012356319042864331,-9.37477263956649e-05,0.0002012586825966263,0.0017106661890792822,7.387711434131763e-05,-0.006311247765392854,-0.0004328620770108947,-0.003353808453130958,-8.252554552218641e-06,-0.04859677194993603,0.002672377034268515,0.0004057822454215418,-0.004242738660385137,-0.003019069380994442,0.023800176099225488,0.0003639337404621439,-0.03537180085290217,-0.0007201055668518526,-5.348880834255248e-05,-0.004721233345176313,0.025297092889877092,0.0021323158455606836,-0.001582202392431557,0.0015266872817543342,0.0031910574328015287,0.0010329724841167368,-0.004620425679985948,3.30792517927803e-05,-0.0012932147992205324,0.0010349530591775178,0.0014314573761338059,-0.00023098901597960611,-0.008580391586503491,0.0017951080369193947,-0.002299765489563699,-0.002345953290499084,-0.007673708983572168,0.005004381936056873,0.003448272837619752,-0.004244930446211836,-0.004735595251241465,-0.000752336328132329,8.759928862266337e-05,0.0014714315585458884,-0.003139300819758155,-0.00397404425050997,-0.009408409910249665,-0.027066208186586862,0.00013046110997579075,-0.00046410538067014295,-0.000746202943472718,-0.003774730478341943,0.0017044941322029517,-0.0005468899024770124,0.0003342984675903948,0.00024706887846637346,-5.150136945489964e-05,0.00028992369333085983,0.0035855385454561716,-0.0024396212239841007,-2.2673597339904934e-05,-0.00028703869668812634,0.0001325032462489422,0.0003678522506561886,0.03127279309907714,0.0056341722412661535,-0.001564573510755298,0.009939909263622307,0.004659251871681917,-0.0007620354855835832,0.01788865720493934,-0.06679195691875925,-0.0036505472625363855,0.0034213205248801344,-9.833744831418134e-05,-0.0003075197390153602,0.0008854654563341465,-0.0001749630919978858,-0.005371709454325105,-6.0463789039830185e-05,-0.0355709592770472,-3.7203750064879974e-05,-2.8380765585709136e-05,0.003605584326769442,-0.0005315971277886805,-8.375277595203492e-05,0.0014510782611482885,-0.0001601748094901944,0.04289237795705682,-0.005498447799047804,0.0001742070598111261,0.0024413416547491434,-0.002151160228351523,-0.004731495696375718,-0.006574588330992542,0.0031821224620815465,-0.0004417877875316008,0.00012583588604481773,0.0013594055673675125,1.2137783300094718e-05,0.00014339214800064906,0.0015557980781087518,0.01735558272785811,-0.005473303231111981,0.07071396784825551,-0.004626723912676446,-0.0011184237791226086,-0.000906161741808225,-0.001956726245815725,0.0014720174916527159,-0.0156470401876961,0.0018648728580169978,-0.00039227639447061285,-0.00455827772168202,-6.205974187208108e-05,0.04825863586089863,-0.00031780914450310334,0.0002347647104710797,0.00017164133215813449,-0.0012759101640827724,-0.0015513436847842917,0.0002481303194826832,-0.003262262877975755,-0.0026414000544810775,-0.001825955422890135,0.0022093206413875475,0.10717184968464208,0.02139581839092176,0.0010373043322799988,-0.000307660473355207,-0.000183009659317869,-0.0009214212773961282,-0.006552165291164486,0.011015424758202868,0.00015216392777680414,0.0007191465107526628,0.00046233772179057604,-0.002167246906730149,-4.508532188779461e-05,0.0029703775852981677,0.001478430532467653,-0.008975469318254412,-0.1914486549753821,0.01072404641530635,0.006945958197645063,8.990582621210284e-05,-0.000922580599381626,0.011832263498185112,0.001778436022894063,2.3152671567119865e-05,0.11387228867285715,0.000289369414637288,-0.012532979276035727,-0.007497579723152212,-0.0018307000887974195,-0.001281476571822321,-0.017659758757969653,-0.005606718489568116,0.00022985150809493732,-0.00012717998303995483,-0.00680359381902574,-0.0005379597497221335,-0.024386211735494427,0.0012462896187365995,0.000652902141521756,-0.0005238114083174262,0.005543529925471142,0.009477563419981341
223,0.0043329346087956746,3.8948414457756764e-05,-0.00022326102958594198,0.0008565765842743749,-0.00019959067736642112,-0.060947000624181735,-0.004640041223434028,0.002591492011531066,0.0015350442638306528,-0.0019770579806597773,-0.0001769965161165024,-0.0011636964238811104,-0.021540197255482226,0.02181356336224641,-0.0003720352402881103,0.05484840233359282,-0.02009478620524005,6.88151232144038e-05,-0.0005603293085313203,-0.002725280243442523,-0.0008450569261775412,-2.7899770106174643e-05,0.00010796111120218652,0.003483508729475699,-0.0042422515999475455,0.00034514937337114596,0.0689432388276221,0.037121849684623495,-0.009673532468328451,-0.0021554552226251307,0.034206010839519865,-0.0036970297791882184,-0.00030954341075797864,0.023749558651607487,5.109239403647964e-05,0.0019653518832923947,-9.174157543228798e-05,-0.002991724607339395,0.00041742286380409355,-0.0007059911177905558,0.0022976487914451605,0.0004994789219263532,0.0010611284976054817,0.012719925971711035,0.00012885720404619272,-0.0046380123870044185,-0.003296392081518872,-0.14332804749909586,-0.00010141614987191697,-0.0024276789881791695,-0.00114957902834807,-0.0014404441320966317,0.00010504391560081563,0.0007707230238515497,0.00019182762538525258,0.0022864216709744525,-0.010175307319491391,0.013441379458996183,0.0030951436336500273,-0.00013733870345080182,-0.0048775312167262126,0.010378921223365846,-0.22507572697675027,0.01790744744618536,-0.00012616960281459227,-0.11671412539311837,-0.0005033709196196871,-0.020125680744529872,0.0009212624474709139,0.0003767340203360162,0.02212069335466542,-0.0001819755004039261,-0.07640172183052982,0.0014411783008532162,-0.0038580989039328746,-0.00015655595387840948,-0.00016918148252943657,-0.0001811027901902142,-0.0001545513801984909,-0.003999536496534956,-0.005074937416200234,0.364399804591387,-0.009389596413832727,-0.0018294269390442541,0.002878528520437463,0.0014526235604702623,0.0320804733667058,0.00020725014598193398,-0.0016922070589108088,-0.00011357653195883137,-0.001116612629979822,-0.0003364090984061253,0.00025018749449918533,-0.004467496339523574,0.039316008871592034,8.515183327123619e-06,-0.0009172927282600828,-0.0076796139358547314,0.00050275313557634,0.012396584753754311,0.00020970693875649662,-0.0016745708180915097,-0.00237194267311123,0.0003943002084219084,-0.08938085786528378,0.13449395011255427,-0.00039946794161084564,-0.013484020113400183,-0.0015842920319983174,-0.004947550043300723,0.00014118330027394418,4.606290714133734e-05,0.006912310928267145,-0.0006444589107754729,-0.0001012768342320905,0.005312994715469506,0.002464836864688165,-0.006208673705268578,0.002492977127282887,0.002617243435803025,-0.0014070436663894573,0.01281531798730887,-0.0014147623442378214,0.0022669758294930308,-0.035555461315467225,0.0006883349768322103,-0.0067105447214778294,-0.015393428844055748,5.759251139746818e-05,-9.783104987909721e-05,-0.2841730220922479,-0.000809944311855985,-3.0629599809056326e-06,-0.0002704344029727026,-0.0004566177583746455,-0.0015175049650496871,0.0005937086449823103,-0.011391314254971887,0.0020878401673242904,-0.0005921222046737021,-0.0010268306539615267,0.012046874717450778,-0.0028316225631963357,-0.0015435450011979258,0.013796707500965944,-0.0007638137799650703,0.11154329595448816,0.000763327544125187,-0.0053358118921028415,-0.0038331322503769886,-0.0006927283184129862,0.04323093744438772,-0.0036444146259616986,0.0027869182632028703,-0.007156041171221675,0.00238795128288863,0.0002877402745814541,1.93899107201901e-05,0.0023861047681756286,0.00020091518007354177,-0.0008247014328999785,-0.0007160467148400296,0.0033754114142881026,0.00043388473979100867,0.0027733885128271877,0.20332844104543923,0.009011728485011779,0.0011704777955113463,-0.011377984921308796,0.0029913565406964396,-0.01140537015923491,-0.004344331562488434,-0.023263367223614603,0.0034220259309450133,0.0002941491354633355,-0.0005791814946001626,-0.005453820152399148,-0.0029170146313500043,0.000249258091939231,-0.009235709118814743,0.00011820076434003717,-0.0016371466401159146,0.0020416223954263695,-0.03266810701569367,0.00042958002141457946,0.000579195630525522,-0.042517763218960336,-0.004547181868896907,0.00018611000881714294,-1.6490946166297085e-05,0.0010979822518861065,-0.00865695179933479,-0.00017498169999672145,-0.016631874577624196,0.00012206280189753626,-0.0006222645880173041,-0.0030271973467380334,0.020434257925258305,8.948544199234031e-05,-0.0026774132872475274,0.0023544890954103645,-0.0010257071194841524,0.03971481471374299,-0.1601095463817891,-0.01660459223165207,0.0001525630776729218,0.0009301315376378525,-0.0004335625162753395,0.0051197969054461185,-0.0025087927821484217,-0.0021735786790469808,-0.00022444358571006417,-0.0014687712806622528,-0.0007483887664500267,0.00021382549505872053,-0.014002594293860903,-0.0005169588531985775,-0.00048297580123775243,-0.012525429479197492,0.00021418077932825776,-0.000553638375459034,0.002131304220127004,0.0002841500574070526,-0.05984575421609959,-4.793175071127469e-05,0.0014121993268391766,-0.006745785000972721,0.014046445090642509,0.0059722505833081675,-0.0004391877794913204,0.0013589370885485025,0.00013481891779416888,-0.00037060747706814737,-0.003147213529127439,-0.04160551313058389,-0.056993328528026264,0.004939732542464285,0.0008142015720627033,-0.01978202136198747,-0.00042329962270633856,-0.0066831421748732404,0.0010179710408319083,-0.025558688836148313,0.0015165986751733485,-5.2043647499770695e-05,0.001173096092335546,0.0002556622845815414,0.03555350529449271,-0.002725075669856111,-0.001001737067574975,-9.530600102772638e-05,-0.0003741025135367668,-0.006787241520512319,0.00016663555643807058,0.0016586004747657038,-0.0005640966451623883,0.0013475549001584859,-0.001546319226082104,0.720777249805744,0.10188516785281798,0.0012228722565805518,-0.0031758004248786734,-0.0007607731251687224,-0.0028098914178550025,0.0026099471569386696,0.005048098939806575,0.00041566163681408595,-0.0009278338559081663,-0.0024685401678799226,-0.0036890420784535015,-0.0009315353292953121,0.011689240824771014,0.00010671751043080146,-0.009478519367500635,0.010304375858859809,0.004363139154747255,0.004807981201818115,0.00011734554930755607,0.0002116085123007287,0.02574854688230881,0.0022992251750859143,0.000106424567417409,0.08568923811555193,-0.0011947831115843913,0.032977561162709224,-0.004502144756891539,0.06870446476357407,-0.0008198075047783622,0.046080873159021096,-0.004326606888494299,-0.00028335631042256636,8.590267717124584e-05,0.0028568869029601644,0.001913923293913676,0.002764112625847369,2.8401955280982737e-05,0.0004454944392051387,0.0062147539029058915,0.0019071495628783834,0.007280934709117619
224,-0.001705925726803648,-1.5643922815828173e-05,-0.0006180458704048526,-0.0008267685015190224,4.7204128426862803e-05,0.0416817377009489,-0.001931611508102493,-0.0005123219800325911,0.002036166006865894,0.0016300594196879644,0.00021860654505197392,-4.901436396775318e-05,-2.082176283230478e-05,-0.011837019441393893,0.0005852961951348015,-0.04050208146378623,0.023327591006847934,-0.0002975411499224487,0.0016681484689269064,0.0034291169145835455,-0.0019029350484213213,-0.0008263134770820271,-2.509976497249919e-05,-0.0011788725057521542,-0.0061277216731731,-0.00487660029188759,0.005343017631383529,0.04822791000093399,-0.02023388058405521,0.002406923424547132,-0.038329328762035264,0.0036090867606502694,6.169423894186385e-05,0.002281342204643323,-0.0001996942824354555,0.003708836567411135,-7.512669748619902e-05,-0.0005872387732425441,-0.00032219874993643944,0.0509098103118919,0.0052560954162425965,-0.0006008749076330212,-0.014382959783434719,-0.010769602382445927,-0.00047215774807066874,0.001168617842830899,0.004503416840896142,-0.22684626902471086,-0.00038894593998481435,-0.0002475310058312392,0.0004156231028290278,-0.0026854940550774995,-0.0005457260266745179,0.0004836775638089874,-0.000450958225130158,0.00021522073038677842,-0.0041700932647165435,0.013876867829004132,0.0006026484228271006,-0.0005484910903050255,0.0006675078490469342,0.015763595352790417,-0.014838223426717752,-0.028002255350594096,6.329813256061682e-05,-0.039122217317089814,0.0019005509940380931,-0.006229336557527311,0.0008662684288368936,-0.0002089089824622893,0.021622467523337456,0.00013021623134645702,0.055828172487506676,-0.0020758758835127717,-0.0022868534272539915,-1.658012794459457e-05,0.0004916613162977241,-0.0011017256499207995,-0.00011428912102368397,0.004322216481145619,-0.002481837651808094,0.6667665380590002,-0.03582566521852793,-0.0009161141692044226,0.005773104244114167,-0.0016719100956629148,0.011957750798862271,7.92444219201334e-05,0.00031505381489074324,-0.0003608545081331886,-0.00030355874624988014,-0.0002552224262316064,-0.0005125263849183718,8.121782659235941e-05,0.06838433856178898,-0.005656263905548433,-0.0008902016895917257,-0.002625817222914908,-8.784434156785051e-05,0.006305658804115557,0.0003624989653255011,0.0012270081568043073,-0.006062208111640514,-0.0005972190214277506,0.02525764395144889,0.22400323157340907,0.0017716300859657134,0.005094168264983227,-0.003046136749331547,-0.0032083386543787984,0.00010609799197036553,-0.00020720880042154264,-0.001987226466898256,0.0001560400593990409,9.204181035659884e-05,0.006137880294513457,-0.008863927152857162,0.007323862064924792,-0.0013487139315374783,0.0028441543991027645,0.000932113341708473,0.0004407191034170475,0.0011974648912827781,-0.0007538395290884149,0.012980435891654932,0.0006290632216420875,-0.02514639834102946,0.018647107072120587,-0.00011151484662086722,-0.0002708425832093006,0.13706840338516582,-0.0012319849560902686,0.00020507469644032465,-0.0005815492335029993,-0.0028915321692687002,0.0014165044825346254,-0.00010458837529450996,-0.013836151440037702,-0.0005205111287723752,0.0007936216905741842,-0.0014536726726243725,0.019930835093347924,-0.002297190148367822,0.0006714389834833648,0.013127373224840285,-0.011497474203346599,-0.07637454407430858,-0.0001729613770695214,0.007989297003628423,0.05313228101260998,-0.0005546985132695589,-0.06292267760537847,0.006794566746900665,0.0010506944237528488,-0.0005936569190831504,-0.0017606883077900216,0.001130406789950555,-3.456711576194896e-05,0.00013928920102907177,-3.579736389501469e-05,0.004414420707942891,0.00024226438717799717,0.0008078934569000197,0.00022046176362679778,-0.0006098766100040634,0.34730345360457365,-0.026607163661116852,-0.0002621066525884492,-0.018499626921249464,0.0008262149069535561,0.004149260795270388,0.000643067117034081,-0.008188810543244789,-0.0023998723729399436,-7.72242919481669e-05,-0.0011248496018287217,-0.012490473217503484,-0.0080445526409072,-0.002584364430201271,-0.0021631662008388917,5.478720752011886e-05,-0.0007467391945875359,-0.001057446249793247,-0.06256185297868838,0.0014214889235117842,0.00020064015679475554,0.010033085387023596,-0.00045276224450892244,-0.00013181282869202324,-0.0012637257610314814,-0.01603108519620067,-0.011040179736563151,-0.0001966327739528831,0.01769227084632363,-1.6202522479402508e-05,0.00021787433479461896,0.00627695620970665,-0.00984927483865718,-0.0018390516743727703,-0.004110159417864652,0.004021176439197001,-0.0012467793085316052,0.027969591900864503,0.0018673677551358952,0.03832114696194462,-0.0021434743461778995,-1.1389094417618901e-05,-0.00013821604921970116,-0.006079940390469366,-0.002668711692049091,-0.0033505340578045477,-3.7182827008900785e-05,-0.001019617413528153,0.0013292399002393718,0.00021101188676770407,0.007834571544138448,-0.0012490387923423882,0.000499744530003519,0.012417625736797047,0.000635180617145923,-0.011141138518195658,-0.005712055233692412,7.36510419678091e-05,0.018258190245181095,-0.0013864552279678735,0.001929420847004151,0.0035265312657952195,-0.01639311561812903,-6.904406153835675e-05,0.00018408746246733557,-0.0017188971817294514,0.00026677835527091464,-0.00041004854437385403,-0.0016464459153857224,0.014833058443022244,0.013988953599469126,-0.004803294835839907,0.0007845551639766904,0.013820203411421069,-0.0011462737456274194,-0.002492578069281968,-5.23352428311967e-05,-0.012949588925264936,0.006697789689471865,3.524609516853197e-05,-0.000723733226495193,-0.0006681532669270778,0.014675606434814806,0.0015252236981991882,0.0005233930266082191,3.979878029707409e-05,-8.141464943029148e-05,0.009655590424750502,-0.00035477745080098825,-0.0005899297691756792,-0.00010360542447975605,0.0013076610966557488,-0.00019132659083251347,-0.4851435749457906,0.12731906288322073,0.0011980856356601122,-0.007395622899357839,0.0006166157244399356,-0.0022590592168127855,0.006937078175185188,-0.0014540540590833018,0.00016975018336153644,-0.00023610744235764113,0.0012684760635174653,0.0010389226205523476,0.00018362600965864738,-0.0005427366379790342,7.946263370445532e-05,0.0032373291227797718,-0.004967420538136786,0.0009501086691162891,0.009669379927859816,-0.000402080276463435,-0.0008568841033427568,0.027466899986707857,-0.0019691442428804527,-0.00012547451531617557,0.07336823660402603,-0.0015643700487071473,-0.015108324012688775,0.001744523719156412,0.05993245958201396,0.00663123357541444,0.010950559977941109,0.001537673683941364,-0.00023283706709710398,-0.00029229831533960325,0.006559281403659252,0.0021161489360441896,0.033381197530195264,-0.000513246113049672,0.0026907040317026704,0.006753048194163144,0.008372922823291593,-0.019688601112706337
225,-0.0009433109418267561,-0.0002593810956109544,0.00020660787908054158,0.0003411159992213321,-0.0005665354583963085,0.005352502293886635,0.001428695410052852,0.0016250488161456602,0.006890114209680234,-9.226979845994689e-05,0.00028747521944717043,0.00020751449775150023,-0.00016393858802372355,0.02137630740653823,-0.0007775060514044222,-0.008922966882151443,-0.015157814033648475,-0.0034530182770775185,0.00013017841840055108,-0.004521873514531398,-0.010680083862495516,-8.631386409344195e-05,-6.232405939160177e-05,-0.0011769706076411215,-0.0004639540402309386,-0.017052662054983455,-0.002201260737742157,-0.0028809806616290484,0.003924248228117276,0.00013365165525811018,0.024965602369677094,-0.0020753481693308877,0.00018853618709658952,0.008551624996755883,-0.0001179526392425808,0.0011126829289124225,0.0003979846465746364,-0.015270512652657227,-0.00022017782145659302,-0.0015895817100346605,-0.002674092608429484,-2.6222284062639304e-05,-0.0035066856836528867,0.012160813266178842,-0.0003888949484045874,-0.00048673426364819275,-0.0005048094141900005,0.04778887744910093,0.00016017754832908627,0.00028831175999746803,-0.00025451057560478205,-0.008822501530381359,0.0008799744152310522,-0.001988805655082578,0.000525880907276231,-0.0012432919257575194,0.0008840504084464003,-0.0025303815673639518,-0.036146265305541665,-0.0005435166189145047,0.0007991692422016228,0.016638809819539132,-0.07323840375566383,-0.0027875160612233917,-0.00032617424153202467,-0.012628418485808927,-0.003248140869856313,0.0013238351427069578,0.0005560165007768657,-0.00020360443779030186,-0.0049313106486832394,-0.0004249563076177143,-0.01850341551216857,0.0008397120233928571,-0.00563400335160829,0.00010433675406306265,-6.401151763856601e-05,-0.0007824594081903395,-0.00032856926613825544,-0.0006117810527310041,-0.0006026685243102956,-0.12623421597254944,-0.009902953725597255,-0.0027933162825314124,0.0004382525096417323,5.349881557206986e-05,-0.004352755956563369,-0.000453533540981542,0.0006945698284339542,-0.000454703522031555,-0.004838354376231174,-0.002269242231180443,0.00014195072692986012,0.0019133736435127688,-0.003810505770733927,-0.0012808931829061208,-0.008619882606570576,0.0015973618372374823,-1.3424266298855958e-05,0.00393748111320187,-0.00047608144887191896,-0.0001867498209812933,0.0011041761988331313,0.0003510005771093228,-0.008032749127340146,-0.022103688947628597,-0.00017628729861080905,0.002458437226547854,0.00024781234283688543,-0.049118903518568104,-0.00016261823845627708,-0.0005719745731825399,-0.002973052170432052,0.0005831592545224064,-0.0001702405379416642,-0.02276414613756383,0.005702201361445528,0.0007752866658390751,0.0014429235004263766,-0.0026516543423528607,-0.0012439805398094677,0.011317229526736923,0.0013528138193644246,0.00014984773037974246,-0.0023240349856181535,-0.0016485253375490743,-0.036158103535443215,-0.007151605953368551,-8.894397543346248e-05,0.00043679573335087245,0.045458350595163684,-4.980670510063782e-05,8.157741467155272e-05,-0.0001313091947775368,4.375577222020101e-05,-7.276442060785379e-05,-0.0007658599551699096,0.0056986996342502545,-0.00041471067890302884,0.00024698239911135093,0.00023557251544829415,0.007828508622044587,0.0034420987418898145,0.0001218402943562503,-0.0019947944704092387,0.0012463963323502145,-0.0035704831510209455,-0.00027358233741951325,0.004181075133573594,-0.0015149233992447643,5.649897349531798e-05,0.06240135829391702,-0.003418544596357053,-8.290295592738486e-05,0.0004823748713287325,-7.85661747215054e-05,0.007360575950216979,0.00048081305773691157,-0.0011301069038008997,-0.0003398092363948496,-0.0015345641206691541,-0.0007988566148525897,0.0019675571278750044,-0.00045146192408748037,-0.0007765643282571606,0.0064975989318720815,0.0008930916846054779,0.0008523781614528704,0.006671712113548376,-0.0010841474968385366,0.0005139299424748497,0.0008828840474480004,0.011294610760858493,-0.0005620820907165532,5.92950608328327e-05,0.008566021054004426,-0.008944065232965261,0.0006650124052235265,0.0017407518409869188,-0.020521908945908565,0.00018623573997405933,-0.004816421531691205,-0.002378901259043069,-0.03598801299711012,-0.00016497223146082467,-0.0003906559759165231,-0.005348597643158009,0.0018785662554581116,-0.0010370347205008847,-0.0010897338864237548,0.005381285112016706,0.0009337566494668089,0.00012313690597251514,0.0009563914460274269,-0.0008809296554470889,0.00043778504277731164,-0.003357966376593925,-0.002411146890490033,0.0017568135842579782,-0.003292889945427219,-0.0021267276112136154,0.0009306292548767504,-0.01015841459813901,0.012839464118574269,0.001109383525063775,0.00039439722470180046,1.1193483165318138e-06,-0.00038759446457903995,0.005677441979904986,-0.002153698216294877,-0.009055545119573386,0.000213484212934659,0.008052741837895729,0.0012591103164864568,7.829882130666252e-05,-0.0005888179630288128,-0.0004773716886945587,0.0019335646397000248,-0.0015237651984271144,-0.00022357284604341545,-0.006441111878097318,0.0016500057566000697,0.0005684072393063091,-0.026297433179241665,0.0009976664942437997,-0.040620625711447034,0.0005898904099358943,0.002394341141209382,0.001994766622751093,0.0004092313316745977,-0.0005996792462225924,-0.00011732406683856922,-0.0007756426653283638,-0.001826878769558813,-0.00488455969912594,0.0009757683973962883,0.010806907498243359,0.00010183768912435472,-0.0036372711575060218,0.00016267933384568763,-0.00047460766392837,-0.000708742129592474,-0.006521580411124637,0.005962174930917393,8.145107583250669e-05,0.0014748164715087427,0.0014562196278409866,-0.007950637302547808,0.00045609279680022325,0.00010654059000017677,-2.5297964609666095e-05,-0.003400593025267511,0.00048016261515917145,0.0002719887365537823,-0.0006796165083118291,0.0020691911763170063,-0.0005396418820846436,9.317249319364747e-06,-0.052526191033963415,-0.018106724892512197,0.004112896995883526,-0.006234003511631777,0.0011491878039065846,0.0006723788464056348,-0.0005368503151619758,0.007380560156234844,-0.0028942046276658894,-0.00027319485161255894,0.0005746377157506753,-0.0017853339284184448,-0.002481576471172043,0.028491775300600333,-0.00025709886429285244,0.008090576019119692,0.026935053769724434,0.0003305821447790137,-0.0030177559789257976,0.00023074368159587398,0.0012328665855109665,-0.00832060858716549,-0.00022336396825583691,-0.000528992861555575,0.9740972525712047,0.000567133190131276,0.001067970594070897,0.0006334388021256673,-0.010296928101739319,7.790326982386853e-05,-0.0004057668325080379,0.0014807889316820065,0.00015331044748570174,0.0004423740478714496,-0.0027810435399547116,-0.0008233092799631745,-0.007256151165541884,0.0003711158243018056,-0.0006828322902756607,-0.0010414636588861863,-0.0011608364494402482,-0.030059658731791863
226,-0.00708120831843282,-7.167719253761001e-05,-0.00014502424120229132,-0.00011315267408674133,-0.0001257008661678452,-0.011114482815799947,0.016453423854068894,0.00033720877623738196,-0.0035291033398031565,0.000857101669813622,-0.00010769191711889822,6.031591347384693e-05,0.052648538255011444,-0.0008846600869257537,0.0011087482504373216,0.0016258319851338437,-0.032770012271404504,0.0007241962471240919,-0.0006071438718578542,-0.0029098018767527815,0.0017929211850746737,7.76560084707334e-06,-0.00018387877021157698,0.006086203231772851,-0.0049360346779896164,-0.0026175369251791036,-0.045789964342668334,-0.0012536909588084129,0.014263985529338932,9.432524514744328e-05,-0.030920193922221832,0.00022206018572289848,-0.0001123782096305731,-0.002068153390569448,-3.267299891830319e-05,-0.0007686260880643983,1.0188283580086013e-05,-0.011291540060466329,0.0002863347980385585,-0.10790222808247399,-0.009802682235359218,3.271746567820675e-05,0.005209401296353623,0.0036053184185374874,6.984914636574665e-05,0.00011067028258404752,-0.001188063531845604,-0.02544507520315361,-0.0007718871106835248,0.0014202604860699321,0.00026703116858028605,-0.0006371167192388884,-3.08231920749507e-05,-0.001103419910937123,0.0002392341035069934,-0.01575111256297584,0.01694352052438277,-0.005646742306272729,0.0029109406813540802,7.659626416555224e-05,-0.0036044184098124937,-0.0011654846638818545,0.06595237745682862,0.01754120652179515,-0.0003894479405124919,-0.007083015963147192,-0.0007418150642968393,0.01803121830566738,-0.008032459738594696,-8.248073158026708e-05,-0.006535576907225548,0.0005920050290273587,-0.006645389909873345,0.004026610385519434,0.1342023831510867,-6.983199683041792e-05,3.23852431745094e-05,4.207987420708562e-06,-2.997278221221109e-05,-0.013379596083659068,-0.00070494271232622,0.09427519813169107,-0.017436409300860583,-0.002267541368963635,-0.00834698453096404,0.0002841754466540044,-0.42189882931802175,0.0001949173380631471,6.691767157760288e-05,4.062743313745787e-05,0.0004518709097416471,-0.00022780839138624993,-0.00022064402049362992,0.0009143127373215524,0.0010530543889942312,0.0011808883990553042,0.0003997562094682032,0.0004620512946201024,0.00015534491936519332,-0.004503998864133545,-0.00016208077642890575,4.5738951437148496e-05,0.0016808055179650125,0.0004237040956430044,0.19946290020897658,0.024453381113912653,-0.00129429316833441,0.0002127765242009405,-0.0011268192681102534,-0.00016120805515522862,0.00014827511285307737,-0.0007027460771434757,-0.030533844915727488,-0.0005164855109853904,3.342554634577083e-05,0.0022178116462333725,0.0024897026525524603,0.010990863225046901,-0.009288618080833652,0.0009123755803070664,-0.00024246057379748642,0.014466959801134513,0.00044711101539719245,-0.0013487612562820207,-0.09249989830069462,-0.0008323896759471136,-0.002411802504498575,-0.026277730204090584,0.00010481870189937154,-0.000618811686708803,-0.006876682320813498,5.8656360720186226e-05,-3.514962424974483e-05,-0.00019839619114604993,-0.0018905648377581996,-0.00010772476673140408,6.960204223665985e-05,-7.193019906859624e-05,-0.0006192701106651224,-0.0001331492294424641,-0.0001330847669084069,-0.012388937269930372,0.0012107804328428881,0.00045086249752333184,0.006953379211030629,-0.0011385887811385925,0.042862721351418685,0.00033597925052234975,-0.001255232314064153,-0.004058649546541876,-0.0001969495874164194,0.5480351670063628,-0.010608876112794405,-0.002496521511285706,0.004803691690205666,0.0007039670706191373,0.000518860178409263,7.01383966652501e-05,0.008279854735818687,1.0097016883801359e-05,-0.0032584856333039963,0.00022792782853333596,-0.0003446135778276824,0.00010360357844452911,-0.002357449785130945,0.06339227560693202,0.04613919362579276,0.0012279155612412102,-0.003672361040538178,0.0007245835686504366,0.015475360347908768,0.002102793040867749,0.016135180795238974,0.0005629313786837398,0.00015409177319923757,-0.0016077076741501763,0.001481031443034879,0.0003882921108561534,-0.0006552380960749083,-0.0032476893490977245,9.285953266635269e-05,-0.0020105604765648464,-0.0012281130068898484,-0.012293587823148992,-0.0001849211506018203,0.0003020819588039564,0.05955437428934816,0.0008841251737550064,-0.00021443799611623945,0.00010134935443951499,-0.01904184790817535,-0.0004880109402222968,-8.583141918817004e-05,0.00046005516342629074,-3.6361328698696245e-05,-0.0001523043920229391,-0.00236472101998046,0.001910962827333025,-0.0025810942242472743,-0.009732963446323498,0.0027226001008807607,-0.00015030744031611226,-0.002057453808573784,0.5887159957264915,-0.005675520976115265,-0.0019680137578223017,0.0002604618138489431,0.00038741240358487544,0.001965034128570654,0.0017155924670751222,0.0004392527175949841,0.00018754541890052484,-0.008871392970693913,0.000751858340359774,-4.849137181956592e-05,-0.0035454831091835145,-0.0002334798436872741,-0.00017777981442324703,0.005608230505807409,-0.0008140534772707211,-0.007354415194339358,-0.0007049321611572366,8.511480667174314e-05,-0.12983495424188377,-0.0011411495229533939,0.012562489365699439,0.008133641414386356,0.010638992487304856,0.0007218317119572579,-0.00021155421397199645,-0.0008178804747900843,0.000173714030551839,0.0006629218426154083,-0.0007831690746328409,0.08385674265304159,-0.07177392098835822,0.033585692540631706,0.0007186614187170383,-0.0005489883439719807,0.002141197990396051,0.0023138887903849277,0.004479058622093745,-0.02606986518578647,-0.006531121789585973,-5.768436710297531e-05,-0.005351035349640826,-0.00010276189611374803,-0.06607712216667791,-0.002039589454127277,-0.0001573963772362705,-1.837155984017085e-05,0.0011028755032507734,-0.0029906606912488707,-1.4133784404249394e-05,0.0011045775086893639,0.0037708773491874287,0.000809438267853145,0.0007197842797405478,0.08379233077188115,-0.007446286505043635,-0.0027899724234733535,-0.0019920766153186387,-0.0007017979259771616,0.0017408771674244407,0.00035857351492443344,-0.02141689946029469,0.0007075833154199516,0.0005345963649122493,-0.0009080334827060519,-0.00147571442531177,0.0026524396683228245,-0.013326157168794575,0.0009931756972950327,0.00383106770281873,0.023219675358786187,-0.0021237781359115483,-0.0008890503391420002,-0.00037070461441164257,0.0003038549441838716,-0.02008683693154069,-0.0008155920090900017,9.449423156447298e-06,-0.024804296743032174,0.0013292588337859587,-0.005298523255793281,0.004593638807441958,-0.009178309668351817,-0.0031160901338999716,-0.10827357501989338,0.001542030008631524,-3.716608096008384e-05,-0.00018810081445678724,0.006290202154298374,0.0005743628522702606,-0.007932940206079351,0.0002698088313622414,0.0009638830905684612,-0.0010244220447870596,0.004025546800826767,-0.012202047885298791
227,0.005362501851276002,0.00021554896144135305,-0.0003956814081886185,0.00033024426295223674,0.00044231376821009076,0.10108147602516926,-0.004609374642059211,0.002127213202382343,0.004998319827727936,-0.00010859767338061536,0.00012863262267064253,0.00030270352806810496,-0.004704428229118195,0.02558392038841004,-3.737365829788869e-05,-0.0058879755919259424,0.0035193303303702374,0.0006882446760537626,-0.0009420808870795258,0.002365302245532691,-0.0009033291562703105,0.0004986433722499392,0.000753447823958581,-0.004874995222984487,-0.011330311175854237,0.0021471053102819675,0.02575678123261876,0.00493507441169461,-0.00019892066414776283,-0.00014249047354532654,-0.06227369077182937,-0.0004160317715072373,-1.927222528753242e-05,0.029623194505902964,-0.0004881074434146364,-0.0017978150574779047,-0.00011811574610537043,-0.004350943905251516,0.00023261100250760933,-0.0024770861938564663,0.007096778993100901,0.0003081585230483375,0.003125731735562403,-0.008072424487462503,6.823989836293731e-05,6.847782276087587e-05,-0.0003539989861288378,0.11315172871021498,0.00028081236331992,-0.005178242921141767,0.00070198819564876,-0.0031443318402468445,0.0002477569321342986,-0.00019640770755730095,0.00048077133976182247,0.0003437049659806529,0.0021497566805640696,-0.0020645810416742537,0.03192697990649508,-0.000286614219850375,-0.0020573899662209858,0.03979481112105808,0.014482647395241159,0.01624919732947862,0.00016062128665828707,0.013457993973783094,0.0031591708277121846,-0.013131677385977052,0.001272390334378886,0.00014938154206826926,-0.0071455440726893036,0.0004283665069473941,0.03513497690825163,-0.008976940733824578,0.03699273864171552,-0.00016043266698000797,5.0220356800995125e-05,-0.000582860937101172,-0.00023820449824352424,0.010333255453662985,-0.008870737757062755,-0.4624805256121668,-0.0014242896449690023,0.0021084759023224124,0.0007254933700521546,-0.00027146552788250445,0.05666323255495842,0.0003072732542181711,-0.001713652322211227,0.00017789780282169432,-0.001642459992440539,6.54919126398993e-05,-0.0003556931211776953,0.001516000535963279,0.05749452474174965,0.003247149582458811,0.00024284113432042928,0.0027353502169369754,4.507853353676386e-05,-0.011227504934665669,-0.00024000604305304991,-3.8165649611017916e-05,0.0027968534090856826,-0.0006425096550641274,-0.018379702848147116,0.05029990103642419,0.0002470492873174659,0.0007179625876964134,0.0025782334767762,4.635697139996318e-05,-0.00020481431991372853,-0.00016775897775383368,0.003928323339574188,-0.00016949019660288805,0.00016084688710850392,0.006168878436924687,-0.00026657808870176724,-0.0020577114807640196,0.0005937675412841185,0.008163510219273907,0.001585516623748475,0.004950654321480901,-0.0022571432096407636,0.0009580311139285348,0.023507021322098268,0.0012906357434856542,-0.041836518643646056,0.0027359819268925464,0.0001385901108805739,-0.00019756492130073395,-0.051748792964842735,-0.0006543777524126064,0.0001563002222600132,-0.00012307619341452112,0.003133578673672894,0.00020845570351097947,0.0008041548636971308,0.007389219373045795,0.0002879099521523148,0.001251858426184707,0.0012587834944596007,0.005355939757612389,0.0061895538956657165,0.0003680403114736803,0.04255867846820926,0.005363495413483589,0.029523740566325066,0.00021710056142488642,-0.006847248877156001,-0.02041237429737627,-0.0010467198474513463,0.033546800563017364,0.0015836447180418536,0.003483204854193639,0.003234638422298584,-0.00016139957605440156,0.0007237770379296534,-0.00031572158463619095,-0.009049537790737664,-0.00039294129559369357,0.00694552641021031,6.020384885600463e-05,0.007521259637915512,0.0002235393254016371,-0.0007075057704147493,0.8141786942124253,0.00018373562105634521,-0.00044195088011384897,0.014208817700149087,-0.0008073377388228961,0.001235384293644625,0.0002193371814730033,-0.024633647923038494,-0.0017087024192100828,-0.00010959240983725652,0.00953774049798663,-0.002405486313810979,0.005477934033564475,0.00123312694284238,-0.023523790939023643,1.3223818790550693e-05,-0.0009936296975582978,-0.0029263612560305645,-0.12490018561634728,-0.0019374820581471858,0.0005845608509592723,-0.0020706039940136933,0.0015327839112276721,-2.4239304825568117e-05,-0.0012877551041670056,0.017179949518569472,-0.027741607768818923,-0.0006640548446479432,-0.006652986019421496,0.00020117450070311627,0.0007999423873393877,0.005692728306755724,-0.001714465165206927,-0.0016231726090311024,-0.010510112224645015,-0.00902701709522655,-0.002772799512960427,-0.02386670250984544,-0.020317671696982273,-0.01446991493564327,-0.002844316037239853,-8.68966840449261e-05,-0.0005749735677750029,-0.0009678912752735132,-0.002784137633845734,-0.005989435045237549,-0.0008582846826023886,-0.0026728299630804837,0.0001828352574174037,0.00017981083418796076,0.0059821107015881935,0.00019786503490537284,0.00017515633199676088,-0.010927343378518257,4.961335524024552e-05,-0.0009798060555069542,0.004477216645933584,-0.00020147497743587165,-0.017119325913869735,-0.0018522469089823756,0.021182054061423674,0.00023515976903575606,0.005209991202931498,0.010249723859814862,0.00011754596473908564,0.000787521226202697,-0.0002500073796031072,0.0007842425280254256,-0.0024608635942894325,-0.009946426906035746,-0.05663918239081302,0.041822308907064454,-0.0009243221171740621,0.0007323638909516087,0.00021020340626380575,0.0021346844337210864,-0.0012991662063512645,-0.04548079608903881,0.045280920298025246,0.00014087169999485926,0.0019881270738512182,0.0005802017882449729,-0.032340679870065434,-0.0017624961261865986,-0.0007654653658728076,-2.028618464970655e-05,-3.792159954346501e-07,-0.00410389945337104,1.4487798793876732e-05,-0.0030549812113105637,-0.0014959814499803442,6.056430790089655e-05,-0.00011080763253104088,-0.032255414449977315,0.16188281976835442,0.001183038289492194,-0.013000210137983572,-0.0009606297593455419,-0.0008448374014769161,0.0024519679264765905,-0.006569706906050342,0.0009577679193272544,-0.00022099723387299618,-0.00017969940709472296,0.0016136939451197783,0.00487680606529167,-0.0047656076901018115,0.0011552716099789743,-0.0003981105616731409,-0.01827404585948159,0.002515971291291364,-0.0020818886858311996,-0.0008435337073686652,-0.0019246648124154962,-0.011148943264999801,0.00022872654022527148,0.00012534202071250123,-0.07240507001149481,-0.0002853755375426261,0.01444519914564688,0.006451740861415484,0.0033268909948249784,0.0022109869247153233,-0.011343659609409182,-4.873274979776696e-05,0.0003936300082695906,-0.0001586347346930984,-0.005265999399304424,-0.005173791660430667,0.04536411705588643,0.00036420659401754756,-0.0014946682995420771,-0.001488928921873577,-0.0005544290202908796,-0.032768106357649686
228,-0.010585894870639746,7.584803262655759e-06,-8.132728042721526e-05,-0.0005656348703954421,0.0003349111404140452,-0.014880321884664358,0.015215481185459097,6.789442280909219e-05,0.005113685500793667,0.0004298169736291525,-7.677247088144767e-05,0.000114138616368515,0.06207292186444052,-0.017028175077377826,0.00015692534717308762,-0.004738477252200415,0.013667939708486149,-0.0006717068934752463,-0.0006373450821361634,0.006913993297913548,-0.002251716019489418,3.781369688121705e-06,0.00010222751883312911,0.00395910516861275,-0.0010154778433174375,0.002125394352489078,-0.1351141383682432,0.012365021752258044,-0.005981072802358017,-0.000527662697935638,0.02080934269269468,-0.0003489840675700989,0.00013684724945668691,0.012456664853929988,-0.00020382788128779812,-0.0008730582395352791,0.0001348102305176735,-0.009636610853440725,0.00020948265224525735,0.10384306124766354,-0.01702884099635966,0.000183379602015369,-0.0041015268830114394,-0.008805145862447534,0.0004400769920689888,-0.0020514957993041883,-0.0010024795775574902,-0.013527212058818489,0.0011397566563083696,-0.00035741976729197246,-0.0009299019390916451,-0.00013792445405381884,0.0001159217602564426,0.0013951017098645024,0.00033276989137558544,-0.016363308585317236,0.017066127597934674,0.008232765305381345,0.010664604026585854,-9.318355674780773e-07,-0.001390052900465825,0.016961310055410645,-0.0006371251993752209,0.01582029775267627,-0.0001434665894729549,-0.007145418266966268,0.000810699526015382,0.028446064806711913,-0.0021803762288481426,0.0011499752499582565,-0.002427193185296152,-0.0009524208951914126,0.015384207372021372,0.005576108317799832,-0.13028092035964417,-6.188647524886862e-05,-0.0004482452711041477,-0.0001181396396465681,-8.597723913528026e-05,-0.03035766307707686,0.01025506904440102,-0.033717528079702325,-0.03159136096859057,-0.0031161240635978124,0.001757276150133893,0.0003794263504866722,-0.3088646540772778,2.8879597440226027e-05,-0.0005545243238308031,-9.371214065514348e-05,0.0006714949884796559,0.0010179305031561804,9.309531470057383e-05,-0.0014913287415298185,0.007905354200919012,-0.0006225446349598191,-0.0005693324822807432,-0.002233504014777848,5.629977757526383e-05,0.0020704434221437526,-0.00024121223046454825,-0.0005437258964066695,0.0022616982167959192,-0.0011053119741375808,0.2455879974846443,0.06236737095022527,0.0010480942530601625,-0.0024122372684495966,-0.0032299831280869257,-0.00015164021702354907,7.501831925837109e-05,0.0011429910203169073,-0.022755316204286866,-0.0006297552345812842,2.599003233318825e-05,0.001834112033738215,-0.00036494375445077654,0.001261820988250166,-0.007348894369437597,-0.0004945055157310454,-0.00016455186740912226,-0.010247574734996698,0.00019070550085814814,0.00029312285854855066,-0.01574506411885306,-0.0005081745746482883,-0.013557020572717715,0.013989489591294433,-3.273338840664719e-05,0.00018583997959010633,-0.043973153480991255,7.918666556286759e-05,-0.00012119570489067387,-0.0001825705652114264,0.0014972289366265747,0.0006227181080885706,5.1950224076794706e-05,-0.004481703639485243,-0.00021721265247924212,-1.925338690580286e-05,-0.0002125986172914437,-0.014950941237638382,0.000504012561275893,-0.002691767715593882,0.019841634046793427,-0.0017178233095528819,0.06049430719165069,-0.0001455197140411953,-0.005462177685391211,-0.021569179873943578,-0.0008581925110382523,-0.702237750639282,0.005137787407774505,-0.009586339545423535,-0.003341000232117581,0.0014980644057084158,-0.0003445329582552447,-9.881200300739933e-05,-0.011339163075234754,0.000232952468289898,0.002107644205574129,0.00020074397175795945,-0.011720107206038983,-0.00010678542527446828,-0.002597644575326517,0.06679449842428836,-0.05709569991796152,-0.000617179992782547,0.0008493371109981288,0.001969047647372664,0.033657860826143665,0.0032431918764763163,-0.015468974076225075,6.618744394707929e-05,5.4210999067378154e-05,0.0074963704866259345,0.0006469250123669999,-0.0011102032023404236,0.00029376105457646663,-0.0003452929783850653,-1.9759703928853845e-05,0.0015192961134880593,-0.0007451338939467025,-0.007437997163882781,0.001127716704753614,0.0003697327301143867,0.09375308082897502,-0.0006114291706274359,-0.000603524441110715,-0.00033384984775241817,0.009990674869415704,-0.0047015811960690705,6.050745684111486e-05,-0.002742973734575438,-3.583104597160505e-05,-0.00034886505899917524,-0.002986522046581358,-0.011998647354014022,0.0011658644878371062,0.009427102825366762,0.004068683912040056,0.00048058423305832876,-0.002960741142497879,0.38774366500876684,-0.027256945535756933,-0.0014856185046088956,0.00013693773819934774,-1.3931363304359293e-05,0.003910468710308925,-0.0011648648150930719,-0.0016687534867955087,-4.1391528513901044e-05,0.01977125423820573,0.0001342064294220782,0.0003329523647217468,-0.004848623890411386,-0.00048641090564975837,0.0007077574643563405,0.00929872374202563,0.001219037521239595,0.00956586585782665,0.00285969793079933,0.00010967559729518298,0.2371771824579742,0.00045780586587634083,-0.006756348544419951,0.012280839212783064,-0.0027407815769645884,0.00017449861711612202,-0.0001518394680736822,-0.0005672193337163019,4.049520824892048e-05,-4.413044525565166e-05,0.000510872221844586,0.11812869181719132,0.06970827181598875,-0.0030377724986353606,0.00014698436617818864,-0.004961622282522349,-0.0029509371276115214,-0.0005710933252450765,0.008065589182438776,0.008753315352882159,0.01669199443619983,9.913478565058698e-05,0.0025690785453666987,0.00017746742461174946,0.03805522630974768,-0.00012832488651990287,-0.00038624038485669983,-2.6087826566829897e-05,-0.000985620174182881,-0.0025265696900933074,0.0001137573835255307,-0.0005094811982250379,0.0008448690776296219,0.0012463038063192048,-0.0014523011678310438,0.16464671419122662,0.027474840551903718,0.007998164190491163,-0.003198902288964498,2.350550669280929e-05,-0.0011724765925698148,-0.0009451133585078474,0.006959722759059791,-0.00018470516509223227,-0.0001731773982925587,-0.00011461168721278465,-0.0008479175361958348,-0.005272309043332457,-0.001556860691102004,-0.0022282336537856676,0.005531603693585772,0.028370067416367654,-0.01904414663647489,0.0017848417453410655,-0.00014873510669877188,-0.00015152981379680617,-0.0015821742033395592,0.000616012072290111,-6.250192130613855e-05,0.0550275251111453,-0.000759078094191774,0.0017336745699600455,0.010527677886971915,0.02157715514495576,0.0033779029477675705,-0.002957852689410484,-0.003252863899308364,-0.00019364706230681284,0.00033311970900971703,0.005506424161267003,0.0004571728310011165,0.01866174942065267,-0.00010053541037810879,-0.0011465687513701047,-0.0037912167891740838,0.0028025288813337576,0.0049343752052157085
229,-0.0008308794301318482,2.438080059083067e-06,0.00027914480109451933,0.0003961691620952585,-1.9002101428647333e-05,0.2298166893979277,0.005959827463382405,0.0029107113062560057,0.0011720173693208005,-0.0005348045356078994,-0.00021434406175574656,0.00019603243700909022,-0.00044774765596172956,-0.008695251568291101,-0.00043903323396092563,0.016870411694280142,0.020746939503073884,-0.00025051019454412887,0.00046035847606753664,0.0034173775784744403,0.0021850073526281585,-0.00011315600426498908,0.0001410539772420511,-0.00015516053179537824,0.0035158192080828295,0.0021428031183434414,0.009929059013328696,0.01260678516406507,-0.020058251223249172,-0.0021240266577963593,-0.028147564367818824,-0.0015042294273449777,-0.0002385393928906309,-0.013099306673611514,7.649341308903213e-06,0.0013607647490120577,-7.461334793003836e-05,0.008538358790867603,-0.00011628598442844397,0.12333117596649291,0.0062370886177439515,-5.870005112201251e-05,-0.00055252395187443,0.006264832325998196,0.0012580615801226352,0.00021287488709023162,-6.745079275286003e-05,-0.0035968733528078944,6.905818713674597e-05,0.0011315548602910028,-0.0016346955115321092,0.0014587468039596234,-1.7490274004679403e-05,0.00037850026185112275,7.591462103396368e-05,0.002065934156394349,-0.0005796443146854572,0.01155078441685855,-0.0019627490033217987,-4.6994021477109876e-05,0.0002393051181589906,0.004447603243196705,-0.08773115222784547,-0.013164121799888536,-4.5103544009023055e-05,-0.03978103908651324,0.0006137049459322899,-0.010203413445265307,-0.055308259338358666,0.00047225770710362415,0.009573217187662367,0.0006332401174671013,0.8678233982440401,-0.0008686233845284328,0.008122655216980024,1.723898550727576e-05,0.000240451638087758,-0.00014015324030532475,0.00021414187258800938,0.015848350211248665,0.0016847420931956406,-0.003521605253270766,-0.007870369998675172,0.002359788533290538,0.009043846833311385,-0.00036119930125072183,-0.004583630578082128,-6.369540602181589e-05,6.187794746406543e-06,2.4968609207837167e-05,0.000502725943840014,0.00031565917312210816,0.00015288923838048182,0.0032288358165860603,-0.0002118111242956831,-0.001248421789067351,0.00022553551575686095,0.00027491924191609847,0.00022810155655648978,-0.029067286340104855,-0.00019705416123635272,6.161336183248961e-05,-0.001469914011373418,0.00011303326257133817,0.0011173147398560136,0.036128831984347035,0.0007168754205413141,-0.004394820718189382,0.0017049402173809408,-0.0003747293484800475,-0.00019251418326028495,-5.179910613818e-05,0.012776134831345941,-0.0004929828230216277,-5.1179382744154234e-05,-0.003328221088039064,0.004185099650012759,0.0020583876584121296,0.0006936450416869192,-0.0011222268311960367,0.0028818272587834808,0.007354375138343448,-0.00012817000526887408,0.00044128514895714585,0.009265402358240356,0.0011793913945470974,0.008082824152052049,0.02138290780803466,-0.00017947267781409995,-0.008579713812804335,-0.0752136898476222,-2.1714423446275266e-05,0.00025055807589127645,0.00023244584810310225,-0.00031579767879225985,0.0009182643907720885,4.4540906921075596e-07,-0.0067370138326914575,0.00029027056694607225,-0.0007372332773634069,-0.0001833940934911002,-0.004588934321324833,0.002260527937924136,-5.8069393921120965e-05,-0.007431436153804864,-0.0009686803483960171,-0.04963517976093243,0.0009621267838617895,0.0032039800767882827,-0.0016678285875690274,0.00019651714950537043,0.02487597574969403,0.006754175877370599,0.0010257792102199728,-0.0001149222093534115,-0.005464000042147178,-0.0033135473106468156,0.00019952937939488378,-0.006452066384321478,0.00047481994346413496,0.00043601132180291215,0.00034836404748984294,-0.0013415092795961035,-6.500106254018513e-05,-0.0013554066996682348,-0.07899141935417542,-0.062061399672864434,-0.0008836175926221178,0.0006952910953760411,0.002712737411356362,0.00033644890365441116,0.0009670022722258432,0.00027482899076439627,-0.006897680442728199,0.00015003183957292693,-0.002641155212275852,0.0008141097648776614,0.001157287265820976,0.0019094162523176025,0.007559988353813614,5.294416992850798e-05,-0.0009831569349757258,0.000589812050321375,0.01772535537692156,-8.06063482150822e-05,0.00040890904748773493,0.0008469947913218377,-0.0032067145962117933,-0.0010878364414877231,-0.00011563165289392191,0.003406221227001999,0.003466285813756012,-4.6624121098853485e-05,-0.0030890757596961954,-1.0533314483937876e-05,-0.00020669545407477757,-0.0030538668467361978,0.013133816277311632,0.0010940938139627357,-0.014539236067377023,0.003867927195331098,0.00014022541770513167,0.0028339803432138252,-0.011867179507354969,-0.007382502426842915,-0.003302957255967336,0.0002138490516160052,2.1224018667019562e-05,-0.003424278725892769,-0.0005407506592842277,0.0004054044258937873,-0.00013745971535698582,0.002028750318266807,-0.0033489882003882236,-0.0002719048914351166,-0.0006580367237957092,0.00046466066733797534,-4.791183163234327e-05,-0.007161274751126367,0.0005432595034619344,0.001214372897774079,0.0011163742571700973,-7.101505120343625e-05,0.0013961792099663368,-0.00044019046576976,-0.010898879069677325,0.0009210008162937222,-0.08763545795146735,0.0018640380963645946,0.0001739879798486818,-0.001076532616326538,-5.957963437593387e-05,-0.0001810970322562496,-0.000653063054903503,-0.0013106370549878388,-0.02344090564614279,-0.027182191853185062,7.211784982596829e-05,-0.03627796447429591,0.0028808922651394984,-0.0011486152755381014,-0.00044043942060147123,-0.009459814000736236,-0.010715062375087092,-2.291224107275544e-05,-0.00044010648300815355,0.0004156378112923589,-0.34123308464589597,0.0006491746177118708,0.00025943262328727637,4.504234045998867e-05,-0.00028922564610068743,0.002975378258609303,1.941279681756062e-05,-0.0003511111674352231,-0.004097533424016974,0.0007690649018295172,0.00017810511372043212,0.08196829616074751,-0.009410716888451267,0.007019279727575236,0.0035479175522437835,0.0003882978420065072,-0.0016508057478465052,-0.004101663910159435,0.0011601962792618917,-0.0001992673880860482,-0.00027817522946689544,0.0009495798354722165,-0.0001724276788762016,0.03983751735274298,-0.022531989439638044,3.4865767702524516e-05,-0.004151266333953475,-0.032870009815080405,0.007380307911921692,0.00017574805067319512,6.837816102973817e-06,0.0005142708668607758,0.0016927828601844917,0.0018743967174630538,2.102851425160937e-05,0.017848287290908784,-0.0013765944295997187,0.011976963909410528,-0.0031632364578545943,0.03494397639227392,0.009528302146267764,-0.008972763740855864,-0.007633481275042434,0.00041591828654164234,0.00042238874076521403,-0.0007980537952544178,0.0015915391780465101,0.013223179595046588,-0.00040350909158058147,0.0006132525333110289,0.00022796359071573574,0.002561382403487952,-0.004650718997749463
230,-0.0009339422963687662,0.0001518529313687669,-0.00014738639982592215,7.2519031249749805e-06,0.0004431407336846862,0.4344891501331995,-0.02228974789377404,0.0013675302078452406,0.0006021975979804495,-0.0003657551802035649,-8.745957916183071e-05,-0.0008273942985151102,-0.012565758648380441,-0.004135196611176674,-0.0004318844555126608,0.12729387045425267,-0.13971815271315882,5.8959992183835446e-05,-0.013732051477481536,-0.018451347887908875,-0.00017717827557998077,-0.0005978790871118012,0.00032334179898011253,0.0008902540488508722,-0.020781182417106744,0.001007426391664924,-0.06187484262518966,-0.04743664818800559,0.0011171081196647886,0.001516579118128573,-0.022926260438837436,-0.005443949510378413,9.723248734659629e-05,-0.006979460000456257,-0.0002463524874664093,-0.0027860219958825636,-0.00010871419349488438,-0.09402150731781599,9.165517139231132e-05,-0.3970455735679182,0.005221679402838181,-2.1539977251915782e-05,0.00295899793957054,0.0012175676932324698,-0.00017436292986490465,-0.001913622315929342,0.0015321257824217616,-0.027222110988342707,-0.00020922351952443012,-0.0018365059777505732,0.001065235282053701,-0.0008152331456967319,0.00014326677397424707,0.0005922600918490464,-6.262868407401478e-05,-0.0010156936772790933,-0.0035911019098443632,-0.030357965690662004,-0.000915808260311575,1.3134414474265388e-05,-0.0013113928724928694,-0.0011313145653689164,0.037434510383857054,0.31166949886506456,-0.00011510471146941592,-0.021710724523807335,-0.0015161945875347218,0.05482077971050226,9.293766054230523e-05,2.8156713078576756e-05,0.004710826394318708,-0.001248416812184289,0.027358725793452963,-0.0006518252537630255,-0.024049759820275993,2.2372944596053823e-05,0.0004496616001281768,-0.0001906241085369506,-0.0004028938726643085,-0.05933896594316767,-0.001684991255655015,0.09416782492574337,0.027844322723068346,0.0010057086543752876,-0.037875750699688834,-0.0015315847435815738,0.036443794138936,-1.2360799191452054e-05,-0.00039687298240899437,0.00020608096032578155,0.0008178435919629808,-0.0007083895802163253,9.862519477964876e-05,-0.0015899135460691986,-0.012814036657725125,0.0022205918078009794,0.0011971847589068902,-0.002142604029258928,-4.2954045270295754e-05,-0.013599856099270504,-0.0005448982078225181,0.0018319049588506595,-5.261708028125173e-05,0.0005458405433306293,-0.04301213366643743,-0.16458638733186534,0.0006889473095504795,-0.011147025267053688,7.823877080213176e-05,-0.0015431979580557114,-0.0002638938800062114,0.001053428006790748,-0.024940824645255658,8.805566826261026e-05,0.0001249265943461253,0.005042730789347501,0.0039246643791996045,-0.0030281605737934414,-0.009791407151600876,-0.0002007312683289541,5.305243512654118e-05,0.00419137900332463,-0.0054885642869332354,-0.000384934055120869,-0.07214205434002152,-0.0030207223876813037,0.002414532569010778,-0.09919829413009983,0.0001620153239028574,-0.00057482478940892,0.019053776904626667,-0.00013034510824971315,-0.0002320426499125578,-1.6378110983925227e-05,0.0027485317356339637,-0.0007751699513273754,-0.00015388807346055147,-0.0010273413888220164,0.0006510400819152939,-0.0004685076553695433,0.0011066560670735838,0.014439717226758506,-0.004176419651016714,1.746472264020269e-06,-0.003954816647385861,-0.007988757797154007,0.5623886234688811,-0.0011028652238314427,-0.00983019953420734,-0.002940783188388767,-5.588128250088014e-05,-0.09838486810608016,-0.04016745133348592,-0.011855491125927244,8.640951713084419e-05,0.0073883539909979255,0.0008588793373685427,0.00040993580101083595,-0.005814385327074744,0.00025687531086324676,-0.010038601435090264,0.0004971124184274244,0.0023229022953241887,0.0003097750450553041,-0.0017868254937182266,-0.0009175407791566278,0.21066485315416358,0.0011131864992291705,-0.0013789072770432186,0.00016137901600847548,-0.009653685719473604,0.0005016589765284019,0.0003840878396443101,-0.00286254501311016,-0.00010404229775907645,0.0004490460560706204,0.09843329321797085,-0.006923521039530695,-0.0014432083729234123,0.010370271724779265,4.155878689746095e-05,-0.0006736586072589939,0.0012551555282032793,-0.003981387232096043,0.00038434137030621957,0.00034584098236193836,-0.03379127976055935,9.109958894164272e-05,0.0003411804630663595,-0.0008105460870187764,-0.01119745070504257,0.005516802134637688,-0.00012843204431491062,-0.016318257973939383,0.00014570476671654613,-0.00013970438387442274,-0.011297350557647166,0.04028436274779292,0.0006035848839757284,-0.0001600971860644131,0.0005788214518533232,-0.001259627966768817,0.016484734795364418,-0.010262380388637558,0.09966572307103116,-0.0008153272765530168,0.00032596672081885644,-0.0006107326845336512,-0.0019321829215830702,0.0006466419942349513,-0.00010274793021657156,-0.00035485188325544946,-0.011746109654567426,-0.0013343079100968337,-1.4728784610562595e-06,0.008254668733252509,-9.676256903623308e-05,-0.0006211939191346117,0.012126637614565346,-0.0014836912170292696,-0.025249786001006875,-0.0031656588992995853,0.00026860135081661907,0.036926282214931286,-0.0020738735802030943,-0.0054389012568863354,-0.009183112568462291,-0.012136849948771945,-0.006155018632872669,5.762570638514347e-05,0.011572829824792567,0.00036503137857242345,0.0015088406712599409,-3.992075182487117e-05,-0.06144254962348677,-0.019297843831719293,-0.015526445141166403,-0.001700077380364616,0.0012539240610974383,0.00040558438414574523,0.002033956323998239,-0.002192342274121698,-0.016459865134907565,0.00410056440068962,0.00011638890687291903,-0.0002637075390404381,0.00036263616167858133,-0.005148726992618684,-0.0010534446630791612,0.00024360105082982773,-1.0813268309373125e-05,0.0006137260695847934,-0.07062714199314137,-0.00022336778770882994,0.00030286492546812045,-0.004851942664584491,0.0012464123441239192,-0.0006898800852006442,-0.07699827244420875,-0.014322111260457862,-0.03004982833180552,-0.00012097769158899048,-0.0003739742814044015,0.0025790928857135804,0.0060280552425851,-0.0054167468881461175,-0.00017272247987593428,-0.00028186449915772877,-0.0008351770783004623,-0.00019888864192094602,-0.00016451895737524565,0.0017522888261705582,0.00046984342089500164,-0.010245045146412076,0.10346582627266653,-0.014670607897786686,0.000632713533504508,0.00021203931728927886,0.0007902170477772303,0.005450212090905971,0.00018041897248556767,-0.00016054052838984645,0.00856535849866539,0.006124790320138432,-0.007721974258494001,0.004779649150232372,-0.06472770340576019,0.0008483207642494264,0.045803622487527715,-0.000936901717204848,0.00026154148880905975,0.0001367563843207558,-0.0026775848331518984,-0.00034356771518991025,-0.015835938817668475,-8.377915325599034e-05,-0.00026938277682885675,-0.002851421420804387,-0.01352609956499885,0.0025931132555185956
231,-0.0004903418204526749,0.00017179403054785446,0.0002097571185065394,-0.0008699489520087623,0.0002057469782024478,0.8028644404913373,0.0031010160558474623,0.0034025287300960315,0.002821517810206551,-0.0007102325228737214,-0.00033627234904446746,0.00025379693857397563,0.009169489464603432,-0.01118283084722179,-0.00037703842537750395,-0.28995918775805896,0.06817044615595443,0.0002663590773992791,0.004906141753312259,0.007825685837207878,-0.004511898093897383,-0.00013651659307473878,0.0002212135905205392,-0.0017889803457861709,0.002588948804187221,0.0025102052723318356,0.04953113637949337,0.027877168037080357,-0.001447151820857607,0.0013965123800198105,-0.0518940913420816,0.010351624540597121,0.00016518395253390002,0.012941484716473956,0.00025626064037072294,0.0011885773721916088,4.848051021572042e-05,0.026343826483565914,-0.00014373222114669182,0.21671048287752284,0.014129796291301261,-0.0014666692154223643,-0.006889876181612104,0.01900378999952876,0.0006334010103943855,0.0008160474742939282,-3.411394442946747e-05,-0.006279637027109458,0.0003209386222536594,0.0025202205712412367,0.0001892351575495388,0.001492843403388672,-6.769194983734586e-05,0.000573884076495652,-4.5218282106788965e-05,-0.0033516123881865284,0.001970390454111043,0.01801766790176415,0.10883184302821829,-7.090422296424093e-05,0.0009266798280265949,0.02033065534390926,-0.12106482164321096,-0.08927901508949347,-0.0001921588810607222,-0.005775442834379495,-0.0011706222427940094,-0.016262807622571835,0.01550849232608591,-1.5307522035282184e-06,-0.007668153203641835,-0.00030294133469458426,-0.26655057009490096,0.0066193012551876255,-0.006872601639726475,-6.415352945052244e-05,0.00015311632300622768,0.00020722359337254498,4.775572175615486e-05,0.03379483442380067,0.0012853329660553602,-0.027386047147799897,-0.014116485065785268,-0.0017490150703288708,0.020061665348512076,-0.0012798375457320627,-0.03705511231617833,-1.8576271132442201e-06,0.00015373757417733755,-0.00027298144360618504,0.0013711683090764865,6.715383405820913e-05,0.0002823738004399737,-0.003087978626020593,0.010871334297066541,-0.0007866518108509213,-0.0015255559211041778,0.0017901308966207104,-0.00016237231820401266,0.009000287660376749,0.00035030687033075353,-0.0004744356848329495,0.002219401167099268,7.182653904744263e-05,0.035302383994485605,0.09266587008805373,0.0011249821682535778,0.009256289687694744,-0.0005046620263089814,0.0013679459407740487,0.0005017124676934825,-0.0009558428835983099,0.01678505351601975,-0.0006133060780038543,-3.436572460557841e-05,-0.003933728171439056,-0.0007194600894623402,0.004190036662242879,0.0014776945861226312,-0.0017196385068312288,-0.0020861493665259847,0.00512623618273583,0.003480221199385133,0.0011085729623947001,0.017966211068738656,0.007841425816737416,0.004472218778436989,0.04229956226189837,0.00010731932016061485,0.0024853959424775036,-0.0033049165861509713,0.00015847904737871553,0.0002490551380132898,9.180264101219839e-05,-4.085884787086505e-06,0.002852814951822003,-2.5267365985445767e-05,-0.0003737047601185807,-0.0006748809130180306,-0.0012074556528755692,-2.0786367272714046e-05,0.0001848767101758379,0.001156558584997317,0.0002711269021705301,0.01299346515251614,-0.002252439432180518,-0.16443392058612902,0.00027159540534303465,-0.02134522748372509,-0.0005789326947409426,0.0003344725317630398,0.04689563316036421,0.02258641134357367,0.003705677831009532,0.0024316402395304733,-0.0005508361163000088,-0.004260193267922478,-3.64197082215207e-05,-0.0003102287307830739,0.0004942009719079189,0.0007932288207791825,0.001822862415250435,-0.0009545492847061981,-7.230166485901364e-05,-0.0037958629124862833,-0.11012735352289386,-0.10150076647788998,-0.000562988732219518,0.0014685564338284495,-0.0016477109901140846,0.008236573840522107,0.0001452747622792041,0.00489427899269406,-0.001340876140061599,-7.166499329610068e-06,0.017683573732521204,-0.025601183556125815,0.00034010577732682297,0.00012798283426458977,0.009719204832962052,-1.9625328810557452e-05,-0.0007090230061917737,0.0015352757447098676,0.005885272349367105,3.7517700883546445e-05,0.0008317260179778879,0.01878240827886762,0.0007409286341131718,0.00010484530991851371,-0.0005447997703607425,0.015905595304398078,0.012246699546684198,0.00018408577571921159,0.004266865142478593,-0.00022342293417232026,-9.102940040953827e-05,0.00105788234455667,0.0025510091861080638,-0.0018037117663662777,-0.0019025916623677634,-0.0013973260254982016,-0.002095754294808627,-0.011122052353269928,0.012373814855274314,0.026688901174222516,0.0009996960768898439,0.00030995163039595347,-0.0005324659620574886,0.0041458665631060355,-0.0017436601657563184,-0.0022182017194651384,-9.565800654990839e-05,-0.029201435601764206,0.0027135052604934633,-6.829005601960425e-05,0.022595539283438652,0.00024210901650621643,0.0011947581510338549,-0.0018838024425633718,-0.00163211757681043,-0.009304467941515064,-0.0007508510005347479,-0.00011067935360323071,-0.029080598696148346,-0.00026423901161008647,-0.0030323659459660255,-0.00400795295516559,0.013543578122768081,0.011383069399242813,-5.30050341011612e-05,-0.0009022476542361237,-0.00013694732943657362,-0.0008587157871212982,0.0018456820686628367,0.04213550506818739,-0.045214612227176,-0.051233586467788306,-0.0009835160870184032,0.00218309199038826,-0.0003468404890069731,0.00021690938388605613,0.0015273165065232963,-0.027680195165086893,0.028511034851423846,-0.00013665349748591404,-0.0022864714013366982,-0.0007972109120729373,0.09222823220546712,-5.30152501605546e-06,0.0002778782542671556,0.00013328490853775632,-0.0006712834241763155,0.018527772789710635,-1.0792531475779105e-05,0.0026760966161894946,-0.01233404515228535,-0.0008537897859581221,0.0007631133387336242,0.074640338047027,-0.003497040108806658,0.01106423468511206,0.0019426888046877497,0.00045177479967713555,-0.0019176391022787016,0.00025449803565353517,0.0009640541752003505,-0.0013609763500282111,0.00022641397700997462,0.00017826380559668453,-0.0010605600041711258,-0.00964371054234722,-0.012565815105136035,-0.0018680606067991107,-0.011429120615551475,-0.060566472649181975,0.007211079771697462,-0.0013796003089545572,-0.0006919535928580096,-0.000867408948272963,0.0008274213050591984,0.001042103519777307,0.0002055607189162395,-0.010959500754320926,-0.003616220331650435,0.0024548756646043768,-0.008775884143659858,0.04506176597496296,-0.0012324082315248912,-0.02248158341995702,0.0006401747942293796,0.00013841004740697965,-0.00018874528628216349,-0.0018754684388510925,0.0010201677668430793,5.430668885034965e-05,-0.0007192481691588571,-8.476790831683616e-05,0.0027612897801711778,0.00573554284093724,0.004839769879047083
232,-0.0017059664181903087,0.00024026430055566067,0.0004576060439294466,0.0013510727094767144,-0.0005224732714583622,-0.054159654089552416,0.02148252583662241,-0.002032551787677748,0.0009315767156051129,0.0004152449604374912,0.00012363097720352427,-0.000494950237388547,0.0124780093000255,0.0017040722667226852,0.00047740236319039836,0.36583521200702096,0.17958433281971883,-7.052289421574827e-05,-0.014077750762254055,0.01686469150637093,-0.0016491800805085504,-0.0007928267044221594,-0.0001738514214221585,-0.0010783436214992434,0.04181610331564877,0.0006768614155596246,0.06891774954569567,0.0711307962983631,-0.001084382362739015,0.000562038502949341,-0.007492169283310734,-0.016388144209505646,-1.9226250633603073e-05,-0.0009770952955040092,-0.0002484000415514144,-0.004240444494236481,0.000115053566062083,-0.07915418727224126,0.00017250337483315785,0.4882285954056557,0.0026508858734566078,0.0009469117796987439,-0.003998652286746465,0.004119072767335006,-6.048089446115956e-05,4.623394375553522e-05,0.0016425003281336746,-0.0033622474790834765,-0.0010336651980698012,-0.004012010845371583,0.0016922232307457832,0.00043511687492775496,0.00012223549893923113,0.00014673565671622854,-0.00035689278570465166,0.001417004413703557,0.002987775176698862,0.04139649388098621,0.03729524088398245,-9.448852509108194e-05,-0.0038168856370027864,0.008018762087370008,-0.09868789340934167,0.29533221726909153,-0.00012945303250061144,-0.008353023655108158,-0.0006438002328504311,-0.10574055311994285,0.004416840993330058,5.0728277780812125e-05,-0.0014944905532944808,-7.503247174904526e-05,-0.07540386625022588,-0.009814619810229724,0.01429782901007107,-0.00010217001907921212,-0.00045065313494309367,-0.0004984311200919508,-0.0001334934719982861,0.08264707800942724,0.01248903439492051,-0.0912097615152442,-0.03941996089354059,0.0020602257542387866,0.016135109391948118,2.334387591167858e-05,-0.028158840522755777,-0.00010556778816514165,0.00019621019738649478,-0.00026920842687501445,-0.0004093365437870481,0.0002073653256988192,-4.801147863355004e-05,-5.702287645186974e-06,0.02384143492109112,-0.001699261757126298,0.002589823816284564,-0.004354516722108341,6.3776803754245215e-06,0.018387114206689623,-5.2909345178632494e-05,1.5131477566264137e-05,-0.0006895845875720041,0.0006669121110959506,0.04707158832629789,0.23563579161745424,-0.00042795440184183013,-0.010747332101432267,0.0016898802511856152,0.0017403084078994,-0.0005344309797030641,0.0007927830412408109,0.03121443233171084,-0.00021907425996466057,9.477317577985186e-05,-0.007605549674667031,-0.0034966479383588996,-0.0016147870903220076,0.010498392774308557,-2.681118643811653e-05,-0.001654380973801742,-0.004325757172179033,-0.0017600109397051629,-0.0003119769577257206,0.09285688761973362,-0.009185359627447112,-0.0012301994021215684,0.12593793441580706,7.065720787247098e-05,0.0018379271222618287,0.02528798226168814,-0.0012009619847515637,0.00033644424088439065,-0.0002494565074945415,0.000519556987683834,-0.0039170421051828875,-0.00019100386698677613,0.0013366457084716954,0.0011710581115660485,0.0010122703800275815,-0.0009736632087900716,-0.026666144578750543,0.0016670738867663407,-6.754162073674611e-05,-0.0017400639085385042,-0.010293964932892509,0.4544251248175245,-0.0011657780330811354,0.005870533966592369,-0.011912215374328579,-0.000770444094165134,0.12215861009775723,0.052497573363122774,0.0019057498235880064,-0.001731433095059293,0.014244895986233165,-0.0035537547911314703,-0.00029603950498238024,-0.018268268866408276,-2.4643664961653856e-05,0.010737537800541704,-0.0008504961696855195,-0.015413903606988324,-0.00014967875015103362,0.0013479630924204617,-0.08719808078946116,-0.22207798293109174,0.0004159846724417623,0.0055910326698648495,-0.0015800288948325785,0.011588606921698552,0.001680631594647014,0.00212614667896449,0.00019141898737099709,4.6119380939908805e-05,0.007952391150115213,0.08795675119741249,-0.006880134516933327,-0.00122517993146812,0.0022649503965678323,8.208044428746793e-05,-0.0019824189169424925,0.001848768255629428,0.014644633015167285,0.00019635768415882798,0.0005279967780405861,0.03611345823110108,0.0023793803812647008,-0.00028736150176312397,0.0003521048524152532,0.01725586682488809,0.002218744792821004,-2.9936813936662365e-05,-0.016180307597666067,-3.006869341317525e-06,0.0006318964489364642,0.011898291018808656,0.03764699222176117,-0.0030477271963317287,-0.0007039303272654189,-0.0036212778333441498,-0.0005402439182771446,0.0020511015049492123,-0.028676641955376333,0.05505897550837207,-0.0012438847676175396,0.00021972423710373,-0.000904488086121734,-0.001724955616824645,-0.0011008808286950128,0.0015982879800736853,-7.727151318968721e-05,-0.0007833520902210209,-3.1078007541816485e-05,3.731986741151161e-05,0.004588230153223673,-0.00032221670354856116,-0.0009679473245540167,-0.008111570533414728,-1.2878106324339111e-05,0.018134781820556993,-0.001385221532238704,-0.00020726332279001267,-0.03676250666541095,-0.002495298348852467,0.005281632299336523,0.0029915049284594108,0.006468876388128514,-0.0091243305769987,0.0003354502056199959,0.011421593649702303,0.0002334587765656579,-0.0009481520758596422,-0.001502443555863561,0.07355156081421665,-0.011903627884081365,-0.028029990314577407,9.493880077145883e-06,0.0033328122353271815,-1.8884773399954367e-05,-0.0028669266768303163,0.001782778742222069,0.007183093040773407,0.01485392020227597,5.9623465882143595e-05,0.0005276768838261068,0.0008277599404004483,0.03537036355174761,0.002614607682501561,-5.125849920196643e-05,-3.982529861092099e-06,-0.0008550128195473823,-0.062164861879642506,-0.0001646297808795688,0.001294355719314957,6.485917381350765e-05,0.0006868135003647302,-0.002438803855320444,-0.11617999940186934,-0.023154176507130968,0.027917462111647636,-0.0009147463692338806,-0.00021599341642771115,-0.002413820892850799,0.003836392798513131,-0.0043613804035268315,0.00033452742223456496,4.898610586585861e-05,0.00017176926138655086,0.0005791822029600911,-0.005441778398781858,0.02374710607839687,-0.00018057852670966398,0.00796728986976075,-0.1255333810420446,0.02103655329449034,-0.0032957951849622528,-0.0005765569288600954,-0.0001521759052391556,-0.00767924484715244,-0.00042959414401003235,4.514013823232743e-05,-0.01249606510759987,-0.0009112659162423555,-0.008965724324117177,-0.011023444336745413,0.07788931347070387,-0.0010905930396812283,-0.04179120359827901,0.00270157625617172,-0.0001239431161151605,-0.00014469684236815064,0.005663586240731974,-9.703547895392045e-06,-0.0038130816431888002,8.274543523052302e-05,-0.0007892907943558604,0.005349908308329775,0.015400331537597192,-9.800229631419435e-05
233,-0.0009561147264690006,-0.000181205347896932,-5.886413943067322e-05,-0.0011111213054553854,-4.411608395314768e-05,0.22897690883596222,-0.0021008906563751736,-0.0018747608736277691,-4.093835334147795e-05,-3.655533152514042e-05,1.159146775670276e-05,-5.748211451797884e-05,-0.0033526900972836527,-0.004441349932446637,0.00040643009545124104,0.8649526760219771,-0.031119428961879265,5.2275587440147805e-05,0.004590135422512416,-0.0022033898016539377,-0.0005171813434411612,0.0004285819876671355,-0.00045367985764236014,-0.0027343443712955634,-0.015058134879394823,0.000710486190751759,-0.0011198318910156178,-0.01731366759940145,-0.0008872671319340012,0.00017532249124368885,-0.010641568468651434,-0.038473100783181564,-7.737989116475032e-05,0.002068031022600234,0.000270764841979014,0.002592474720401871,5.314130548658702e-05,0.06263673051079992,3.4854300972888067e-05,-0.07297638819516364,0.007077161596026065,3.26821840895275e-05,-0.0005237189443445082,0.001106150637365036,0.0007162848762249652,0.0007306082818172507,0.0008414540708981972,0.004696609700919903,0.0005740855557156462,-0.01131168346827152,-0.00038285881772096714,0.00038383379508900514,0.0001719796585697899,0.0003871157067909664,-6.393449982516897e-05,0.0004411659764319287,-0.00034872800371935075,-0.007406797439495202,0.012207050757616876,-0.00012499042568663542,0.0017560998155773235,0.0011720888704933128,0.003491486960690969,-0.20011346209289885,0.00023860541013369374,-0.006837785823353653,4.8546075519275735e-05,0.033853066710910186,0.004811232807692488,0.0002622559122373719,0.00404833182870901,-0.00019200659844229723,-0.07061720373974631,-0.01420979855552985,-0.003080386082803992,-1.4434908263359289e-05,0.0002434484178160945,0.0005359439058728183,-0.0007392598126914826,-0.015830642197841808,0.005886653667546464,0.01606088739879959,0.008350421035515473,-0.0010290990115912587,0.007641427796545165,-0.000713902810306484,-0.02249813163343432,-0.0002175873362750269,0.0005856788340278269,9.132206616081773e-05,0.0006926064862582603,-6.0250548998200606e-05,4.900207605196272e-05,0.00021735419615486612,-0.003557181354360811,0.0012482342016323401,0.004609134298955836,-0.008488647170379046,1.235133104332542e-05,-0.0017267114231974644,0.000137188236169615,0.00023634789372610487,-0.005170150227270284,0.0004665478700817405,-0.00817481518827105,-0.04766803034971474,-0.0006854121961386433,-0.0013235534848150335,0.002535569700095691,-6.464285075275878e-05,-0.00015952104856122723,0.0017348583912895118,-0.010551725431224283,-6.961591775087039e-05,-4.715728329426905e-07,-4.25688880834078e-05,0.0018409046288635628,-0.009773070127508098,-0.0036832606029503848,-0.000901583862699425,-0.00014714290660120845,0.000867464746716797,0.00259027476563146,-0.0005384794927227269,-0.02004462559339578,-0.02138723330496578,0.0021891954031071055,-0.02389912169991927,-8.964061938665502e-05,0.0006891019645324098,0.006729582023857697,-0.0007114740257754201,-0.00033460718400002594,-0.000292936352021711,0.0017582296952734734,-0.009692348255366783,5.083516327497595e-06,0.002227666570851272,0.002103181501699055,-0.0003578198962548712,1.8808389209694354e-05,0.010665446622641989,0.0009334918998246682,-0.0006361100781308367,0.004116737329312338,0.006161554636728406,-0.3405154875138387,0.000790102273496472,-0.0057422239929218796,0.005734861246555623,-0.0006224756606748451,-0.031951652594333975,-0.008856126752254301,0.002493739591953868,-0.0066814206374079255,-0.007617657025556322,-0.0003814769883850738,-0.0001645157330853117,-0.03054226549620037,-0.0006025842266122634,-0.003262124388584437,-0.0027196431356702306,-0.006934273813848016,-0.0002893527829705561,-0.0018363911238378052,0.010568527223536652,0.018348232852069817,-0.0015233578077213095,0.0005317209275867117,-0.001033962884403876,-0.0014093655136591388,-0.0005970507625247534,0.0034990259657143316,-0.00038123056204777614,-0.0001485906984191685,0.0014835281008741086,-0.05577057878286111,-0.015476508721137146,0.0015567873640945956,0.0016115620818940891,1.2894325542370244e-05,0.00023992886202645145,0.0014454580474081297,-0.0033353898016476296,-0.0008134325010991201,0.0007504594841028361,-0.009914246453771546,0.0017551397799757743,-3.636377655413109e-05,-5.710510712118866e-05,0.009430145058434727,0.002442215896079826,0.00015745161663738294,0.009019743998963561,0.00011120963009649334,0.0007480790279843774,-0.0012953688303511254,-0.019912936720488206,0.00028314772232041624,0.00017598948392881855,3.554818207494176e-05,-3.74043208004847e-05,0.00980896698153363,0.03296973641784476,-0.03174556077361648,0.0015656577701463285,0.0007704431770540338,-0.000835445537901337,-0.00019009561504689594,0.0003548647838495626,-0.0011005189206545049,0.0002769257835162095,-0.007169566240153507,0.0014039027143144256,2.347467179673879e-05,0.011632642466889618,0.00022801676953953989,-0.003915044331729329,0.006644055735251182,-0.00018218289851985175,-0.004241556289096062,0.0013320957933497888,1.9675881387438976e-05,0.010976151986971452,-0.002132712495145981,-0.0016858966849295299,-0.0024322573745571806,0.0031816695262395995,-0.03181009758604516,-0.00014524513437849315,-0.020041896119561343,8.155708397102404e-05,-0.0007536093329660459,-0.0035534913263333863,-0.011219581790027041,-0.009378097438722303,-0.006874767154710684,0.0009083334693371576,-0.0017028140293401436,-0.000687675108660175,-0.0005775314410865207,-0.0008191986137846734,-0.011767754114067382,0.0027507872268996755,-0.00010117697501220435,0.001065953209475762,0.004530765421936899,0.021442045971008437,0.002348773702017545,-6.286431153354477e-05,2.6818782722370926e-07,1.19908665338073e-05,0.04357256440544011,0.00028916676925681145,-0.00024230173288846898,-0.002534098260532505,0.0015347854114657333,-0.0015003636479356897,0.008820313660501709,0.02090801886685164,-0.015908415679770044,-0.00046419427328424356,-1.6037372388479423e-05,0.0008334752941312404,-0.0017621324264515729,-0.00457997108083545,0.0019883419635197625,0.00026116899772310465,0.0007308941669378274,0.0003633726266289109,-0.0014758710109120492,0.05120098386135479,-0.0003899545020809754,-0.0072224762781542785,0.020665032200139974,-0.004749676491668291,-0.0010944877666456652,0.0003109471696137213,0.0001978370756352547,-0.003305039212090591,0.00036389394084076696,-0.0001301539630498838,0.004764013280014182,0.0013960554710298247,-0.02385181648750334,0.001588514365495262,-0.014941279270476795,0.00015281362391217877,0.007493246480773624,0.00013571242817349283,0.00012584293969766097,0.00012900097375936892,0.003671718426749765,-0.0009732836741008638,-0.0030582421048759327,-0.00022041616898555577,-0.00199739172596905,-0.0015006824406116198,-0.00301477727052395,0.0011333115370827623
234,-0.0016647294023325614,4.179893505763636e-05,-0.0002427970170543227,-0.00029677313231608014,0.0007740002722177695,-0.0966627086871424,-0.00044796619489414135,6.94314974055343e-06,0.04750717677595145,0.0001547676558913344,0.00027772512402255084,-2.8391200850986023e-05,-0.008404565022116704,0.02647916178730454,-0.0014116266754358798,0.004826517003058894,-0.017437297390774754,-0.0027597835709873885,0.0004165896197334531,-0.0025958957273676097,-0.027807373417557547,0.0002361256751642407,-0.0003620097827254443,-0.0005610903798894491,-0.0026812161340921854,-0.006530612141172858,-0.006643098156053684,-0.009393760704571711,0.0017518362215744748,-0.002472653880090764,-0.015406669846932617,-0.0003063844334123371,6.884116305294272e-05,0.015094890827270403,-0.0001668234791420858,0.00028604583223039177,-0.0003125408904866133,0.00037506635781501185,-0.0001477103244900092,-0.03960388489219426,0.002890304464293289,0.0003942315335074805,-0.007139328657958656,0.004765600876978722,0.00038577050353903394,-0.0005549419878171083,0.0002252986644405413,-0.0013914415885351167,-0.0008389572688649009,0.0008834884301754304,0.0008579411880642873,0.004051328138807888,1.937807610611665e-06,-0.0005598482327165351,-0.00018288972691511262,0.000380152319270171,-0.0018394032244597163,-0.0018876269123343113,0.8056442814719872,-0.0001869493762525591,0.0017193525018088748,0.20491194164214127,0.004174147812083813,-0.005369955798412614,0.00011148271021133027,0.0006098849038330057,-0.004295351889843967,0.009539480005612815,-0.01095864523622744,0.00022196163729650518,0.0012219752455316568,-4.403871846222411e-05,0.037809206128982406,0.0017366435354550208,-0.025045388240646504,4.896772550701863e-05,0.0002829287704051459,-0.00018954012353993716,-9.941015278495686e-05,-0.0033966747158978555,-0.01083801708612657,0.028994372191589367,0.004737394716163007,0.0030748174094437763,-0.003254718523330921,0.0009183083616168307,0.005808115488118236,-0.00014531903091621542,0.0005320330167017549,-0.0004405506486445033,0.0011189975401982106,-0.0027714103899878725,-0.0001401798098111598,-0.00039300284181736315,-0.011236706303234312,-0.001545857539192231,5.32115281643585e-05,-0.0016385477061290846,-9.022747414408946e-05,0.0011041209670878112,-5.228161584582176e-05,0.00023899237954753353,0.0009986793633997332,0.00030833872164955957,-0.025153270834310022,-0.03582549262144794,-0.0015830758163311062,-0.004433975900638514,-0.0006722954302352687,-0.023654782693527186,-0.00030122267286094087,0.0001682080795498052,-0.005961980474683172,-7.004390124448713e-05,1.0351045486266253e-05,-0.0016822610403635554,-0.005215650395609929,-0.004296887303735973,0.003907016541082293,-0.0017622445313491583,0.000857839279190527,0.0019931763606784733,-0.001170771225619531,0.001159126780578928,-0.0011959450535392073,-0.000947337037142308,-0.14003128977289028,-0.00565930206381738,-0.00010812851739776946,0.0014185786012922527,0.00921829554098612,7.26103686960086e-05,-8.049997805655625e-05,-0.00022252777639988842,0.0007235189240552223,0.000508492677843315,0.00024419985150522794,-0.0008628420449507089,-0.0019879931553702223,-0.0003676889129839506,0.0007474096056818477,0.007388418859095479,0.0028079182761168906,0.002152059175688304,0.02579787714299677,0.0014587129410188983,0.0005401549724121952,0.0002398212060423571,0.0038156926388613678,-0.0011325121585300767,0.00027690981679345653,0.005956134601492727,-0.0034733842142198436,0.00023065425537756963,-0.0005080648707942356,-0.0005556950868310879,-0.0022405768417059317,-0.0008280376959741782,-0.0006898493702939191,0.00013714604387098496,-0.0005988419988091371,-0.0004699908176687588,0.014281616171458303,-0.0007163831269564581,0.0004902242503748934,-0.04372618356318911,0.026064837640608286,-0.0015283751097346933,-0.0028130278253407455,0.0005218542452393089,-0.005086102029974938,0.0007181525525577197,0.0001990402452294992,0.0016225978237809713,-0.0003802278267537769,0.22931944117651287,-0.00019068072449442461,-0.0004289675850314234,-0.0009870661532908969,-0.005903956329011354,-0.00020141116591775553,-0.0015867713855503406,-0.0006428669452786633,-0.007489895957224432,0.0005356592555920709,-0.0009937642848346325,-0.013395698186986263,-0.0007648794124242536,-0.00028609770111388214,-9.873964837062328e-05,-0.009217290653425334,0.002341767209775287,-0.0002936595889478401,0.0007661861051712574,-0.0006080920277988185,0.0002106852358061879,0.0018825851284366816,-0.0025744561361724545,-0.0007366806352720298,0.0016838687179352545,-0.00019790838893860713,0.00017963190653929803,0.0013429521631990562,0.0062865973885191054,0.006909314176415739,-0.0022516657958194753,-4.771169951327519e-05,-8.159081180172511e-05,-0.0012493552004589818,0.0021459584935202007,-0.011480266137025397,0.0003707475525716827,0.0018329326600754559,-0.0014207120795653749,0.0006457995531312741,-0.0054119962041803615,0.0009649129437420926,-0.0006361811893840284,-0.002503999158592992,0.0005973249089375071,0.006326067257930695,-0.0004154324694846378,-0.00030913885866952224,-0.004322002896942732,0.0015644334237515274,0.005997585639598813,-0.0003916973762625709,-0.006795488579697312,-0.0017102403053664856,-0.00021329305354341865,0.001440035469834518,9.336521885021311e-05,-0.00022307368146161095,0.0003036714831129853,-0.021663356255154285,0.016372796326226405,0.028847026889348846,0.0006610418716528206,0.00011224248080820594,-0.00046981018977184616,-0.0004252196093204241,-0.0010009626422752085,-0.020335717198126917,0.4493386361563344,-2.075803629831771e-05,0.0019736748468834825,-4.277467413429183e-06,-0.013991874745124208,-0.0003610592487880467,0.000589876951188938,-4.199959165328282e-05,-0.004606655120339524,0.0003009707213423769,-6.392827124680647e-05,-0.0002876111458436992,-0.0006452562717187546,0.0007230424205661931,0.0020515818373909814,-0.00530355343502832,-0.043290334075465176,0.002126205712651285,-0.012809605527128688,-0.0003252274408160234,0.00184045074798073,0.0008392417368437861,0.007021447386925814,-0.002116056737991425,0.0005913784809524463,0.0007263140209524048,-0.0011556338894359432,-0.00018200031678028183,0.04998611393180531,-0.006711334753277103,0.0017246135418599068,0.004374127229088248,0.002581660272804898,-0.0014731428703668341,-7.558935870150474e-05,-0.0008316332312868064,0.0005640121516920504,-0.0005624175653898434,3.9528476210791766e-05,0.01228208393932291,0.0009568659312781937,-0.0033810710110061797,-0.0009869242366627362,-6.4550655360453e-05,0.0016488397318269062,0.00761344829118973,-0.0006598102396868774,0.0005160882164156637,-0.00032813604495017523,0.003112531635333723,0.0007214454935293062,-0.012027098949797609,0.0005031696061261215,-7.561337022125164e-05,-0.0006599240152656825,-0.0014191954961218015,-0.03163568770553057
235,0.0027497701620601265,-0.00015566245560581435,4.1110258596602917e-05,-0.00024204761703808513,-0.0012853534772987183,-0.012524770209428932,-0.0048510298665818095,0.0011566387379607131,-0.0030664666726801775,-1.6983539681536368e-05,9.145408488253105e-06,-0.0011204194571696226,-0.009867876655770496,0.006725232293160283,-0.0005466359927600141,-0.05274291671836462,-0.025350914641755574,0.00024320972698910724,0.0015762401692624075,-0.001528791744531948,0.0001774245066900361,1.0415739224986509e-05,-0.0002800133983109649,-0.013997502437377086,-0.042075441926240055,0.0011626023075657931,-0.00919549984859534,0.07299710255481819,0.004345875672901952,0.00039743053527816277,-0.012262635972470274,-0.0017321310001255658,2.4548157817574218e-05,0.0016246749451697892,4.614842032707456e-05,-0.0023115477913514333,-0.0003625734975511762,0.007923978111927844,0.00020544290202094244,-0.0588538706504491,0.00044900886574977925,3.0360280040186895e-06,0.0005147932051561821,-0.0015491510714490703,-0.00046630622213413714,-8.09735000041837e-05,-0.0009687971353738649,-0.016585852650006776,4.146656161507366e-05,0.0026514601236578466,-0.0017102736045087807,-0.0003340813033424777,0.0016033940153712236,0.0003369967279748913,-0.0003269894611513599,-0.00111218229371554,-0.002148023775926107,0.015612386048803254,-0.019121088618586062,-0.00014497972622087504,-0.012065249435602087,-0.012317024984018212,0.022020840496090818,-0.030078134032133805,-0.00010127821329218491,-0.008274654275919056,-0.00041564451509511083,0.09032873659911164,-0.003862910848285622,7.112319425910119e-05,0.006529655674475172,0.00018603156126683045,0.020639332028312696,0.014859265590072768,0.0034380946088139073,-9.481618571318285e-05,4.537802346432293e-05,-0.00019833091604648176,-0.00010755344963851894,-0.018395762017303433,0.11835980098626672,-0.08238625918982269,-0.009478984777307527,-0.00034716828231719146,0.012996936090799873,0.0001278671782329482,0.00997970164287001,-0.0010994128400862464,0.0005092798809387389,-0.0003508134649989423,0.0005272963823068493,0.0002591303808493054,-0.00047079561913599376,0.0017356870097434722,0.02379532376306124,-0.010572962481285078,-0.0013744311839748986,-0.003285191285616206,-0.00023529480836947773,-0.006150643889962591,0.00012035538039178615,0.00015477651263943884,7.5544740731907e-05,-0.00032026053496670467,-0.04025025456464058,0.25495848466721477,-7.748785256655186e-05,0.001169576143829306,-0.0011508450282101523,0.001947583623440926,-2.5602767174811962e-05,0.0007888466351125722,-0.0076578001441792425,6.695641666416494e-05,-8.817538725265395e-05,0.0033836702868269993,-0.02738943762271854,-0.009649204654627003,0.002248820531020675,-0.0012039748102372848,-0.00013899754194794558,-0.000692027133580181,0.0008450727855920455,-0.01604303423161324,-0.022559069114879402,-0.0004289506520523678,0.010077309778785163,-0.01929232685175509,0.00013382842477045525,-0.0023015159079174084,-0.0019062504865784554,-0.005837390112656792,-0.0074065878680319545,-0.002977437189662549,0.0016990352907799839,0.0012459632007500432,0.00023609413670668856,-0.004395316843995835,0.008276909728636756,-0.00029058125640353885,0.00019883609532317728,-0.001226533538108511,-0.0036464778347974794,-0.012508151613326458,-0.007781408731344881,-0.004947136597593386,-0.015435203728861579,0.00017170548256533784,0.0004793509288857772,-0.020528088960278464,-0.0006639603308461662,-0.004142982190314037,-0.010388913952666844,-0.0016258575970921289,0.0023469015632883537,-0.0034414467605702573,-0.00021174278304618085,-0.001288809350285159,-0.0041683816412509175,1.7313369855089834e-05,0.0009455891509617209,-5.545904974305321e-06,-0.16638494524190905,-0.0048349283754961885,-0.0008778723746398934,-0.053912033099654456,0.08397936259019043,0.00014597679187293953,-0.0032702333439094174,-0.005481992185419111,-0.0076335185466804645,-0.0044326266675557835,0.0005464657132463113,0.000938964765493629,-0.0014365136800475456,-0.016933458537058382,-0.011836861043438333,0.002134149079719384,-7.603177392609547e-05,0.003327564023727401,9.857313565715502e-05,0.0005652968949677703,-0.015611922482700238,0.004272859088161506,3.3999814853082413e-06,-0.0003234634081114634,-0.025023012117304167,0.0008101744954992661,0.0002630973192951115,7.948489011595783e-05,0.03459569815912166,-0.0002873312195226574,0.00011940763633996529,-0.00023044671473373187,0.0004338299559596482,0.0007165093037291084,0.0011268181666466968,-0.0009913235661550078,-0.0006630592712291443,0.0012732821465653932,-0.0019837228671762235,-0.00015062843807319565,-0.0027157992444988384,0.03336342075778086,0.2484289195127683,0.0015503130239524754,-4.975219863425154e-06,0.00048338811508842226,-0.0024890982002262804,0.0021947578927726903,0.00040073566988460004,-0.00012191503960445882,-0.00029986050699902316,0.0009080196372993283,2.781661727007355e-05,-0.01504092531041043,0.000873116280782569,0.00046574042697419674,0.003589630060926408,0.00021284556727608085,-0.005140308136907117,-0.004032482677112985,-0.0003840759525330943,0.004052161709734953,0.0007549992333449589,0.0016164905714153323,-0.009655449501585145,-0.008022664942991333,-0.015075129389967969,-0.0008121815929660013,-0.0005596060967154355,-0.00011455819946100832,-0.006762128289112662,0.0005947817737998978,-0.031916514269887626,0.0028464780147428185,-0.008940693302220996,0.00017162428386079294,0.006466491607163578,0.00013706640630288124,-0.009195380389141628,-0.0014874601464356645,0.0027447217603128065,-0.03738421912432266,-0.00016846490880236334,-0.010170734041645783,3.775260313218261e-05,-0.016505108637159108,-0.003425785757987233,4.9424063164195614e-05,9.41973806337852e-05,0.0001922896275954281,0.004535971825034482,0.0012632325017501644,-0.0007669476070256351,0.000303021593437141,0.001153041015393273,-0.01875152700367608,0.0016478196894957478,0.03655061833325762,-0.0014419721401644821,0.003359174404610671,-6.083133314105111e-05,-0.0049275928150889475,7.259523971236861e-06,-0.005543906162672468,-0.001779831258504774,0.000282829627518303,0.00015045096780827286,-0.007525432498318777,0.0016089219547699826,0.8773821773577719,0.00011417058626846436,-0.0041314140511344785,0.010519859831384547,0.0063911119727011086,-0.0008792517485575726,-0.0003241858801992974,-0.0008356314231518818,-0.0016303914938629802,0.0004061145212270955,0.00010547762767267304,-0.027131067156009044,0.0003701866243037772,0.0012055550627158588,-0.011355239329550227,0.038704323683508936,0.00018048890220926186,-0.0029244383139740947,5.2341210818948256e-05,-0.00045918892831907555,6.096480244124035e-05,-0.005390436142863262,-0.001202049080169728,-0.0008508819988547434,0.00012229156460273616,-0.0006235981686240673,0.009646554050346902,-0.00465791891556416,0.004456695819680704
236,0.002096362396766141,4.7764368034983185e-05,-0.0001507849936092662,-0.0001199614694222641,-0.00024795297370980556,-0.005892605164863125,-0.0013869504910405486,0.001009445598814336,-0.0012746912476699693,3.561123317612127e-05,0.0001335754722328348,0.0004554840232035549,0.002194240023947194,-0.0067669897965870794,-0.0006975859258569431,0.00662604596503078,-0.011236050858337714,0.0013141239249001117,0.0007215222402978351,0.0014019320906698664,0.0011844334339476872,-0.00017732741102485967,0.0012324528947138223,-0.0009776328974963723,-0.008839925079331817,-0.0008700190138262471,-0.002961203100006208,0.03650792337976673,0.0015716777892656924,-0.00021971041290012178,-0.0010701574404750665,-0.0030825403100565186,-3.7445654578281e-06,0.002178065042735525,0.00010885069805455401,-0.001180752139297686,-0.0005165653140518532,-0.00018759488008206942,-0.00023889028494332182,-0.020063270967688188,-3.285432600441359e-05,1.2026118603025008e-05,-0.0020945948528485357,6.118893001065117e-05,-0.0001559662459291889,1.3734475228347235e-06,-0.00017869045762512964,-0.011869465360564338,0.0012648688504248965,-0.00022468255958249989,-0.00023443118658549034,-0.001917513934307738,-9.565704912164541e-05,-0.0002977000385174203,2.025186271379948e-05,-0.0010344265740598007,0.0003573837367798179,0.004552694085236138,-0.015876093643871346,-0.00014986675167578435,-0.0003272614964670782,-0.006369733118927363,0.009199080996735881,-0.01571619878222162,0.0002520407013699346,-0.005739808494233185,0.003776594426684366,0.02049746951793123,-0.0003340274364031742,-0.00012363929922889344,0.001248372752400135,0.00038247739903677074,0.0032163842488277345,0.0010261379026570141,0.005916776615504465,0.00015114514896039924,-0.00019757869144917256,-0.00021132327780826188,0.0001986097981539845,-0.022509481723659033,-0.600576285747214,-0.04261523067513257,-0.0019077741418880734,-0.0009370076255046208,-0.013920285394262032,-0.00014411711197637872,-0.0009988524082811794,-0.00020000436538058293,0.00031112803729684295,-0.00025428891144203825,-0.00021832588479858407,-0.00036009945838336486,-0.00021453102634559108,0.0005421054696009876,0.010642152305355604,0.0016125884053040042,-0.01084887475105958,-0.00044954067144997836,-6.385933943935367e-05,-0.001853987894018464,0.00229838632840299,6.611340699100803e-05,-1.5817581649918552e-05,0.00016130180527596373,0.007455501779039999,0.12517464813167384,0.0011047114204993161,0.0004140777737455555,-0.0001242647597723104,0.00038531356568653226,-0.00013732953406013493,-0.01210097360386364,-0.0024612332864246966,8.94765608567185e-05,-2.428274658048329e-05,0.0019138502088511386,-0.006366227832436101,-0.029736022335230695,0.010896352693344255,-0.0008016115756249564,2.4556228622349147e-05,-0.0010678687254357692,0.0004051786523439132,0.08469728797128517,-0.03334692270986149,0.00010522284339770874,0.004537189831800325,-0.008886698817434929,-4.087187920092869e-05,-0.0003744992197095645,-0.004336641961118421,-0.0015448249174533752,-0.0010862639932506626,-0.0006615410930326925,0.0001548771485325776,0.0003489923316253873,-0.00017705828035228697,-0.00200482437481485,-0.01776148423356243,6.822587846766481e-05,-0.00035491092325814436,0.005785456852700353,-0.003018784249766752,0.040131413667676745,-0.0036395939043609386,-0.0017907542558899478,-0.0034038299500122942,0.00014456405959001277,0.00020119876411889344,-0.007625549596576155,2.2618838733239185e-05,-0.011364055941139112,-0.005577215037070064,0.0001447651357364337,-1.3621846695165488e-05,-0.0009825509107850947,1.3591915769813794e-05,-0.0007610306015253137,-0.0030213560264461124,-0.0003710302828701232,0.001427317011006751,-0.0007304019611735554,0.7518230503135401,-0.000574076923842994,0.00035521920548968797,-0.04347004226168765,0.014496560702778907,0.0004791539693112094,-0.00041038554575777814,-0.0008506761174998118,0.0008857558130039578,-0.0013382107730751354,0.004425314403047444,-0.00021896085942444505,-0.00012463717105544827,-0.005575049586989967,-0.007830483875452956,0.0003510187505502289,-0.0016142955994442618,0.0006310232746706962,3.805541564409938e-05,-0.0013536710486119071,-0.0007813035621339468,0.0033106636101783503,1.4641366651969688e-05,9.45322869618109e-05,0.0038321266557018443,-8.414709378392e-05,0.00012598353436916662,0.00023528973942837407,0.0208507179589227,-0.0008799863480263014,0.00011713012235345897,-0.0001039409711279032,0.0007571391234632832,0.000763167418956867,0.00010657190992452437,0.00045743797053819874,-0.00038288711517629737,0.00043372108452054375,-0.0010970130610350598,0.0003980326518330029,-0.001404724718937126,0.004624848149100155,0.1353335831758127,0.00025333842224145586,0.00015479992789168987,9.40157933826916e-05,-0.0013782344144397758,0.00026520442816660786,-0.00014809168214577258,4.4975210826531846e-05,0.0005831761962401643,0.0006834990822068157,2.3745429555638818e-05,-0.0020536068478198295,0.0015602030283541337,-0.007960526244624818,0.0034873691326536786,-0.0002205989043564964,-0.0003542689068588038,-0.0020196784724431623,0.0024913520128659397,0.003895654131619297,0.00040684108216950895,0.002737161111958579,-0.002505117076351361,-0.0007789241477154136,-0.011130904446902023,-9.811525911060924e-05,-0.007941181194279855,0.0003310494050403354,-0.0007093485150673753,0.0010675516742668918,0.003598085510851672,0.0031996163197594864,0.021313368533294883,9.17865988210656e-05,0.001774502348558964,5.188521259712103e-06,-0.002319151336910437,-2.9928286074572806e-05,0.0026662232319153616,-0.013107672152626764,5.8766142263704316e-05,0.013300819209710804,0.00014115064295841927,-0.0038425328796772877,-0.00968421933280295,7.551079153136691e-05,6.920029488061835e-08,0.000636594522953167,0.0027048391078789958,-0.00012587540214918907,-0.0009334600944288542,0.00028852101917910234,4.810075235875183e-05,0.0047567189866036825,-0.0034714263544653808,0.02715816802008461,-0.006143077716643925,0.0034299701379750243,8.512137927016439e-05,-0.0011856642890592118,0.007241735142492853,0.013328050974233209,0.0009027600354634385,6.296513330981447e-05,0.00015509556369449696,0.006431410445519076,0.00039247212378547573,0.12837277775996953,-0.0005138650422790885,-0.0003227072465130569,0.004956484486299962,0.0017845396993379013,-0.0014770519485659461,-0.00017997364694520058,0.0003690554739334223,0.001091140718611175,0.0007085683773214346,0.00010863840998251613,-0.006044365130286574,0.001291867600616988,0.0031837541716692543,-0.00273255797555434,0.016860118206752785,0.00013675406527226378,0.0043758512505893965,3.390866387999354e-05,-0.0005374049948762469,-0.0001794699911757524,-0.0003277523335294768,0.0004926757556074658,0.002748715501683925,-0.0002034008454102794,2.214936171533472e-05,0.004329741706379677,-0.004046246374207429,-0.00013294431247797147
237,0.009227133164482523,-0.00021011119318302407,0.0005182333845658339,0.0011640191028189553,0.000655155315499617,-0.03942242697966878,-0.012642207071245259,0.0018505913837439,0.000503214135215705,0.0002686998176379095,-9.313042902324431e-06,0.000957997424595099,-0.029844748231147904,0.013192290262078417,-0.0003580783473160756,0.02723486429858749,-0.056527689844349735,-0.0009337258565296769,0.0018855291447325423,-0.016640410744390058,-0.002008353419161363,-0.0005835425194764474,0.00041976957014352306,0.0042342138253121525,-0.06787614773706684,-5.673698009247066e-05,-0.03172721410381667,0.1702632855760266,0.0020478227573698347,4.36122129150035e-07,0.011543173796758482,0.0017467904336523968,-4.628806882889247e-05,0.017022795775027848,-5.372647313938578e-05,-0.0012245468045350046,0.0002109359360945827,0.01264536013762364,0.00010990386576055326,-0.12406932440423417,0.004615774804154102,-0.000152996734070518,-0.010832305169844042,0.00021802948546445489,-0.0004744018732457042,-0.0014771116522726173,0.0007880791343698474,-0.03689404797118888,-0.00031313833349196595,0.00023689193268995167,0.0013606191900372329,0.00020418344824994154,-0.0010133702455087795,0.000887168840948254,-0.00046297996326073385,0.0005425334225876829,-0.007055327007217747,0.029897236291122183,0.02712273566201162,-0.00024597178181521087,0.004121032185061161,0.007827511986648482,0.041911141374139774,-0.049046555343426564,0.0001640994080283507,-0.015954954675931672,-0.0008083958469270436,0.15007136488408918,0.0012914145703664878,-0.0002721083862570507,0.01144078626582751,0.00016922116959150121,-0.0008671039771479587,-0.017845116883805426,-0.002220541454884324,-0.00021820626693587822,7.338230609539934e-05,-0.001060423090529141,-0.00011994166879926091,-0.0421985004191859,0.0746434983313999,-0.18250699119879174,-0.02370482317817782,-0.0017505406150691602,0.06589828077650443,-0.0012678094013017643,0.054210205326520135,0.0005230999523389269,0.0003024192122083496,-0.0003675891908004464,0.0003441026778988898,0.00026544291193914574,-1.5400272414825555e-05,0.0006591537475026145,0.05774777960177642,0.004466712331774796,0.0014098968376901992,-0.0019068566460250765,-0.00026829450071457275,-0.005286875261967399,-0.00041778802910648165,0.0006702882468718604,0.0002852969496654283,0.0002820928919056538,-0.1197238586087968,0.5879277592808089,-0.001595624472996512,0.004788195550856753,0.0011924710036570925,-0.002506240428009418,-0.00028020219072223164,0.0012754260526275409,-0.02271532562657945,0.0001663083385429788,9.699930920459808e-05,0.006843953166100425,0.014015926329616374,0.013434847202767173,0.010830507602781468,-0.0033670951708711346,0.0007182398238792746,-0.00097678513588189,-0.00015693143185579322,-0.0058657404859254435,-0.05762895747724492,0.00075217964936709,0.001984440769987993,-0.041911749019332104,3.088155461281744e-05,-0.0003259424844869307,-0.03326753805637986,0.0022484256987926584,0.00417863189050319,0.0015540972807294023,-0.0013847157008656037,-0.0007139703549719815,7.96958962499001e-05,-0.005926965924916615,0.0013585346544540712,9.83442701734949e-05,8.252823968669248e-05,0.010671556618964111,0.00177205612924849,-0.003741235998416213,-0.009334848554053863,-0.0032816500173012816,-0.03748484592032986,0.0006583054253235986,-0.0003847068847345461,-0.02015765010877468,-0.0002730339542251414,-0.022045085334674974,-0.022098695929752485,-0.0024820677707741586,-0.000500763318860092,-0.006357376552776743,0.0006988431374180155,0.0013120904390216369,-0.011818486377856355,-0.00010164633076782236,0.012996579810165415,-0.0005401989194461594,-0.08974350873959637,0.002207362821644642,1.6300966508625211e-06,-0.15226129407087569,0.21217641795862618,-9.701241619720392e-05,-0.003771685257637842,0.0037625372160350456,-0.0218984736456711,-0.0007354268055982712,0.001641513866357303,-0.001105744135938157,0.0008069405167988632,0.0021580661601130133,-0.019048798907186856,0.00021201458854505596,-0.007786917410576038,0.003514080404521101,7.751299063882972e-05,0.00038365020339191066,0.008896904739563333,0.007708728248755733,-0.0010885536294102044,-0.0002894431930792994,-0.08227142412036123,-0.00024699376954690627,0.00038318536174970774,3.870867519910597e-05,0.030282990027961844,0.00039127016892927854,0.00015599811515551627,0.00032701645379712343,-0.00042899024212393177,-0.00046483232419075593,0.004517932343990175,0.00196538726543999,-0.0015211686668325038,0.0033788268092614744,-0.0009688124983374758,0.0004066813224364377,-0.012191476614633786,0.08613466631026903,0.41074681422533804,-0.00035988928921799955,1.763827782282415e-05,-0.00019567885096352829,-0.0030699833766542643,0.000978551125552257,-0.00019854383167551407,-0.00017541464280298145,-0.00028591429179824416,-0.000674739904811727,-0.0002363015263855267,-0.0015208232755724001,0.00034882418414380586,0.00048704876378620737,0.009036088601095879,-0.0005609132365734133,-0.007993863285129901,-0.005155388613815035,-8.069600677180599e-05,0.006654801436318726,0.00043689519916800606,0.0017378147941635538,-0.013072400159818596,0.002802585297020474,0.012712972046672561,0.0004049417845833677,-0.0037003153692849846,6.941983314767697e-05,-0.0009458971892350254,0.0019112647230454401,-0.09307436375530287,0.010420473447846792,-0.014034781460183528,-0.000324104354293607,0.001888633881932648,-4.442232054008505e-05,-0.0028849835352203626,-0.004057794538465077,0.00030645432430924033,0.0005817954023774766,-0.00015654332908309615,0.0028303649104813406,0.0006261117399914143,0.004921006085472033,0.0016817507738520272,0.00020560005814907693,7.699805716100336e-05,-0.0002941312323093601,0.009940998230895856,-0.0006988179957527354,0.0007655925669223101,0.0012104844747534696,0.00011039961834342937,0.00680787604463371,-0.015347301460281586,0.11446614190514945,-0.0028942323011701444,0.0033477819748511098,0.00016000782385505036,-0.0001795832583533028,-0.0033122227787262043,0.0005735640632765675,0.0010901046706143962,0.00016024926455647515,0.0002683297230609274,0.006057796185020706,0.0006966725763553269,-0.44028094181131516,-0.0006103968217296249,0.0014553110113003954,0.017049148161159745,-0.0003425231331595684,-0.005471395009369629,-0.0010926297233584906,0.000989176259159767,-0.0014417664423051757,0.0010665203042343175,7.855378750516034e-05,0.009435576063520103,-0.009877927060548568,0.021096441815273585,-0.012973140800083818,0.09170997725864108,-0.0013168684548126037,-0.0048965635983565375,-0.00046901074533196516,-0.00023315199675872159,0.0001548095070961729,-0.005119509938138663,0.0022700173461983994,0.020438401934436305,0.00018828481512507544,0.000984797206828007,0.0218480157738454,-0.008513899618021412,0.005094847043508496
238,-0.005017925179335613,0.00022586759899628772,-0.0003667742080036545,0.0002783842660756559,-0.0003878425136384818,-0.031070030307363654,0.011417009414383875,0.0026648137617976513,0.0014979561174694074,-0.0006980671335367304,0.00011180458493525135,-5.617380777036846e-05,0.01666278190352752,0.002065366026147467,-1.7572091114150066e-05,0.005039929141254869,0.010386889630218095,-0.00036853296657033026,0.006510562587104101,0.006291964916969529,0.0017618039203918488,0.00024022712906136487,2.5308088791399508e-05,0.0038909693142425202,0.12135981911697477,-0.0017210755672210087,0.011736193755211087,-0.0896262565977115,0.0036294541430956125,-0.00047254049211117866,0.013272991105092521,-0.0010921176942388644,0.0002168474316675481,-0.0021065457325025877,-0.00041067024508836987,-0.000640748197122459,3.551544305514104e-05,0.026532838931588146,0.0005226396529275459,-0.0006308811928214082,0.005328461220000415,-0.0005031143398433213,0.005401550076211757,-0.003979346839538097,4.273238696430627e-05,-0.0017798850972453695,0.001216835068354802,-0.06726808465582496,-0.0002923372065935046,0.0002698829985737644,0.0007001462330866459,0.00047911312395729634,0.0002938552144928549,-0.0004666715673078388,0.00031397674955011695,-0.0028538643314945052,0.0009594603768199139,-0.018199756726703084,-0.04185574528015349,-0.0002768653399301121,0.0035784269820394485,0.030341107810135146,-0.02154082900183662,-0.14664834854909542,0.0001136860598097509,-0.0038966101562955334,0.0005351962636822447,-0.2552339168090091,0.00019163249360110304,5.244834296308856e-05,0.014157470722157093,2.6150454105527444e-05,0.0037866405598632677,-0.007596686003566619,0.02240443970921408,0.00015037204350369822,8.312586437782613e-05,0.0005142592333459494,-0.00016115965114822748,0.01878049105656914,0.02688164847328841,0.0382631576475745,0.03510864342200829,-0.0005745284688886835,-0.009537509668196926,-0.001163907847986043,-0.03917001715450586,0.00014407846805442048,8.435463056271448e-05,0.00030149088236402187,0.0005340044532789062,-1.8706282983432267e-05,-0.00025209887297396316,-0.00015081926219697242,-0.03899680670606044,0.002231399464277959,0.003281261066815251,-0.0010780691533872786,-0.0003038920978655074,-0.0012374358861120087,-0.000251915782873321,0.00034963108563093137,-8.859650602740599e-05,-0.0005233451177871287,0.07204290226247588,-0.3302070134348599,0.0006098452666661348,-0.005058135905020837,-0.0012514802141819071,-0.0010761291114193346,-3.949993140668975e-05,0.0009764035011806567,0.025776655214010753,-0.0002651247164842871,3.45192221565746e-05,-0.0054356645072076,0.001619067163982341,0.004629608626725556,-0.003385107361559538,0.00048267932962024144,-0.0006465238388354989,0.00386475532078136,-0.001018484741275665,0.003512842671455,0.05486108732218578,-0.0011743882652867801,-0.008737870592295839,0.009462207990248862,0.0001929922666381009,0.0008083416382900046,-0.02667117816183979,0.0010684073181096527,0.000397561159031121,-0.00027347401827252944,0.0007863879330110538,0.00014141007616012987,-0.00023234998852377474,-0.007471361310153963,0.0013698819138027246,-0.0012634653780150655,3.5395488374771744e-05,0.005421320826779083,0.0014280386480540672,-0.0012792348834101382,0.010196074993226282,-0.008587540660244444,0.010323019606838353,0.0008890299784776272,0.0005329220214703662,-0.00046208432952236033,4.052714863717597e-05,-0.006051512568838558,0.006904653214520154,0.0029451466927284268,-0.0005518297632820179,0.007549556079307678,-0.00021067410110289266,-0.0005056140580005355,-0.00248545585869297,0.00016372039077881036,-0.0032726056740201505,-0.0009866302541209702,-0.03381610555511585,0.0004955658131988797,0.00034447744695497297,0.08911295043984416,-0.23415508037115257,-0.0006950481604847264,-0.015697351138615454,-0.0003575800138407221,0.013259887192948745,-0.00022949482322777437,-0.00291930891021644,-0.00010819864510392199,-0.0001133824684796125,0.01380932329450543,-0.06665582617072355,0.0004750239281418882,-0.0064403427836244465,-0.007952369044787428,-0.00010901794641621221,-0.00022383002803083802,0.002769948928213059,-0.0038077642645725183,-0.0008739569898162276,0.00038927361086292306,0.041167341947935934,-0.00022254027832060638,-0.0004330522613541221,-0.0001116381455904614,0.022760082698051454,-0.0013110018431619535,-3.033950631120899e-05,-0.00022641550049369488,0.0003059018517072992,-0.00029589188568300215,0.001715630103320116,5.511125254450324e-05,0.0007202419327165788,0.0008515873306365173,-0.0036387526262268424,-0.00028747024865320367,0.02032932552378789,-0.026865156776465268,0.8093818256875134,0.0002379921674438507,-0.0005528583700780722,-1.6644668770949764e-05,-0.004034046671719259,-0.0006636810238724065,-0.001369004370937592,0.0002345177545644301,-0.00133817000131882,-0.0008224499532853576,-0.0002739435931629827,0.0008663736059432934,0.00012812504876497132,0.0008411814514536248,0.02242046763644195,0.000547252177904238,0.011087678117477396,-0.017770923872915352,-5.5476492783486375e-05,-0.00019015670456238622,0.00039351120665552953,0.0008542165796555824,0.027223805829934073,-0.0015332090162193306,0.0020156367203702213,-8.344446465199419e-05,-0.0004755609070156276,0.00026276644602465926,0.0006158943922975179,0.0010940584596667842,0.05456527325418073,-0.0007125341922095572,0.02842868700540007,-0.00014385735626337888,-0.0011347834119435846,0.0003621304841556717,-0.0036242611227132846,0.0032482944795670303,-0.0019637377095154266,0.035907604352748604,4.21485264449073e-05,-0.000753327364298132,0.00045259707303497434,-0.008166832944320654,-0.004432458338885159,-0.00010089703301466475,-5.5171514582858655e-05,0.0001244181008488068,0.023559678513781015,-0.0002747132391977946,0.0010242484553573232,6.920281563885483e-05,-0.00023033105268917622,0.0016428244343912688,0.037199960121673356,-0.08903015840487867,-0.0030360484582319693,-0.0028665690011032852,-0.00010066197164284099,0.004897197345145273,-0.0005241183220889669,0.006383370030851533,0.0006257653338137856,-0.0004395054769565955,0.0002755021940687814,-0.0011013411465060662,0.0007008944476422439,-0.05857786558146684,0.00029119689906919027,0.00012321566601583437,0.0014352975969643324,0.004109362057049956,-0.0025842247048441826,0.0018115713626227921,-3.663264651205118e-05,0.007302927798996828,0.0015784707202339768,-0.0001618616621789663,-0.0008069587355623863,0.002039448636171115,0.01224823263823005,0.03391948966979691,-0.05577314710575463,0.00028140278997402737,0.0013867964349318501,0.0006728842921074982,-0.00038820483194391183,0.00017801978343720548,-0.006594805192534222,0.0006287407370063006,-0.013517969093514194,0.0004378263526823873,-6.983612124015527e-05,-0.002773579920135143,0.003922978932953295,-0.002446910765792271
239,-0.004743616053974559,3.100186320070808e-05,-0.00013406043177289877,0.0008112885626042551,0.00014158617322505666,-0.025168436437559324,-0.011416357800488828,0.0005888317152868937,-9.208206006533319e-05,5.628458374070701e-05,0.00016983545409417558,5.700334010307409e-05,0.01717347111223891,0.007035017051305797,0.00020217561212790844,0.005428200511641265,0.1788281811971453,-1.1741253565036164e-05,0.0014300359802695058,0.015697369272040844,0.0003875782720617095,-1.5702742957889038e-05,-5.658931683689625e-05,0.0008944228698795666,-0.3233479149451685,0.0009716156599511184,0.02383240251990244,-0.06696128726618229,0.00010734957675746868,-0.00035423773961739714,-0.0013614694607127359,-0.0005844390169598597,-2.1998699037871494e-05,0.004549094333371459,-0.0002946117380697999,-0.0001075747254208892,0.00011201530831922435,0.003948462001742191,-4.222134565132901e-05,0.25333507152666596,-0.0014105740186756421,-0.000288519075544479,0.010288217463523758,-0.0031435831943449153,9.923848401570401e-05,0.0006550431661912067,0.0003018258121385486,-0.016220559709083884,-0.0009711510839114038,0.00025518080380373606,0.0005484837238953627,0.00032138736734858294,-2.9781987273889152e-05,0.0004472281186837547,0.00022129930757106356,0.0027364896132354467,0.005350001007432853,-0.007419759249919137,-0.019606072919719556,-5.162073048498722e-05,0.0014626536874684877,0.014098650635911992,-0.06667487485019613,-0.024591396096719086,-0.00016040687161564954,0.004591855095503328,0.0004910197845141694,0.6743290997229899,-0.0010479596573696414,4.2007555296839916e-05,-0.00022582145722978113,0.00019297292822206564,0.002415841125208807,3.550682858317368e-06,-0.02534159463063062,5.913188379712796e-05,3.119017961823213e-06,0.00044362760567334333,7.52434558531287e-05,0.07531578743088423,-0.008096649870344272,0.05255723992819358,-0.0781966631969785,0.0019425315502524165,3.2219211640927004e-05,-0.00019431883798907978,-0.034778374186145336,5.7938051822380154e-05,-0.00021642209334988508,0.00018182255873937236,5.0539028907090316e-05,0.00015850178551996864,0.0002560447251317363,-0.0005316327984563052,-0.03137408943689461,0.0004733636008534374,0.0013739029620441923,-0.00011619438339540626,-0.00014034326373543737,0.00718449327377189,-0.00014599630235060876,0.0012243435197666925,0.00022018164417697723,-0.0002865392340784048,0.07298207135972537,-0.2528636100536409,0.0004987106844793112,-0.0038053750889944886,-0.00040271140080609495,0.0006013254839892223,-6.00972082142881e-05,0.0003445424522359303,-0.03996972265921989,-0.00019700774807512866,8.074271053606918e-06,0.00042511872792132905,0.0003931685471766193,-0.002705821513501801,-0.00026929278028363715,0.006696224373302641,-0.0008896359623417728,-0.00011092668008723036,0.000745746364703502,0.004140391616682499,0.11204819875033173,-0.0012243194597806387,0.0016476887340620672,0.11295457700274034,-4.972368522537796e-06,0.000782097899538356,-0.0038400831925165463,0.000430845448825397,0.00032958795930408506,-7.44536093438713e-05,-0.00038400383261750874,-0.0007646172615381006,-0.0005594621235597008,-0.0008792798137069405,0.00046831708659861694,-0.0006197588820305369,-0.00042990111086042143,-0.06119660176000402,0.0006903432284514639,0.0011048467940445719,0.009198745671251594,-0.004087560291172951,0.02039479232316526,0.00013296204142880584,0.0036948538690087635,0.0062024410122265535,0.0003249660564312614,0.033088254542663016,0.06826503629396209,-0.01109161122388904,-0.0012059199432286902,-0.01294164873826582,-0.002993957968821466,-0.00011490249635874236,0.001647736946324363,-8.926146396951926e-05,0.0024627091275235885,-0.0003225993360733846,0.012353046595790146,7.268749331734714e-05,-0.0007741399101786361,0.08320626441647203,0.34019199653633436,-0.0004210229734223983,-0.00612362969022491,0.0009685678531023145,0.014602070351977213,0.0015170504637762264,-0.0025430705138658224,0.00047565553234336715,-0.00012610538106580787,0.0007619329001498671,-0.020634654031654247,0.0018412224705735597,-0.000893193483813292,-0.0023714797607148003,2.1365283456309392e-07,0.00022698278250676222,-3.102167037970661e-05,-0.001981899824862363,0.0006400758761880634,0.00023588830183230228,0.04753943292193912,-0.0013597157073907077,0.00011368993710188192,-6.352945049939874e-05,0.008752528090778023,-0.001651108890070504,-0.00013096352093629193,-0.0026037891600835146,0.0001928598263441772,0.00022493552508202896,0.005412331746664716,0.003858077524184529,0.0005887666829293907,-0.000635347347189566,-0.001981435358571707,-0.0003538874281754263,0.012978239935838515,-0.0684876361449708,0.18641241916556772,0.0010990827207863884,2.2665943613338346e-05,0.00019100771554656166,-0.0005193372052734909,-0.00041494329589247684,-0.0005255948853725443,0.0004400944862908186,-0.0023847752318181914,-0.0011182422868747394,6.468328998907036e-06,0.002113181092005299,-0.00023213894422484068,-0.0007455281795769233,0.003920308193101837,0.00011204716437241899,0.0223493179517747,-0.004820690180316587,-9.780496438500236e-05,-0.018017733925808712,-0.00014057735063027738,0.002006103379650514,-0.0771074266668207,-0.0010442190929192828,0.0007115497290524798,0.0005339102118802948,-0.011275556491666498,-0.00010156107424167532,0.00025151904777695813,-0.00011810237866549667,0.07272226045444072,0.003994456191934618,-0.0032441116891157667,-0.0010790139239672467,-0.003794712774285249,0.00018876164574371367,0.001998362908747761,0.0036114707088386283,-0.00011543973800004406,0.0009769342416123838,8.761489979258047e-05,0.00015710091458090675,-0.0001712793433543977,0.00242936444505489,-0.0005338573122401756,0.00019015875239150604,-4.974741138986591e-06,0.00016356884421140088,0.004026873774385746,-9.515293310382797e-05,0.0009998035476445398,-0.0005048473797740203,-0.0009069931441599566,0.0003154555501944425,0.018011150397290347,-0.10792153273292607,0.030691137841993114,-0.001611309183392428,-0.00018209609911093612,0.0022813719933715212,0.0006717138054339277,-0.0010652874325688883,-4.768449651623187e-05,7.798548602507005e-06,-0.00020358511771160093,-0.0011462903572354367,0.0027827706331843925,-0.032330200128197026,-6.835871838393234e-05,-7.719276055415244e-05,-0.04170057901217596,0.011071765728631326,-0.0008739925743342508,0.0006049935789558796,-0.00039718091792383635,0.010685788511842305,5.5334587714925536e-05,-5.287945384091497e-05,-0.0016725459014421437,0.00047523724177296004,-0.0008007950009098373,-0.11161631665470681,-0.03215182820348901,-0.002527448921331575,-0.008133546873945664,0.0004114311452730196,-2.0198433465182936e-05,0.00030693426750448907,-0.00017257437556347788,-0.00013938292810819833,-0.011427064369001792,0.00019749750672019319,-0.00033347587432552665,-0.006350654938475843,0.01436351945763392,-0.002488815373803188
240,0.001044777477230467,0.00032320269076379325,-9.834779056964093e-05,-0.0010282220882057067,-2.4425565677952624e-05,-0.009168472375212844,0.0082612280032489,0.0007239306878247882,0.0033727532576808814,-0.0008129815777018178,-0.00029764043441911836,0.0005451029732053037,-0.06386065836623273,-0.010261179026671492,-0.0005872664288748223,-0.010632626598611987,0.0033993132866330373,4.408667204605166e-05,-0.028983246449883027,0.006010911901744748,0.0009713395099319958,-8.52992944077105e-06,-6.6718435588046e-05,0.0013918648479454986,-0.03258057524055355,0.0014457419883680668,0.01888041445101833,-0.03750991472551254,9.36146008569947e-05,0.0003888563801242562,-0.004786724267671671,-6.32070345559961e-05,-5.8343501438429604e-05,-0.005238387366802552,9.188402625570288e-05,0.004135632198511007,2.0193850546874198e-05,-0.03934892343088585,0.00035696075897241,0.06289129134541163,0.007108610740078792,0.0012461299793340625,-0.0030344909978300134,0.0002892681232528686,-0.00040340039665573944,-0.006231516816079341,-0.00017412564508024358,-0.007590635252737164,-0.001217037917246013,0.00031623957379037725,0.00010979695739594996,0.0007336388683976502,7.901370494347161e-05,0.0005294904040323172,-0.0005753317716693622,0.00035657037334854225,-0.011773872910356281,-0.00011365713194656237,-0.025715746161325367,0.0003960607007145005,-0.006757570628879899,0.008919707652039663,0.008023941415915024,0.6451603212466901,6.266735636686546e-05,-0.0009807422882014646,0.0008419149750855967,0.06294709720732289,-0.0014255047134734981,2.4867498906146028e-05,-0.004605563532954367,0.0006637103547806845,-0.018135142340231385,-0.003396664600224621,-0.0024375837578811572,-0.00012180422758200238,-0.0002572716095502498,0.0009598769445357987,8.113950798906578e-05,-0.0024621543335976654,-0.011307218577575995,0.03918108245203559,0.020443279841602484,-0.0031585774171314744,0.07164589782919646,-0.0005210439195760152,0.03739824507363637,0.0001108851539481019,-0.00057446953925552,0.00022643258809324981,-0.0009349376513963638,-0.0002100821381300908,0.00037434293319518405,0.00011553312125155287,-0.004653621687572768,-0.0011512656969031386,-0.000372454741221742,-0.0010360446046417515,-0.00021863954038996505,0.002633352943216487,0.0007112618642751414,-0.0002138909480233914,-0.000925503820786692,-0.0005685078427108206,-0.24263334736557637,-0.11857534661395233,-0.0004880313963508919,-0.0002348631041507712,-0.003080520294915081,1.672926929432017e-05,3.504899776670539e-05,-0.00047890784938030913,0.006263101110883081,0.00028046384130560407,0.00040460764574942396,-0.0010506215999143264,-0.0015497132894627054,-0.002265458575069914,-0.004137592646733601,0.0018360973623639124,-0.00025733177275118874,-0.0007963171399056016,0.0033495950317765965,0.002386464784912713,-0.01663838504322038,0.0005192223916410982,0.001129747997315436,0.006943039984074818,-0.00025518779220114716,0.0005034695782045666,-0.0071028624128364574,-0.0009424512750584825,7.999377694792546e-05,0.00018739413593945545,-0.0005442695477119513,-0.0002588262746793757,-0.0003342764635792866,-0.0028283027478891057,-0.0007019405278371912,-7.553841167956608e-05,2.7804811208939195e-05,0.014547741188532453,0.001797133621804687,8.100968206089501e-05,0.010637419572417678,0.0033675382966042162,-0.44527246424389366,-0.0017058194794052856,-0.0007056260566266018,-0.015732743973595465,-0.0013361906841117468,-0.04290872974348339,0.0007422427719325179,0.010102381274929026,-0.001051758623379449,-0.013804408712568701,0.0003097293273635048,-0.000183148381099845,-0.0013902651904575565,-0.00047643845179917493,0.0027728915934622637,-0.00015399001226460161,0.010680526438585863,-9.672927201238618e-05,-0.00042541089163193575,0.03128808947182704,-0.12549425584030915,0.0019221464622920595,-0.003184680619309467,0.0007939208373748973,-0.03825147956799292,0.00027944031492010236,-0.0026011446849043707,0.00014536830628575186,1.9038021598471143e-05,0.007349195570765638,0.3606149316729742,-0.002853094354350841,-9.24449786288525e-05,-0.008081842608663427,0.00014972744516274228,9.511174600939471e-05,5.0721029102457956e-05,-0.002105753771295449,-0.00025615341243217724,-3.732532034030761e-05,-0.15619827812279283,-0.0011993582164765834,-4.2358302790600905e-05,-1.4967012113381974e-05,0.025049757729716005,-0.00207953681675513,0.00014268109083579242,0.01055913206224513,-3.7933767900154573e-05,-6.93121319231254e-05,0.0005999002623633429,-0.031179362661226964,0.0003761855888824298,-0.0011325630583391075,0.00415574417594205,0.000704943063954728,0.019546564337191194,0.2103229148578329,0.13098425994077328,0.002349456481330524,-3.3691509193971465e-05,-0.0001855520546643855,0.000919941855629737,-0.0006184335414223625,-0.0007399947428493045,0.0006632352959697087,0.0013354353410085212,0.0007442280635792326,3.227135684449184e-05,-0.0008819882812793522,-0.00039971022327392426,-0.0006213035546161524,0.019353621201974355,0.00046129169576004654,0.006855303780226666,-0.003817900029775217,-0.0001734421003103141,0.013940044262937205,-0.0007557241675693264,-0.0026292535817663996,-0.006034568219702766,0.0021822014419053985,0.00507675823905492,-0.00012470312157257922,-0.009053796716243023,-0.0002284658934851155,-0.0026485114722512517,-0.00014348601632105406,-0.1666150112733952,0.0009725537602434597,0.03679342567850958,0.0013663220187421243,-0.0008963923801188412,-0.0004955066399320318,0.0021562944967254164,-0.008020365340936373,-0.00617671993160387,0.014482679358981468,3.471115274758865e-05,0.0017323772616005158,-0.004228983996516944,0.005992335676265749,-0.0008343485447157853,-0.0004489361070768108,-4.337108398494438e-05,0.0001748351592821978,-0.09149463935092686,0.00047094665191551905,0.0006996378667617051,-0.0008017513448995375,1.8883053525003794e-05,0.00099731554782078,0.049984495924793225,0.00608453371669208,-0.0009306467767118977,-0.00016200408165631332,8.627254790521564e-05,0.0007732431582027177,0.0024815521222484064,0.00898998407947252,0.0006475836738104779,-0.001049035707716358,0.0012301907172237426,-0.0003101827589920822,0.0012125055687070218,0.0054084743728731585,-0.00026188029776461736,-0.0024543291822020207,-0.025012100555952693,-0.0007958815905919027,-0.0006941247835605398,0.0007243994283311597,-0.0011610482895866318,-0.00361692738203865,0.0009573340221279902,-6.255386867725244e-05,0.004466303466946788,-0.009265419322334167,0.0027652727104380526,-0.005984782591104505,-0.017430771374822063,0.0013067728518836987,-0.04938947371250901,0.00040670990099211035,-7.099271889035932e-05,-0.0004469552471052119,-0.007228464875421679,6.063371665750443e-05,0.010265530985067177,-0.00015194759609541038,-0.0002651396890691927,0.0009249985118183579,0.0016618662734929535,-0.0009696475095025965
241,-0.0008081776521751351,0.00017770428092256808,0.00026517680416762116,-0.0008376202814981412,0.00032465575839951276,-0.018013496180487917,-0.010341277932659843,0.001727683946503496,-0.00018139577224651152,-0.0011539499534267482,-0.0004201086618976571,0.00018376548657168357,0.12831004282324748,0.006832886426795925,0.0001526420985876156,0.010905252030425633,-0.05538394092789244,-1.142589360200166e-05,-0.01423665615993746,-0.008966589580843863,-0.0015338245873475292,0.0001704969627921338,-0.0003293734334105262,-0.0017689354294200769,-0.013130850902398884,0.0020972008090812304,0.02064362375219469,0.032384260669852706,-0.00015407663695714562,-0.00014272618842760916,-0.004688701808631014,0.00022425058866945612,-7.875196004188383e-05,0.03788137664132958,8.735723558680325e-05,0.0021841844378664823,-9.653847885478977e-05,-0.017144125014946183,0.00031657956357808437,-0.21074035820939288,-0.004329256828974257,-0.00020286157799717522,0.002396630515999836,-0.010189606514602954,-6.03974298132165e-05,-0.0025387635545688946,-0.0003698313468607701,-0.00413469150490493,-0.001013409804731851,-0.0008735603789232564,-7.202506196775111e-05,-3.1105007336857705e-05,0.00018289235141929474,-0.0002777983123765622,-0.000978621773652889,-0.005913806119452642,0.025569855138876576,-0.008975293906158274,0.1262874230641142,1.9779407638365054e-05,-0.00365065056927952,-0.0322375166926993,-0.001130585992752292,0.30288444728062075,9.859174440528598e-05,-0.0043937101912153,-0.0007104770849838469,0.022612271200504706,0.0013251658587696247,-0.0002495869627371517,-0.006030469712916935,0.0003329782377086846,0.010775892792673634,-0.002009562606281746,0.029970896131946534,-0.00015232792305536463,-4.530043458500412e-05,-6.291674114668709e-05,-0.0001968874824923194,-0.0072461381786467155,0.02177796407838263,-0.04942783786128177,0.002700860003701798,0.0008217130062812087,-0.05299267594687707,-0.000353829734663321,-0.10030281076914443,5.371683368107956e-05,-0.00021376400232930555,-0.00014687687483788334,-0.0005914039776153753,-0.0013662011923641355,-0.0005877979143373395,0.0006781640143360512,0.009319732477780257,0.00393517281023649,-0.00011697196166328178,0.00018334448128575886,-9.030015298700303e-05,-0.002774343138583926,0.00029425418782115867,-0.0003836628590881344,-0.0003200994167318809,4.279517643222125e-05,0.4951132476931013,0.11945095858050547,0.00026683953192627174,0.00012157554649336929,-0.00036041337119197166,-0.00022716165934085538,-4.308387330376716e-05,-0.00042132951237457963,0.009523794758926547,0.0002636533300772977,0.00017842617520332643,-0.0019505147438598934,0.0014066799190012016,0.006082917033363123,0.006284240846704757,0.0031523807238798196,0.0002755305092876862,0.0012179815531296826,0.0002496529798729658,-0.00025756257260538056,0.02823835402259058,0.0001821022991073465,0.004170419322213297,-0.054993003776243325,-0.00017540274935227626,0.0010687802843209614,-0.0049685429646879956,0.00021592936328095448,0.0002806566939495608,-0.0002744691109151029,0.0006568758364606539,0.001482782839215136,3.877439227031529e-05,-6.7085676374503e-05,-0.0006000716465273501,-0.00042468147674757685,2.7210453397982087e-05,-0.0010719387850177276,-2.2103575158248958e-05,-0.0011716950696752852,0.002911934252964772,0.002794228904655006,-0.23398257865940647,-0.00036855181913120726,-0.0012639246884346364,0.010298763244449224,-0.000556195678884501,0.059632927960724176,-0.01844980312578379,0.0019655983119322247,-0.0004924236757052015,-0.003897146132687155,0.0003070509295587751,0.0005734611047903257,-0.004603092381322401,-0.00031397053600067115,-0.0010903135787739273,-0.0007630744834430252,-0.025497073438650802,-0.00014940468696230357,0.0019686421753297135,-0.03615562560696243,-0.008354278179394986,0.0014914503775701744,-0.0015796717791588997,-0.0015969522204102543,0.07898199450357675,-0.0016537543120430098,-0.001377475453193501,-0.00017568901519563612,0.00012210215603263887,-0.04768255955818809,0.18310551350228818,-0.0006905683935299895,0.00013757687588604266,0.008176502107047045,3.212520809916337e-05,0.0004164543047881038,0.001360641151413459,-0.004615880861550212,-0.00042817530882837546,-0.0003265542814888736,0.3186855857962682,0.00016600475065667395,0.0002687958690612193,0.00021578559079243713,-0.0012733310515712424,-0.0015872659290958378,0.00023801629403653185,0.006309710494938137,-0.0001870070199485477,-8.65873318823358e-05,-0.00048001397371211555,-0.015298326472956883,-0.001474242193383238,0.002122804974525388,0.0022815880184132433,-0.00010463800046099994,0.0021446599505961818,-0.412970386013075,0.05558621624698596,0.0004494445840428486,-0.00013439269234643853,-0.0004850466525067624,-0.0012701540215786652,0.0008101523773884779,-0.002340902034255142,3.83205490617081e-05,-0.0018294117623768973,0.00028837742677386704,-0.0002651375298213521,-0.009955460700671123,-0.0005171228660876843,0.0003715314486995051,-0.023314138790383,0.0002534147761308228,-0.002882444416285384,0.0008301660355131408,0.00020970039456257375,-0.031079390133314004,-0.0010094942905481445,0.004679887394215392,-0.0038493336684784158,-0.0014680165638229045,0.0003103298279102352,0.00014026735629267323,-0.008891251830966741,-7.792934274646057e-05,0.0021494825116942207,0.0007193845459985311,0.3370034354835834,-0.0008846392973842769,-0.027614729414190776,0.0001356991378877563,0.0006833494753609201,4.143710630409532e-05,-0.0013465640376181284,0.016852108683179972,0.007241224976464272,-0.12304989780157562,-6.254014427479158e-05,-0.003330805289374048,-0.0019033221809383505,0.001631149834560457,-0.002150445738843311,-0.00018768084728667395,-4.164249035854169e-05,0.0001459942124714948,-0.040244201631331564,-0.00014571040781558194,0.0009008688275411029,5.575317738155177e-06,8.37990665463308e-05,0.0005353382889615212,0.020346564849185886,0.09785785703476108,-0.021812983512796886,0.0010369192699781196,2.27067371091471e-05,-0.0009551643321029269,0.0004082930465329422,-0.006043259459642218,-0.0005178820512743341,-0.00033857701315808016,0.000675763385526139,0.0005239636242177473,0.002188625439092697,-0.02224274562304296,-0.0011554745608293782,-0.0020447348311649666,0.06948417323862849,0.0072153115773010874,-0.0009335485077801207,-2.3685471094841808e-05,-8.904584718043306e-05,-0.002421204103109733,0.0006284410516359774,2.649373716973394e-05,0.014337437840520047,0.006806793099081629,0.001880069925576378,-0.000465002636244293,0.018687435419546032,0.0014332462894053196,0.10646978748550007,0.00034411630849741706,6.103228857831655e-05,-0.00011995356447219371,0.005331223799204898,-0.001893359210153256,0.03847080351570933,0.00043812967032657527,-0.0003039522546527475,-0.00015072154605500323,-0.006474288366001473,-0.0011411956804939216
242,0.001356556235625834,0.00021899985027450108,-0.0006751178916714383,-0.0012360830619738321,-0.0003293055018585016,0.020497752072909128,-0.002575488912752972,0.001574852495665845,0.013922987818085732,-0.0006514912076474471,0.00022074359949703385,-0.0002967912350699746,0.024658583807015633,0.012577896839937869,-0.0001656344018250021,-0.0021963630640909606,-0.01855960915013334,0.0006032548241633805,-0.0017592053821981566,-0.0036325051971858938,0.008869942516510576,-0.00015557841578673747,0.0005863034003530457,-0.0008870992775932359,-0.016199264458194935,-0.018207838077792055,0.01146192417735351,0.019372260642726378,-0.0007472683322498092,0.0006451664627495548,-0.0012455651584172556,-0.00011573679709463852,5.9106513283743375e-05,-0.02307570990192557,3.764517037000391e-05,-0.0005906333424826115,-0.00015038845809988745,-0.0015956686554926191,-0.0001593528921693194,-0.046302649457382425,-0.008496408513096184,-0.000822885604823139,-0.03384907413065067,-0.008548588100065048,-0.0007455940470448312,-0.0002004515565400704,-0.0009895543091170316,-0.00054951843490677,5.86121970702954e-05,-0.00041051741047197217,9.494048455761122e-05,-0.0022113378265159714,0.0002694766929744177,0.0001885353772552653,-0.00010595120974275481,-0.0010708167848565752,0.004406240454094287,-0.0018663834578552649,-0.5434261776446293,-0.00013999176602878718,-0.0021822595232768014,0.2556603209282512,0.005269263918228582,0.036900698111352485,0.00012084551258715725,-0.003086092683402822,-0.0008370189579352705,0.03514069015933203,0.0032738503596156294,0.00042758173808851686,-0.0014436869238253142,-0.0002305287632399501,0.0001939673600233071,-0.0009745283044050256,0.01816269529170396,-5.554268190167012e-05,0.00010072434019277668,-0.0003558805480531596,9.383081168690566e-05,-0.005619569428762043,0.004069412536283421,-0.008632788859006863,0.005392562270845653,-0.0013501240381559709,0.001626314636636778,-9.217939724973567e-05,-0.013929738617292478,-0.00011210504445467815,-0.00039091635761206913,3.375136688497406e-05,0.0011565750623275524,9.879689308103996e-05,-0.00011001515156632425,-0.0001936103520673515,0.005569888010924758,-0.00021888912717556232,-0.0006960955094163137,0.0006175734582334553,-1.4892741840823653e-05,-0.0006435097149554819,-0.0003382348174911457,-0.0006491960937188186,0.0011529316289245176,0.00012732584631764896,0.09738409586438367,0.06402392375795621,-0.00015588599385324528,0.0031348711762109547,-0.00035517340900891275,-0.004757292885386915,0.0001650001909531398,0.00026534301742780955,0.006626381082998778,-0.0001557220603334963,0.00011713647241916748,-0.0032267296271850194,0.0009111660370684941,0.0016204880764202985,0.009918527578898727,-0.0006820465637638914,-0.000155459162902814,0.0003770932000675464,0.0003893133894768167,-0.0003074831697287132,0.0019662468367557338,0.0005544347021010016,-0.07116786743799808,-0.01981142761359069,-5.581868320833454e-05,0.001197344544541211,-0.0038863092368809572,0.00047384395153343174,-7.038686906806141e-05,-5.0835222206320344e-05,0.0005423491737766137,0.0002423104999755612,-4.038148294259469e-05,0.0010206595918060878,0.0008282024189642553,0.0006239189219292328,-1.540846550038711e-05,0.005262216077619609,-0.0022419080450557668,0.0022610540226503523,-0.018337875235956813,0.0004891692974112575,-0.032292650381739355,-0.00033040191139730086,0.0004789183226030766,0.0028213984412692942,-0.00035604643633720774,0.023479103638513188,-0.0058151329528638865,0.000525376511186449,-0.00040862030039967156,-0.0014381300914771574,0.0073581745084335855,-0.0012694367010944894,0.002674450545845942,4.356424890187248e-05,0.0009143262851894539,0.0010331165439431361,-0.007117213999221535,0.00019459867612660504,0.00015467978903949383,-0.05676402022814957,-0.025358668141486494,-0.0014286552952064852,0.0012438954620797096,0.0010637527134145805,0.013793689464924652,-0.00035915075894823534,0.006181764322688795,0.0005839621657516359,9.91908762988953e-05,0.2804473186615746,0.024695883163305798,0.0002603285448167713,-0.0004661563675481665,-0.011901964092464143,-0.00020594242492829457,-0.005018492318986253,-0.0012691039300358918,0.007788304391236565,-0.0006159596738563077,0.0009843206390036255,0.05605512978364084,0.00013150321605707657,2.5317965796112316e-05,0.0008774278179161643,0.0024220558086220896,0.002928036493072442,7.2218728657137e-05,0.000881344960693775,0.0005279608634196303,0.000117028583671426,0.004103371985935681,0.0001628884946237686,-0.0010817629718479398,-0.0009942245469699907,0.0015430987636700117,0.0007824512500481454,-0.0003008831964036424,-0.07654921355837148,-0.03674257396409642,-0.0004949728933514445,-0.0001321330504297425,8.748676233107794e-05,0.00043228106223112126,0.0005321570007077558,-0.004201700066270987,0.00012773206023853137,-0.0059918324888878225,-0.0005148594660479506,0.00020516805812153746,-0.001981937982234222,-5.9860732472873926e-06,0.0007999924345244444,-0.0008633102061593421,-0.0003074751661285048,-0.0033095518253288634,0.0016816157429534369,8.011433546594403e-05,-0.010963260693692158,-4.033887115996855e-05,0.00676615921427372,-0.004884969294852781,-0.0030481285658336384,9.54860953008604e-05,-0.0002735360133164005,0.0010870971096047016,-7.139707866667903e-05,-4.6259977789820335e-05,-0.0002241476335603414,0.06205911081152508,-0.0018429459411933428,-0.015751598007630496,-7.428055076973573e-05,7.960961085512225e-05,-0.00023756888984529685,-0.00021328637286386698,0.003229419488106542,-0.013122943672351662,0.7102637420389998,4.773753049016824e-05,-0.00019510883572607313,-0.00022227504301538652,0.00640385885934459,-0.0004141730534833176,-0.0007465960329411188,2.4276343782736812e-05,0.0009893236623120644,-0.005928155501045519,0.00047072113570229305,0.0004410179412340483,-0.00034132047614001407,0.0008041111346992669,0.0023322766500180436,0.005259859304817857,0.04535800343580838,-0.006199316061598033,0.002078511101754903,0.0002458646637238295,-0.0012596951968051094,0.00047686783707120127,0.008529744221590524,0.0014463562970282928,-0.0008344428089531106,0.0007711579003784671,-0.0009648870195175232,-0.00025824776564620016,0.015615377046317255,0.0067711597529498966,3.207888768429784e-05,0.010228900486299864,0.0011996058289899096,0.0014117475544259963,-0.0006211095522070439,0.0008200036248347221,-0.0007738437986755861,0.00036603777201422375,6.62113207098783e-05,-0.032361212461104176,-0.00041226560336076726,0.001267528091662088,-0.00873772948461451,0.002063701419065691,-0.0005837190263528731,0.018522814580894227,-0.0002282736208688474,7.408576535157638e-05,2.4756455554673755e-05,-0.000464062891630703,0.0001226672348984178,-0.01924128427249969,-0.00021993660600415327,0.0002726384834571211,0.0010083825803428332,-0.0021872460468966067,0.008592687142625014
243,0.0029941066265119624,-5.36495263199141e-06,7.64545491456518e-05,-0.0017109243408771034,-0.0004883451191413481,0.007582700602195867,-0.023647203401228153,0.0008883967949615199,0.0005922963877239024,0.00028332719293217186,-1.425224965665578e-05,0.00027427536246288874,0.0013731030569937852,0.003516553227577799,0.0004816505440048899,0.006040767805687754,0.18282710100888705,1.2506849662566669e-05,-0.004020573211147467,0.01283942898061491,-0.0007650874279967728,-0.0002284157198655691,0.0001093364701984529,-0.0007557154893490844,0.2078490883941732,0.0006942666436018262,-0.1503957561080628,-0.016610820636026646,0.002662933559060077,2.196192563644339e-05,0.0002756478491490275,-3.3035105649389246e-06,-5.683440750171506e-05,0.03251537908636997,8.705985371454394e-05,0.0006726591186188412,3.561523365479269e-05,-0.0034450602451554175,-0.00013501526061729732,0.1362726136918364,-0.004009278408023656,-0.0002722089351383005,-0.00432276355485656,0.022864324036089248,-9.506673127476772e-06,-0.00131386819624418,-0.00034515654612080754,0.0028809800486680817,8.597800885348263e-05,0.0006536316710622292,0.0003941919757785719,-8.127094652327603e-05,0.00017629751100292287,0.00047581400721136884,-0.0002727795444105244,0.002238739309096836,0.0051317544699507125,-0.007104616235977434,-0.03122105955468768,-6.24038281069831e-06,-0.0011401554058709492,0.028689041643620038,-0.050828700504153106,0.07275409289859393,-5.025979241721212e-06,0.001972700708362182,-0.00013771399507442013,-0.4471495984127552,0.00029966185033670497,-1.8379053308759108e-05,-0.001605812981847891,-7.2636308979306605e-06,0.006829378592180076,0.001091727671024909,-0.06846778333248311,-5.60454921396808e-05,0.00019014525589736847,0.00026995705526754177,0.00016118351108142248,0.07577904801446561,-0.009061573827024936,0.005894770127520002,-0.12664487756728116,0.0018408066076660142,0.041058071014097634,-0.000855987712929466,-0.021665453102652676,1.784082422329105e-05,-9.947299766035426e-05,0.00010371228631621265,-0.00016562176274612865,0.000185323532319712,0.00014954167973223187,9.855426540902185e-05,-0.0034655016922756667,-0.002953669425548041,-0.0009669795244922133,-0.0006249142892702682,-7.637088635265715e-05,0.0027159597213814975,4.8575305714908604e-05,0.0017556396783811913,0.0013276874143109795,-4.547061089072227e-05,0.014632276105173824,-0.06568367784197465,4.6153359753624626e-05,0.0005805565558851958,-0.0012760636013808262,0.0001479672723935161,1.3605226538149218e-06,4.147648407224806e-05,-0.07832641065188184,3.4643294989873674e-05,6.187787051158133e-05,0.004673200970356127,-0.005893406467961465,-0.005201767929899284,0.0009649103453886504,0.0050184417339891926,-0.00037428075520212854,-0.0023750181075241853,0.0020866011508330643,0.0031203490560214784,0.0917713695911692,-0.001759292265225195,0.00403119410664252,0.1290014466816629,-7.140920263260658e-05,-0.001093544501229905,-0.011684688509663055,-0.00038894564110636236,-8.947354093823828e-05,9.428487438801515e-05,2.2952893987581574e-05,-0.00015025378762847734,5.277863723648305e-05,-0.00042980086902359715,0.0011281263389708845,-0.0003481941487244594,-0.00017990526316733965,-0.06223126510920206,-0.001543643089189365,0.0005626243594483866,0.016131548666458738,0.0001681979106222184,-0.10870608851296946,-0.0010687364772257071,-0.0012205507389228673,0.00916089192476155,-0.0003909045891318276,0.010065468035533697,0.08493624826977104,-0.025849523068314673,-0.0013832279107530814,0.012146346312447962,-0.0029354008672874375,-0.0003258026583977721,-0.0041668625714452396,-0.00022504155041610466,0.00794485563086378,-0.0004808646564247634,0.011666185524338336,-0.00019345546837933048,-0.0015380292614907776,-0.011078677928821586,0.7310780235201472,0.00020509123066997023,-0.0016309174539379523,-0.0001491462113972072,0.004152849293950558,0.0009188028193052034,-0.0013098392811616384,0.0004062860338216335,-5.48434787653318e-08,0.0124514209004985,0.06512220019606219,0.0004170250363567749,0.0004327616731464954,0.00455867675881458,0.00011908554587250833,0.00020765872238921214,0.0003452338280846602,-0.002054435710680534,3.992891832753018e-06,-1.1374646617379192e-05,0.003398147332328105,-0.00021458541985898416,0.0004759836792711889,0.00019209650030363457,0.012965806838080577,0.0028242281857014727,7.843419275002303e-05,0.0021069850230001352,0.00012269809899359899,0.00034922652311088903,0.008319078071447047,0.013068203806339516,0.0006378226252882237,-0.0022918622146896475,0.002351519962437556,0.00014050744234447854,0.004323509119727101,-0.004761099841737544,0.028609451901619152,-0.0004135949120991193,-0.00025310606081582754,-0.0004157536208099777,0.0017181672592195061,0.0009925445024281838,-0.002193337817201465,4.775009555156584e-05,-0.0031422071307494084,0.00030235924751654056,0.00011203008256743807,-0.012718265745735721,-0.0001744439000226439,-0.000630379871974898,0.0008577536990463444,-0.00015943338517919112,0.021174326040185203,-0.00023428842639182238,-0.00011624042458426367,0.0033029470776443377,-0.00030250740751196583,0.0036567691940387033,0.06724229052638647,-0.003271378830939158,0.0004301037947466417,-8.676082822508396e-05,0.002802352193296594,0.0001321078956567183,-0.0018220948021926192,-0.0001681736870148989,0.02613248237557689,0.011618275182012387,-0.040251895104094854,-0.0008985014270265525,-0.00024012663181206817,0.0002585296255655967,0.000770774955793193,0.0014396667142524738,-0.0015045509829705484,0.027752826221489474,2.0654657989199743e-05,0.0003194744230735492,-0.0007462253981334308,0.004478409643675121,-0.00029385741904239065,2.4855595416272552e-05,-2.1448141477448113e-07,0.0001165877788330133,-0.009047433546430875,0.00019690541548208085,0.00038265148133934807,-0.0006513023613962804,-0.0005023551365852218,-0.0010304712890691467,0.008735895214174526,0.0866786246965278,0.0680771137333658,0.001697957182633672,-0.0003879423859927712,-0.0003341236289841371,0.0002840650086578813,4.656565923314191e-05,-3.268838298121999e-05,-0.00018851889581327332,-0.00017430313439264437,-0.0005389897718355561,-0.0030589880250620548,0.02430672006105785,-0.000307923635207266,-0.0018944453297165187,-0.018848100963325586,0.011239855822959747,-0.0010387347106405524,0.00016645264877276564,0.00010701537074022174,-0.0063360045744302405,-0.0003076825134699611,-3.808633682102214e-05,-0.0006752379440160107,-0.005382434355833389,0.0005672826197386871,0.12829979618318504,0.004717273445501724,-0.0042222409357455595,-0.01977763606514156,9.868911270764086e-05,-5.592806264154528e-05,-0.00019914217460855616,-0.00231877300287979,0.0008327546056260525,0.033246586843070025,-0.00023711277886872932,-0.0001921733232411486,-0.001249664995932525,0.01379911046221369,0.0018782883444952087
244,0.024476319146821246,2.2175279353636723e-05,0.00031027458712763745,-0.0021469329406052853,-0.00014274878537363922,-0.01844165824094369,-0.003229416537478366,-9.62425827779334e-05,-0.0028058042577463055,9.731880554347816e-05,4.864482475273879e-05,-0.0001748215759102001,-0.006850657202349196,-0.025916590805485116,0.00011418305727843754,-0.008226888666008625,0.02316394294079609,-0.00024067829616800096,0.0014248710832670264,0.018218527950855365,-0.0007291482906068708,-0.0003246354235778015,-0.00036391783303588165,0.001741876025969702,-0.032203146339801945,-0.0013005341342110094,0.02115256190749125,-0.08546178414418656,0.0016179601831642423,0.0019705575107126574,-0.01638853501541454,0.0015036369495362856,-9.141715821003871e-05,0.14191258773877535,0.0001775186765836309,-0.0024389811055230324,0.0001782489026813626,0.0020386616485832745,0.0001546893354974939,0.01844580949668348,0.017761507143845716,0.0009725729644087765,-0.04444255736955253,-0.007891020381585437,0.00037216274833901455,-0.0002392418640885293,-0.0015678320412707849,0.00947242735882663,0.00025579988349265243,0.0008237790833145269,-0.00042202737975542,-0.0015813629100401253,0.0005951549819785736,0.0004178412170009315,-0.00020263155526765303,-0.006429645489213388,-0.00014541445836532135,-0.007404268495464554,0.021923686860942246,-0.0004443253947315762,0.0019103625321890876,-0.02457144063165122,-0.04603241914817714,-0.04187105409446013,-0.00023580473885907467,-0.0029501757116361226,-0.0001506931953829704,0.06913479255158692,0.003252167481515064,0.000309451914039232,-0.0030661418115704633,-0.0002833856571301174,-0.005604388102628972,-0.0004596579498225414,0.11372652122987315,-1.7064768050058243e-06,-0.000425401913776333,0.0005393566750077836,-7.460272903417895e-05,0.018556730267139124,0.006487704149267344,-0.02115951829955194,-0.003631955830814833,0.0008770751565593841,-0.043231941201827884,-0.002773566995098729,-0.011549329829933369,2.608796013557277e-05,0.0010325969459389248,0.00024244556206526324,-0.0009894960934586274,0.0002254801334506453,-0.00014655178535138633,-2.295379813961303e-05,0.038382374405658344,0.00010350629859875136,-0.00483609303746127,0.0005389425672164064,-3.8360006261815155e-06,0.0025409150875589466,-0.00024539673772707175,-0.0005819749758002868,0.0004119446673204463,-0.000340319503931652,-0.032176213505127046,-0.20877177437355393,-0.0004956183519540663,0.0028139596899661333,-0.0041885078190776175,-0.004993490194196925,-0.0006285707794868676,4.209274805995391e-05,0.009958092696163746,0.00021526957525136448,5.0177194864706176e-05,-0.0046551029087422945,-0.0012965101463975667,0.0016736593966534229,0.0009013224325549515,-0.007204188617567343,-0.000147820042918304,-0.0003460935760972138,0.0016728004531107409,-0.0011843567704449423,0.07812749228564086,-7.854977786793393e-05,-0.0037908511469839905,-0.0038138307064732074,-0.0002767748003564372,-0.002520438821496283,-0.05367897934242507,-0.0009248865001653681,-0.0003836975825150654,0.0007335445194797392,0.0035627070543991692,0.0006353614488762262,-0.0001427114474426461,-0.00149216904629184,-0.0007442878132294887,-0.0007512978907922695,0.00024511356183754864,-0.0035968178644228826,-0.0039110495365380395,-0.0002848213199977788,0.12130101467418031,0.00014673922745903588,0.07051792284145494,-0.0017213857478166608,-0.00021689533938967472,0.06046638506501514,0.00029128831905991586,-0.004214701238283828,0.017964439389053188,0.0026091573942482685,8.974535644390956e-06,-0.0008865969364116136,-0.0017636589508033713,0.00025809271199971745,-0.01253623808910453,0.0003873707493315774,0.017509675587423976,0.00013144203763993745,-0.007552566816410619,-0.0003018181510967819,0.0015616199498709503,-0.2161833757501636,-0.0734180944455487,0.0003248605008489159,0.003044196709713747,0.002164239615210641,-0.0024251916238497463,-0.002346873188463248,0.0025405307919517906,0.0003971386493634094,-0.00020364256740469568,-0.0012153482520011949,-0.030773582628346976,-0.0008266160031237188,0.0024416514523448105,-0.005586038117629227,-7.06430791715465e-05,-0.003638029456471259,0.0012688736713638718,-0.008576570768374946,-0.0002070355625860107,-0.00019081567432599478,-0.017601174490600682,-0.001776366527663267,-0.00015315032032961473,0.0003190297347805881,0.005168524648082123,-0.005244726494386455,0.0002014981033922796,-0.0025733874199017,0.00016967797136708748,0.00034010217484743005,0.013350456877129012,0.0015986565711533455,0.0012908475430144267,-0.003789900243309307,0.004428408321519316,0.0007617193019446456,0.004754509819997652,0.050381690655932204,0.015066494963422092,-0.0049233635883513035,0.00025205503758952627,0.0003527734312033341,0.000508759122934941,0.0014387225036735268,-0.00898077682497157,-0.00010163965563667748,-0.006388164132985222,0.0015544459039572177,-1.103859702757809e-05,0.007244262312296359,-0.00041927116600044736,2.4300017941467425e-05,0.012397005782600001,0.0004715403009393883,0.057118829800739214,0.0008752228323396726,-7.2803172570775135e-06,-0.013928008130729502,0.0021566628797198874,0.007374448876319923,-0.00595746300009228,-0.006224455100335675,0.004264921504916005,-0.0009835285996500059,0.0016770163073046968,0.00011570992463097321,0.00209765351559971,0.0015610070468042173,-0.01643526335067723,-0.0047163501226782,0.1340229843046581,0.001114658357593886,-0.003077692895324084,-0.001712804995728596,0.002258686435886399,-0.0008786605243379358,-0.04030541092681002,0.004013205333683156,0.00011798346386359543,7.523448614406378e-05,0.0005778814920317507,-0.0014278586294144344,0.00028704660879769894,-0.00037620604243021084,0.0001450422712463463,0.00014177977292929638,0.003862211576695823,3.308080475286808e-05,-0.002121125262267225,-0.0016377116699417798,-8.424793736102817e-05,-0.0009327908612536272,-0.049952382098488804,0.8350959897637323,-0.002752521012349088,0.0022664088762911136,-0.00014252993653277382,-0.009742965518232139,0.0007548993958946394,0.0022257604955572673,8.657097508529442e-05,-0.00039469392458615915,-0.00030379948516560343,-0.0009871065531842046,-8.50989838884395e-05,0.012904332205750093,0.0004978862363086223,0.0015169329470542316,-0.00894256975292185,0.013823596018819575,0.0021696701266487053,0.0008620170505884792,0.0006530147997473876,0.002743232887581007,-0.001433051835751643,2.0999881704706486e-05,0.006674035189945589,0.004265935939304034,0.0059669573787666,-0.02054214565701168,0.010788702138968383,0.0017940053782092482,-0.017951604698124818,-0.0023757178836762496,5.0990850956198625e-05,-0.0008446631271601876,0.001763989760561151,2.447118821302663e-05,0.27935102213843277,-0.0001944423515451328,-9.005449156181122e-05,-0.00232507810208792,0.002856216149488628,0.005582770260607423
245,-0.003417451121375954,-0.0002903710161765924,-3.555618183609995e-05,0.0007610573309064367,8.36174843556383e-05,0.045487724107929436,-0.014823413520678555,-0.001049284197405848,0.0012194649175226186,-0.00037212330190517125,0.000210636279672256,-0.0003653302727519205,0.0026826589875848733,-0.061148130071106276,-0.0008841220580238084,0.004769982817409556,0.006190437639792914,0.0007532412111033778,-0.00013618699705374507,0.005553041786484443,0.0003530706344587499,-0.0004912559447728358,-0.0010103737861303138,-0.0010406271142453932,0.01432256393454968,-0.0038476246767384075,-0.015560905022159751,0.027463099189884783,-0.005251578907545287,-0.00011157871881837048,-0.008837378429806092,-0.001955412231492053,8.605218037251172e-05,0.039823320985335406,-2.8676492317141096e-07,-0.00028811840997688477,0.00014110999892454415,-0.00030095458375781464,0.00021603710005209994,-0.008815724082888473,-0.0026097679219992003,-0.0001408847796458664,-0.016145255879558645,0.015259877724971654,-0.00042070315169914427,0.0003901781978628491,0.00018586720687332851,-0.004456825133136061,0.0006402641489433752,0.0002235547468470271,-0.000792523627925942,0.0010954315048866262,0.00028372900708871864,-0.0012958461283252968,0.000563808938874995,0.00353499699200769,0.0010550699079404941,0.004868443469025727,-0.029306340009022814,0.00025861347680156827,8.365801323640732e-05,-0.1163922729928926,-0.0956132600495282,0.009755431767358456,8.753423080376521e-06,-0.0002708517844938498,-0.0019498633322990538,-0.02434982164526626,-0.0026788720132328524,-3.5716470421885563e-06,0.00031276524073610337,0.0003693536930843191,0.00022848881006029288,-0.0004150614778961992,0.2060183271874674,0.0001716343369373985,0.0002410661504677761,0.00028927198046558005,0.00012224594966918356,0.020045285699856634,0.018666752125839355,0.010315597626378958,0.0018815076513660706,-0.0028208488270170477,-0.10553234285193609,0.0011734695267107671,0.011856917187276522,-0.000196921089728996,-0.0008385921188776657,-0.0002508538205851646,-0.002004394877827449,-0.001271421713958117,0.00023139016003962537,0.000997808994909053,-0.008986813450266057,0.002536035597576083,-9.350532093001457e-05,0.0011954310520166647,0.00013945071268752635,-0.0035395386069481454,-1.198633451877408e-05,-0.0005489486686161595,0.0005486418187855406,-0.0012037213129009756,0.02212870971757521,0.08186466536699673,-0.0024171094875824082,-0.0006189277297782475,0.001400773732357397,-0.0024035202310474994,-7.158517963974827e-06,-0.0005347017120414467,-0.0006257443433369796,-8.250995943804174e-05,3.21774986692773e-05,-0.0040867964146945384,0.0020331456753315603,-0.0015215672930278044,0.0006770802086012301,0.0015952028628670024,-0.0006780960788043304,0.008864588505083499,0.0005059306712075318,-0.0030004986882756564,0.041321644296935314,0.0008397108711467303,-0.02606352532360309,0.0011948863047261799,0.00013134166662000235,-0.0005039972365797766,0.01705684858585495,0.0004358331895485154,0.00011576255016595635,-0.0008042579847455861,-0.0018034417066033065,0.00021992143405021795,0.0006157586693744969,-0.0036805701893675435,-0.0013700168351876885,0.0010591923428343517,9.342748979016425e-05,-0.016975173216473384,0.0003628395821890971,8.211875450424511e-05,0.10366956046043414,-0.0005398973326068784,-0.007719241836130744,0.0007257295873602788,0.0023663078236771,-0.019163477950558568,-0.0005248486203146154,-0.06737319319416617,0.012805554265995785,0.011720820339226579,-0.0004681231792864216,0.0006201797695705089,-0.0008424438187719161,-5.48225276686908e-06,-0.00028421470366669487,0.00011672857345405114,-0.003661161626426613,-0.0009088778002167063,-0.017077266528992,0.00016066757683726174,-0.00034321592552295733,-0.028015373454382844,0.06143591633068849,-0.0018025612269838452,-0.00038524165049916943,-0.00042053750914814754,0.007237013722770475,0.0029804417878486703,-0.001245461837317611,0.0005396217490399699,-0.00013193106014355513,0.026457349745718308,0.0007234638872678734,-0.0005742939943985082,-0.00019003263632834787,-0.044259532864394865,1.858891393665618e-05,-0.002345295682848004,0.003378621230086264,0.0025012012648555557,0.0006992967718501119,0.00068816339553466,0.012765387989316706,-0.00038537942684822163,0.0003468251781872031,-0.0007877971456465476,0.00496234130489813,-0.017699174266538893,2.2016248152388965e-05,0.00019134565545550052,-0.00013792309923364048,-0.00025000251989399855,0.011127642259228493,-0.013178111569607982,-0.002255930474556446,-0.005289072348761058,-0.011035043188581308,-0.0005531207779566304,-0.0032218508529953077,-0.03277490601229932,-0.021471606673196583,-0.0001488891537065826,5.7460719344749195e-05,-0.000943142012228346,0.0005467701339671768,0.0011291186768499425,-0.00026058122420576443,-0.0004894619407373058,-0.011042427469590364,0.0008307779789911237,-0.0001418413837266496,0.06269039474256077,-0.0010527380525724465,0.0006529513044864958,-0.002677118700787205,9.100111838513747e-05,0.10840644058618944,0.0012927613069815152,-0.00010734749112728537,-0.005387096056013233,-0.0006127862069159905,-0.008774087434896289,-0.003367672940595679,0.003755130651688347,0.0017498291055524013,0.0003765526915755744,0.0005097099898703595,-0.0001162150036587864,0.003676111700407693,-0.00018279232366601335,-0.004096011435085967,0.01508420356704277,0.9009138843202793,0.0004691130857373844,-0.007905838431555293,0.0003472887329139041,-0.00018362214278381172,0.0010196968941364158,-0.08910732473515436,0.021851779408616667,0.00025665153607954197,0.0012095533925049638,8.629008564848002e-05,-0.011968398014491781,0.0008826746063704349,6.624623538773388e-05,-4.8248582921222444e-05,0.0005893667449718286,-0.0011343857684333024,-0.00036263712536568297,-0.0008969820217967668,-0.006712632634888791,-0.0006898921887985993,-0.00022545495582039976,-0.008114993848532965,-0.19259794446132225,0.0028821743203029174,-0.004984915866378646,0.0004012191789529943,0.0010541998736327465,0.0005744671070112203,0.01297317237564288,-0.00035515239597317663,-8.433004634191433e-05,4.220430355137783e-05,0.00016855183356453147,0.0012268804486313615,-0.0025170867895774984,0.001860913280696482,0.0009939670277928302,-0.01756505742463891,-0.002959390052895456,-0.0009923531797290642,-0.000621690930901855,0.0008429233572250497,0.0011589194948183742,-0.0008495649694626956,0.00036745674038875297,-0.012590825298021774,0.014228120531144913,-0.0028547162579695006,0.004162225098091436,0.006467805462537099,0.00021107178086816804,-0.002765747320869101,0.0003729519144550119,-0.0001945726108611601,0.0001630611069342973,0.003564593427573531,-0.0006152988282131484,-0.00984816698870054,-0.00032682079605753,0.000884542386025601,0.006382230514499273,0.005193112440247,-0.007741225706108678
246,-0.0026091568500592427,-3.68575029510744e-05,-0.00016883052202047548,-0.0007141744232117054,-0.0013524219922713848,0.0015856385141579613,-0.0027871641061883575,0.0004868233952905294,0.0005200750979193159,-0.00018831324982636777,0.00014972502592524792,0.0025827892237464236,0.018491111241542405,-0.006209925520510391,9.963675916977208e-05,-0.0025739475823005277,-0.047051149229526155,0.00066465043362303,0.0013502755333521035,-0.008586178663285468,-0.0015307881196524094,-0.00018493063275088102,0.0017336591225576205,-0.005621959304386814,-0.0017234764384041115,0.0005638451847940207,0.002119863726412009,-0.015777117450300193,-0.0010085169076980102,-0.00018593845075750952,-0.00012311389586033665,-0.000707933407293769,6.645606919279679e-05,0.011390422264163843,-4.5166575433925465e-05,-0.0007013253171404355,0.00021722927247093903,0.001394555193902372,-0.00035537342465941297,-0.021458127627599043,3.1351247942970834e-05,-0.00014480296584433753,-0.0008441087903959771,-0.0005055972040033615,0.0001535947827715627,-0.0003165403274792791,-0.0001393065229456015,-0.001907546378458764,-0.0007074456807417094,-0.0002489974131477516,-7.100332316249507e-06,2.9064066026878062e-05,-0.0024380232324799278,-0.0001526998813127255,-0.00039944572823223516,-0.0025165683997647663,0.0002562216436699117,0.0017548941128689888,0.006972670662486774,0.00010718304372998345,-0.004550369133673982,-0.003011905563736826,0.0016494331926733441,-0.01573533259478589,0.00010894964884238163,-0.009912291018176318,-0.0001110902461966722,0.005255017904182286,6.634680518693819e-05,-1.398224794873712e-05,-0.005070157823412476,-0.00023191793185656646,0.0015968049499309367,-0.030491787155378588,0.013563251827954256,-3.714723459110833e-05,-7.087779010657067e-05,0.00024351926282302938,-0.0003783238028432197,-0.009998271154467721,-0.023577307431084767,0.012846586170279017,0.008260029008119143,8.549130523063074e-05,0.9622914570182642,1.6539385155037514e-05,-0.007861836791426813,0.00043664938094344714,-0.0008270738728101162,-9.807245962042965e-06,0.00012180729295974179,-1.5334610543736864e-05,-2.774691236481861e-05,-4.087333136774084e-06,0.0010086105048221464,-0.00521422365383444,-0.000267645645078917,-0.002545055339534319,-1.4670325029992985e-05,-0.0013664809907237689,-0.00023174043404768476,-0.0008393428669551924,0.0007911228743467745,-0.0007543722027095987,0.07269906691511853,-0.04861948494453609,0.001593136176064844,-0.0038772228539320553,-0.0004115551061566812,-0.00026723630905363215,-3.8529208172502846e-05,0.0001131041037365123,0.0037795639595004276,-1.951830158568313e-05,2.0855068684016986e-05,-0.0019964021133564605,-0.005983554139599604,-0.0017359326393937792,0.0004889061002382573,-0.0005470378865364794,-0.0004801688234136618,-0.0004785974031559589,-0.0005379281145111282,0.017137200713172495,0.012775455889328682,0.0003248427165524683,-0.0026817273928837187,-0.03315932539009498,-9.093560232140835e-05,-7.83350306094912e-05,0.0017991530450017215,-0.0025842715046201182,0.001765734534212701,0.0016814384090188149,-0.0014694464656748395,-0.0004330132077165761,-0.0005527723476854564,-0.00011070993999357306,0.00144150025908635,-0.0004627015508865146,0.00018133616281416567,0.0022487841473721754,0.0008665827853961601,-0.0036982365095390357,-0.0006403025600107365,-0.002118959071655173,0.05133576221229327,0.00028439806173314583,0.00010460242112776019,0.005596175563445072,-0.0006089139789666688,0.006793452698553426,-0.021095304690500704,0.005617222351663716,0.001272857926447994,0.0004402941615220427,-1.0214790984168119e-05,0.00024508775119822196,0.002781933643797971,0.0001904382483524661,0.012500563399947012,-0.0003414013156933927,0.0004213359066691016,0.0002542951573630173,0.0003119261877882868,-0.0046895925819064824,-0.01418491002688337,-0.0008030792954724878,0.0007801917571846177,0.00045923142113942796,0.007134845402562413,-0.0007249848199524303,0.00016237081585192888,-0.0006109257693873865,0.0013042194803053082,-0.0017259125236852696,-0.031242192255688445,0.0011264102990446048,0.0010789626725701362,-0.0036115012009132965,7.878677027151797e-05,-0.0009882690943449472,-0.004774669373200395,-0.0032379774510006053,-0.00028739966911115345,-2.143650030395983e-05,0.032946547059325725,-0.00010857313329132312,0.00014567574925620878,0.0001568697196005225,0.13586323404574538,-0.0032283911021440135,2.6871830548118487e-05,-0.0026680265646188356,-0.00010665379852497017,0.00033743999922091015,0.0007317469257700918,0.0003710819960650811,-0.00029311169312340414,-0.000576152290802263,0.021720869278009782,-0.0005082852712602997,0.0032883107538907775,-0.040731761778014144,-0.03385596344395988,-2.058396773550481e-05,0.0005389891273363021,0.00010370521696009718,-0.00011357826322741515,0.0003866273374784879,1.4146336069501475e-05,0.0002959756154487722,-0.0008077891334458573,-0.0009456574826087407,-0.00011686077744845619,0.015110890934131415,-0.0007854386056010479,-0.012492089263426926,-0.010289496868133862,0.00024851303605051333,0.0141694943953025,0.00015543658783682501,-0.00068966456947899,-0.0046267079265143235,-0.0003897470107424677,-0.0011623406685250205,-0.0023848194160295154,-0.000280987384289229,0.013657378566951341,-0.0024558538047041462,0.0015447488139410431,-0.00018572181335479854,-0.0344153885377586,0.0004608395052517916,0.01105487898740021,0.0007015362737000784,0.11182378689120971,0.00027140015055640045,-0.0016461574766952788,-6.535868122587455e-05,-0.0010600847535496118,0.002537386794142339,-0.01113020807157806,-0.012039481587162391,0.00017662763610264663,0.00040422102839966285,0.0002921255504435731,-0.0005038302017917612,0.002242115585170297,-7.863033071829216e-05,-8.851560503514216e-05,0.00016192332079566663,0.002145839835736005,0.002339363340471337,-3.995223450284726e-05,-0.0009819338200603158,0.0007791520843512566,0.0019113635712200965,-0.009655426170032415,0.010321662020758921,-0.005272521609321867,-0.0004136384802134654,1.8740944559830037e-05,-0.0019490212814727518,-0.004607588806926095,0.004582031779025155,0.0026581143117410475,5.300532181193307e-05,-0.0003484171037662894,-0.0016082843202922235,0.001345593667625789,0.014483619998389263,0.00026775209783281857,-0.0009365432014726093,0.007242263722173095,-0.0004610760803644418,-0.0014905396028475496,0.0003387835556166506,0.0004083202271402343,-0.004729682478184161,8.270321461857351e-05,0.00010848172206037385,-0.0030402225313615923,-0.12206636437100137,-0.0014793020613260034,-0.0035309657862379364,-0.013433155077104915,2.5832246206429314e-05,0.010584806369897518,-8.573141566414581e-05,0.0001723413670653329,0.0001159597929350799,-0.0035778237662829945,0.002888462179376321,0.0006905200514741939,-0.00017962156163753924,0.000491532841472621,0.009748058904571463,-0.0029782705441496003,-0.0007008658901027272
247,6.853279600335423e-05,0.0001537617179141629,0.00034097813575547427,0.0008088480523695791,0.0001750460842053122,0.0034444485253554784,0.0033068128296498294,0.0007916030794098773,0.007441759126808562,-0.0006588739099258666,-0.00018636566074173685,-3.602519805153957e-05,-0.003823216184763777,-0.0069354151774952055,-0.0001451460796081877,-0.0011815299820223627,0.055656798350496736,0.00043939650509860475,-0.017621284373704537,0.0031070357747609912,-0.00027043403918251347,0.00013115371019626726,-0.00013199628436970796,0.000566835985134816,-0.010416305865786636,-0.0009119010332621301,0.006610150772206106,0.004162273249964143,0.019494181644495585,-0.00013106428904437588,0.0005195517627457837,-0.0008688112690990351,0.0001966788396029027,0.011686361749828079,0.00011636411954807227,-0.00017566144577271044,0.00011137928505949336,-0.056623972284580604,-0.00036356652299746484,-0.03450796400504848,0.0003820055615118187,-0.00042282694267252734,-0.0013259137741990445,-0.002675190944493217,0.0005107354059890872,-0.0002846824037314134,-0.0004966823263731148,-0.012862482692783875,-0.0017699338342334493,-0.0005035549559536852,-0.0004874911973475485,-1.4725163498271283e-05,-0.0001261107480547367,0.0007649218449100426,-0.000694942341182604,0.0004816847194348945,0.0015840748264846268,-0.0018958637101768945,-0.0019977731688100814,0.0001614877043391973,-0.0003767810555681511,0.01011749555727552,-0.0079844049815183,-0.42624425642730174,-0.00010847410576008028,0.0035742390770860818,-3.124272498922302e-05,0.014465434640441187,-0.002503878973889638,-6.80345690747125e-05,-0.0029020083978427793,0.00023540442301064733,0.0021425364828600727,-0.0026823599927404272,0.029552958794833623,-0.00017216349518419608,-9.0135120134499e-05,-0.0001644750400639815,1.9589241234494598e-06,0.010907540941902124,-0.0013748783540529794,-0.0026503298397461844,0.0027716207361240725,0.0007161910237777883,0.02317995547823448,0.00017159167087919206,0.0033763545301684042,0.00011512754764377757,-0.0008237372565499188,3.35531601673069e-05,-0.0014757611016884102,-8.088424997953429e-05,8.086644164000817e-05,-0.0003741962973937791,-0.005913359071689063,-0.0002730679157856382,0.0002604299034508648,0.0026060876915214885,0.0001591482503187306,0.017627492483064323,-0.00018719769055280987,0.0007188753432102132,-0.0007024802297328177,-0.0001300704384913998,-0.010053531012835364,0.009665900210098452,-0.00011655362230901848,-0.0012485192630934925,0.001638076336660209,-0.00019897404774147102,-0.0003516146961702707,2.6802400548678025e-05,0.003360361440338509,-0.00018694425486607234,-0.00022958871895544398,-0.0024064381225434002,-0.0009939799715764593,0.0003916726229909231,-0.000510745791680534,0.009338625831926704,-0.0008725888121380341,-0.0003713309858514883,-0.001749933938260688,-9.391974136284696e-05,0.0010051174662508051,2.6681280397376078e-05,-0.0008432749984550594,0.030046013501110608,0.00021274859562191162,-3.024682591324518e-05,0.003310000539371367,0.00020012391305867876,0.00012164178928701815,-0.00010448774738371601,0.0009528981990435479,0.0005905428995866841,-6.79230211327389e-06,-0.0003602720068657476,0.0007658015047620761,-0.00012806210314530303,0.0003940098184274411,-0.0037113456712547727,0.0006962508081427805,-0.00011493480586423103,0.019732986482836008,0.00014107305090885246,0.09089252190229608,-0.0016035848289006867,-0.0016378206941292496,-0.0001933437939291614,-0.0023295667301465317,-0.005875350701822033,0.031916106617671046,-0.046700026271528826,0.0007501533255741493,0.002730497581478864,5.314727336082001e-05,-0.0006488224267288023,-0.006480698406446618,-0.00128973127833286,0.004748186574069112,-0.0012547912959748634,0.0009171017949427144,0.00019185277302329919,0.0005599392393159249,0.0058759087734272615,-0.029687993166901898,-0.001232473321837142,0.00223199998819203,4.6790730303023734e-05,0.001221612986687868,-0.00040784105219962216,0.002605998249689929,0.0007749873670243922,-5.726892242377112e-05,-0.001312344703438783,0.8575969902687224,0.0009499586618643527,0.0005536472062800555,-0.0033548316340033116,1.847302591828897e-05,-0.0003947777761447496,-3.3415303627928536e-05,-0.005214316899760005,-0.0011071520085229568,7.351617932225413e-05,-0.005400905986726727,-0.0006209690659110222,0.0001020168971609314,0.00017001930543359604,-0.00707210938379077,0.0012330583701021958,3.7276790264343046e-05,-0.006108495585798172,0.00010926744106877061,0.00032850963472284703,0.001157003711745919,0.050016423376460756,0.004155747236245232,0.001320258667795302,0.006962749002662024,-0.0006391667533447217,-0.013565868070011103,0.00673850214168408,-0.010274909482880916,0.0016569479401070397,-0.0005313005021076497,0.00021705275901494597,-0.0019309541552446907,0.0005366142159463172,-0.0002815247051762418,-0.0004610885450553968,0.0015367791621987775,-0.0016863595326105172,0.00019861803277943998,-0.2273749345930075,0.00026539360659855643,-0.0001768746430512876,0.008331294269416395,-0.00019624937386008472,0.0073082103892103505,0.00047348787339324323,-0.00011466704071976154,2.492559040464387e-05,-0.0032134115420988747,7.412788642831476e-06,-0.0003739824221908184,0.0015140339904439837,-0.0002604797365310884,-0.0001362250082700316,-0.004728192353512084,-0.00024033747489674625,-0.0004547142291299899,0.0007127193625917882,0.001367492033795362,-0.0063289843316598655,0.011906287461897072,-7.508791786741607e-05,0.01790268010295307,-0.0007906702733856227,0.000883266251573837,-0.00014689735430793173,-0.0028113630068301618,-0.006765159338741279,6.0380783303318544e-05,0.00016937176163407447,-0.0049309049359172056,0.008444645123786986,-0.001459268034179252,-0.00035801429907994845,-0.0002334936219101811,-3.6642434442538685e-05,0.03271193461403441,-2.511907958775185e-06,-0.0007001203199105688,0.00021361031230358226,0.0009759494903766272,0.00018993596722819155,-0.003358918950236324,-0.013008447525053066,-0.005742746654929292,-0.00013948662822778173,-0.0001955341296252639,-0.0007285170116243932,-0.002271474213431018,0.0014166555249328285,0.0001239508542175267,0.0002937598733107295,-8.003766688875172e-06,0.0008699543999902189,-0.0030917970338656705,-0.0025693764054343666,0.0004832126841464098,0.002677427552785624,0.00021516400634491624,-0.0019760560563737255,0.001576739091618096,-0.0001694341330829791,0.0002208115571803398,0.006133235316957841,0.00018470358961446292,-0.0001914631653867696,0.006398527608936227,-0.0028462476532572565,0.0019903653263652833,0.013572682624301842,-0.007662494424951982,0.003620936230554484,-0.003427566706736513,0.0007667249040911755,0.00011249322930414855,-0.000569980133516214,-0.0027719231222932284,-0.0015777683193851826,0.015118794945948142,0.0001591342166566245,-0.00017023544369654026,0.0005287112289047839,0.003325812268891545,-0.0009748281578231095
248,-1.2616388440865062e-06,0.00011695721648922403,0.00023353586048137872,0.0005524415099088624,-0.0001089627330070583,-0.0327004222518201,-0.0013747290681176108,-0.001776344058346758,0.002983381399398188,-0.00048606756463977175,-0.00014648815650277708,-2.2479324871268096e-06,0.0068894007656029,0.004591178533383371,0.000722846782322501,-0.006573438074540454,-0.036610023161261454,-0.0002560491172427209,-0.004180580872841314,-0.004451297283615388,-0.0006193993521675532,-5.547029024751241e-05,-0.00010554810415312258,0.00023836620818351343,-0.0026278071322257553,0.00016059133759985865,-0.009718272391669492,-0.0006277804388671304,-0.08279327603142647,-0.0017036578392016198,0.007641003335346236,0.0004924699150650108,3.269978078810457e-05,-0.02150368755675622,5.658129407730764e-05,-0.0010039490494072488,-9.389530485461733e-05,-0.021256707119180377,-9.31470040216242e-05,0.024853223168900464,-0.0007347830751840174,-0.00011289817827617307,0.0008582631033711414,0.012478673249082358,0.0008336496935318393,0.002578658306470822,-0.001099794449936688,-0.0011192060396493953,-0.0003845971846448352,-4.9243428025196696e-05,-0.0008873144522086856,0.00010372387727353887,3.588475701870599e-05,-0.002489997007016443,-0.00018405492496507319,-0.0002894145442034274,0.0011439964936909418,0.0034817117215626115,0.0016427411906520337,0.0001310408246393939,5.0041382097885034e-05,0.018095067540095176,0.005656577673368151,-0.0979962375981576,1.1434015285565619e-05,0.0021438231079040815,0.0006384545745501252,5.489903444717202e-05,0.008571778113556517,0.0015005433659728007,-0.0004636265432405402,-0.0003973952553223128,-0.0148746989873077,0.008684730644632432,-0.07679890587806554,-1.0957956621510546e-05,0.00014833383167798392,-0.0001800960144340176,3.574457744382094e-05,-0.011627861505762368,5.760494879287938e-05,-0.0019389366864017853,-0.0018698432876625808,-0.003238305922661459,-0.00692168764482369,-0.000916313001194588,-0.0031696983117572063,6.430668483320585e-05,1.2247766909767523e-05,4.9487138976490874e-05,-0.0007667815602560954,-0.002197376902747121,-0.00010661224756099087,-0.001215193777657375,-0.000885684993699936,-0.0006848469033538236,0.0003920467995514271,8.246360821597722e-05,5.3422259913785825e-05,-0.059803037445341004,3.95045248345249e-05,0.0016224070283428751,-0.0007830688680302826,-6.741048342163644e-05,0.00996921911429443,-0.0029195843245091364,0.000513931620497495,-0.0002284640302238627,-0.0009545368854137633,0.00021250481044440356,-0.00011376460010567146,0.000563518628528726,-0.0017546155997127501,-0.00011958134425708519,-0.0001906154221514994,0.0024389878037050154,0.00766834776007182,0.00040701997028986386,0.0013982074239129792,0.000982733508200623,-0.0010194853024801413,-0.005648258810738903,0.00047905902610731054,-0.00086560251913532,-0.005707201212488325,0.0012945200387587561,0.004908551597169406,-0.021680485605431878,-3.081670207824225e-05,0.0031715868265991386,-0.02000768373810541,-7.729611672917377e-05,-0.0004411985962318114,0.0005757588038241041,-0.002163008320226047,9.198369383318244e-05,0.00018359066395893034,0.000980398467835335,-0.001137833362171927,0.0007681658969833464,-0.00025533936172127515,0.008799978101532628,-0.0008987775578752265,-0.00011640416166073123,-0.032706185323550234,-0.001682584826153603,0.016875023896248575,-0.0009878168563145035,-0.00020633524839167115,0.02011568972376459,-0.0007596868498196453,0.01773371855088566,-0.022475589469690818,-0.014725738153574346,-0.0001692068749751651,-0.000833152106877466,0.0003885729739705763,-0.00014042841122206677,-0.005163352204670176,-0.0003109177199075205,0.0005194350968451884,6.176815222336523e-05,-0.00011276647540209774,-0.00023976004081059627,0.00028518148300981565,0.0021052712591098964,0.008703906454110724,-0.0024651400336802376,-0.0024139329435016194,-0.00015337296823664682,-0.0019358351192975201,-0.00028787617879217145,-0.0011607792505149259,-0.0017139987808911794,-8.481950438689323e-05,-0.0010988010830228017,0.21180934275167015,-0.0010361637641551158,-0.0003979704430878254,0.007618647913907643,8.484629014171748e-05,0.00030130472145576846,-0.0001813045260910355,-0.00012887536087540213,0.0028594560131113833,-0.00034746402338601667,0.004883962421015111,0.0014649626058718355,-0.00025159975295122906,0.0004315301922476957,-0.012453391617942424,-2.1691526425730054e-07,2.494762578841847e-05,-0.0011309620970021686,-9.797581160415447e-05,7.991572433671719e-05,-0.0011704417342022087,0.053561759052734,-0.019250360179850566,-0.004930669014232504,0.0011929914641139274,-0.0010636951438365624,-0.0020772447307183736,0.0001971586719779132,0.006540784040848054,-0.002793102961396361,-0.00025695074991154664,-0.00019959610209952948,0.008539946261400578,-3.720817117473675e-05,-0.0002195347563885038,-0.00019795937521283752,-0.006245007096704062,0.003686700002751706,0.00015783457358464086,0.9514390804749657,-0.00045926902927733576,-0.00018508299717623139,0.0008872329774825983,0.0010001566049149192,-0.0181714232697896,-0.0007769633205269039,5.72007301449344e-05,0.001786287796429472,-0.0014132493509538008,-0.001340588038199292,0.0028874629270202383,-0.008213171767863094,-0.0016034969987520616,1.68344752086479e-05,-0.008803844214236156,0.0003296970982709052,-0.00021931396611536702,0.0006630260835858038,-0.008570391421526553,-0.00022639646248661912,-0.030520994130827227,0.0006055942209871592,-0.08284751954111695,0.0027045318895670693,0.003258102472559538,6.833184034823184e-05,0.0017027926960662657,-0.004017805113189575,5.6449945422715024e-05,-0.0003013252998096186,-0.001470133026938428,-0.02960204191038011,-0.0004977657161594287,-4.6653861225358785e-05,1.0722726680130468e-05,-9.596684782363992e-05,0.007156298136662406,0.00014988769450648056,0.000889199238263071,2.2220772337499877e-05,0.0007789295272619425,-0.0005209980781681813,0.0054318212085513766,0.013102475364286784,0.005145221753920829,-0.00039644824882162887,-0.0003206276472690721,-3.963584235050152e-07,0.0023964648994999867,-0.0015860976526993723,-0.0005050010203060395,-0.00010317794120039137,0.00014307863293406588,-0.0028782034393111714,0.010426791488730764,0.013356404010512177,-0.000575939354197114,-0.013281729111580596,0.0002014827787557628,-0.0004297321207164356,-0.000155715785684954,5.2444240273948756e-05,0.00010889558911680549,0.0017942111401465493,-0.0013889278160252034,-3.38141903997672e-05,0.0013784380937272517,0.0009449128961163071,-0.00805227268712984,0.008111988115200398,0.009076159698819301,-0.01002270459302058,0.00414848369885394,-0.0008433231194434499,6.575097649228184e-05,-0.0001867890838116778,0.0007851638550693783,0.0001538676949840766,0.01694699229400516,0.0003022536098549102,-7.504381424928899e-05,-0.0007605740730419867,-0.0016611515248917998,0.0022841239097066493
249,0.0033871912472829605,-0.0002786438343875264,0.00011416781986511339,0.0012249516648278331,-0.0001718386718939863,-0.011349880233251754,0.002312367009657414,-0.0005606928214585147,0.010722556051117925,0.002211122572883164,-3.733740072515111e-05,-4.523909326537446e-05,-0.014937399748732882,-0.007901302955740352,-0.000440318368611355,-0.0020725383730094884,0.26186226578440513,0.00033090000200935565,0.0009413229880973952,0.036095721068952924,-0.0005203665914008185,6.747471055505022e-06,0.0002189910514070366,-0.0011668868806903702,0.02904420450931022,-0.000793655858488198,-0.003385303034006703,0.014587934026522021,-0.004189366612028694,-0.0007307654162101284,-0.003316175362396169,-0.0009495847187805505,-0.00015202758101830194,-0.02655014313100103,-8.48663854965126e-05,-2.7601627317954888e-05,-9.491845663239795e-05,0.0018030978791767247,3.5028714225120335e-05,-0.1272295776922721,0.030733425251346425,-0.0007160980287242024,0.011553589318453005,-0.02292738779316815,-0.0004507803812833456,-0.0009511454823109972,5.697032999462705e-05,-0.0065359123167299474,-0.00041009668858618887,0.0003032093981738262,-0.0001404224026091347,0.002310421671861705,-0.00015665459592781143,0.00017511306247531611,-0.0005787584805963149,-0.0024903975177818973,-0.0021345253857127724,-0.016466749401484942,0.011392739981181874,0.000117737313015287,0.0006187439891925267,0.2613823806201049,-0.016334287467212563,0.022852079436080888,-7.894856057450925e-05,-0.0038801428331631657,0.0010789130255418153,0.011332962546081082,0.0042516199761383905,-0.0001509256641063425,-2.7775266013557384e-05,0.001267996625053002,-0.01676092729413497,-0.003131608939706146,0.772271788992505,-1.788543865266154e-06,0.0003595664787810096,-3.825242260064275e-05,-0.00025548654719648525,0.057449599418748686,-0.0006614129718487287,0.0036229152147194913,0.009440171796201352,-0.001958282456231513,0.02798051668939549,0.00013617626485303708,0.018142213979404,-1.594133793751326e-05,-0.00022887113371378658,-3.03812256936542e-05,-0.0004050379296819703,-0.0004095176625880622,3.1889109223814244e-05,-0.00018912242975820028,-0.010746307188744742,-0.0025200597706165886,-0.0002103028841256493,-0.000837500124481378,9.900525036742568e-06,-0.006821969010685023,-0.0001650876123626497,-0.0001149349048425348,-0.0009858844195168397,0.0005748164027480646,-0.03816670772042446,0.02113274250823044,-0.0018290917196563659,-0.0037987662802338416,-0.00024294498634138892,-0.005565003140474599,-0.00015082389899303758,-8.248368568624677e-05,0.01297558052669409,0.00015271692354651076,0.00017733626628939694,-0.00947934641334237,-0.00246072192794505,-0.0032566802165343717,-0.008040812673688547,0.007918479814774546,-0.0008606314572549296,0.010414538725878532,-0.0008055156432964269,0.0016611817594579426,-0.1682870144122725,-0.0003381107929978965,-0.004813310000881353,0.14618165337029845,-0.00019558267241484573,0.002309122128268209,0.01297905713948346,0.00026263708329313717,6.732344743664524e-05,0.00012403057799531807,-0.0017493317433427144,-0.0010424122300834791,-0.0009838394194123037,-0.0009078525769550122,0.0014271751144577858,0.0009875662932456904,0.0007064849888266658,-0.03282320894681434,0.0001987523943794256,-0.0011814961118279852,0.09807276687243818,0.005385744861040908,-0.0038289218771125847,0.0005333673912248733,0.00024593512869483796,0.0014923795850599018,0.00030768644635200976,-0.17489097881662155,0.1378944016341348,-0.21461382484442426,0.0014028347626930627,0.00663965771834195,-0.0011185279611634464,0.00023226129457321835,0.0006050686299961708,-0.0003571023178538619,0.0027434017574748037,-0.0004002645689463566,-0.0021372760857384203,-0.00015419099566053862,0.000831421929274469,-0.016430655070177463,-0.0029985719862724346,-0.0007898733911853588,-0.000944865180717494,-0.0007216393522526672,0.013347604478070485,-0.002776766749843805,0.0005474656012981012,-0.001114368085882004,-3.717738496465672e-05,-0.016785204819810773,-0.04471833661858101,0.0005047603609978635,0.001408812803925072,-0.005870136626504005,-9.37788033082837e-05,-0.0009898198234551863,0.001040065014565092,-0.0009805354447289735,-0.0009888834291968407,-7.664719470522417e-05,-0.015515824844120467,-0.0019631471335688835,-0.00047521240550852696,0.00033275085786703163,0.03975307646934349,0.005902890637703545,-4.0420031899149333e-05,-0.002759190149959203,0.00013609718905597222,-0.00043647860563851906,-0.01160039429160323,-0.005313311785914903,-0.0005446993685942559,-0.002520038985201956,0.002999617876058923,2.2886999123339358e-05,0.004127735497068045,-0.014243132491596526,-0.023044694616241125,-0.00021479283972332484,0.00027416291855768445,0.0002240351946104259,0.0012497043709218101,0.00045910638193203594,0.0003363373926274242,0.0004177375633780886,-0.01818222813789091,-0.0011811939090810367,-0.0002674800042465758,0.0871422760664634,0.00013747510563621437,-0.00043420573470896295,0.001742005667964397,-0.0008437095454253071,-0.045531502165076496,0.000985729759479274,0.00015430853192637504,-0.008715878745333853,0.0002446324023695839,-0.0034489322023925667,0.01109017685370835,0.006841897872889611,0.011366144936847235,-9.052114453656293e-05,-0.00016867390301664674,9.972129235747123e-05,-0.0010083743122085444,0.002008387500576611,0.030854353802959717,-0.01654880036669656,-0.18049434347947355,-0.0009025662338581712,-0.006482373317810874,-0.0003731109371446443,0.0024963422047146,-0.0026964886701112494,-0.025650683375281154,-0.08629819540925997,-0.00019594843181384124,-0.0010987488815655659,0.00028002297719713375,-0.03208643463674435,0.001402512412456664,0.0001990023028087711,0.00012411597539742011,0.0007469349682401852,-0.0025502237005783183,-1.1618766194597917e-05,-0.0008802201610454341,0.00615186022012594,-0.00044316737290245106,-0.0003108643123386327,0.015912267422795414,-0.07192725135463064,-0.09664464213722358,0.0009863351512665389,0.00020635783991757722,-0.0019835163266137988,0.0011333839229131413,0.03269390379483312,0.00015464784795402118,-7.825403527567977e-05,0.0002672930588005153,0.0006228206545257449,0.004390281916755258,0.0007153340595257946,0.0004772257163714656,-0.012672422986587077,-0.02195925187214321,-0.0016569056369887258,-0.0003811956772024295,-0.00038129439417513645,-0.0003509290003177009,0.005508948129673959,-3.729273588163164e-05,-0.00011162767816016994,0.017373366330504993,-0.0033021477769408104,-0.00242959358602432,0.01700142790723821,-0.0583845054182407,-2.452705460043213e-05,4.72901768519933e-05,0.0017387240350319553,-0.0002783767056601322,5.8494551336298745e-05,-0.0012588651622814778,0.00016067680106025958,0.016775150779820672,-0.00029505756211675727,5.5439092250032275e-05,0.003444882253668055,0.004765748407771759,-0.010536182352546847
250,-0.0014682137404402058,0.00019291287493506358,-0.0002565845737013033,0.00046649434421457093,-2.488377737364187e-05,0.0019867797136455373,-0.00808462269914902,0.00020194426565724784,0.04485325557731708,4.675741169842679e-05,7.299024007556987e-05,0.00010137438383399106,0.0036409432898823523,-0.012059340948550514,-0.000593638816728976,0.004085202828202935,-0.1670910927885327,-0.0005517934191911966,-0.0002422282859250533,-0.010550377218333924,-0.005420949792926975,8.925155015932027e-05,0.0003863822538424889,-0.0008126830550721012,-0.020262836835308756,0.008284794497084592,-0.018108109759424354,-0.010240870521955868,0.0017284517360068932,0.0005839362897903797,-0.0017726381604661993,-0.000306334157615809,3.935700286541045e-05,0.07151372548087764,-0.00031887277515846996,0.00026747792939942755,-0.0002718621876349912,-0.0003258760350979814,-0.00017657677466092299,0.11329842365759557,0.010174158039506716,-0.0013276361310887194,0.014309244858259637,0.0014465161039073798,0.00027002391550738994,0.0008525144198057435,0.00018209117756640792,-0.0006384393851392219,-0.0009080317794044175,5.0172857248009036e-05,0.00015161896092265315,0.0011415895097278753,0.00038006173506266146,-0.0008934557289999084,-0.0009310245108851544,0.0021729445595081867,2.424261113432441e-05,0.013200105196991377,-0.04310002316438406,0.000176657287863171,-0.0003024814579313704,0.8382107648290634,0.024231624845645932,-0.007915702152761897,2.9363847905167217e-05,0.00045552919367621036,0.004986897825354264,-0.01977434353896519,0.0002197747906068771,-0.00032350664452847344,0.0007947302541165407,-0.00012085098334005742,-0.008780092525280095,-0.004225291584959014,-0.07894404779679315,-0.00022619386063473315,-0.0001464992401905385,-0.00017060038128661158,0.0002268346941814393,-0.04952841436125592,0.001820662725761648,0.0032300853909709953,-0.001895015041706305,0.0017612028150741418,-0.02730208340798783,8.353449480299688e-05,7.627564295994115e-05,-7.380620332484615e-05,-0.00035636901916664103,0.00019358286961357676,-0.0004595058897319459,-0.00106196218929733,0.00026327146255501234,-0.000612534795585159,-0.009264603503926543,-0.0010632616366612786,0.0012984092064907324,-0.0002743655919629044,0.00010883051417917566,0.004873709996807472,0.0001458469945087174,-0.00014660408110885557,0.00026566898665218177,3.310418601231227e-05,0.01441137612560018,-0.011284936862333034,-0.003726191691494949,0.0004855378217388986,0.0004471211835624456,0.0009136641093304479,-0.0005165848208349617,-2.6895539421381456e-05,-0.0019527252999090097,-0.001078558123547707,0.00013280818789611001,0.002499285502501888,0.002347589907242089,-0.0019000283087058055,0.006968794252323921,0.003143178834350348,-0.0001078381071238312,-0.003140310917096484,-0.0006159235642872395,-0.0020844277479970855,0.01644842367991788,-0.00042314780677924803,0.01784962596658551,-0.1110212460206812,-0.00018179100617757293,-0.000561185674156528,-0.022450793123159254,-0.00031951861175349115,-0.0004166027938892294,-0.0002745138736498778,-0.001018864393353712,-0.0003827342328446982,-0.00038225656529109874,-0.0019180825830493152,-0.00012388907079822,-0.00019615631388098225,-3.3504617349032744e-05,0.010056817837526568,-0.0025331814538628603,-0.0010483395862651331,-0.0014587816275116914,-0.0014138504870673408,0.011206351410842159,0.00031683401440500106,-0.0011784392491074685,0.021390843120298906,4.7939083260198963e-05,0.02865440521120071,-0.09742400787346592,0.25491974682522345,-0.00042735551322618825,-0.0032320859861124534,-0.004903057942042466,-0.0002784095964961648,-0.0020390034527087387,-0.0003909033561079853,0.017473562067670503,0.0014031832062398877,-0.00012433928993387699,-0.0003704314239799645,-0.0003040031803921645,-0.02475413622941019,0.03344685100049163,-0.00336632859171749,0.0014518012313089017,-0.00013897340963628705,-0.007508489092049384,0.00065595135845644,0.012824593955376844,-0.001425071942560606,-3.962441671872402e-06,-0.03428207295555531,0.010424579275735466,-0.0010952605553247612,-0.0006894449098777131,0.0026538674991160886,-2.5049449431217147e-05,-0.007240564093222671,0.0015341962358510312,-0.007194368816695404,0.0010014236506645739,2.6926246564680165e-05,0.005244354796785434,0.0006147426337719999,-0.00012754760099409432,-2.734841708229956e-05,-0.022669590654883307,-0.008463634153820981,2.7441095531738346e-05,0.001368546648605421,0.00035224441014148787,-0.00013874935784590446,0.012481856294779888,-0.008319338648171555,0.0011193825389421682,-0.00034014144633176535,-0.0031666038305299916,-0.000157432195041338,-0.0012328861001167594,-0.00840944086586881,-0.013117113151671522,0.0005965265329345923,-0.0002824767683370019,9.970673856774144e-05,-0.0011228878075046026,0.0010333243144746115,-0.009852387947995075,0.00020395777953251433,0.00022065445131421585,-0.00012761306112913165,-7.10913598080537e-05,-0.035852794081739026,0.0006990467471877543,0.00043781240769069727,-0.0020488206122710635,0.001079803496238303,0.018502361708803802,-0.0009040868925866123,-3.377605727148672e-05,0.0005539046259297499,-0.000469734763463571,-0.01532150056970057,-0.017341635554643263,0.0029042270732719516,0.001349336986273426,-0.00010919767186231709,-0.00035079058981824017,0.0002321482983244972,0.0013008833359008818,0.00039195857354421167,-0.028873561904693028,0.00884031395665001,0.12002761619757618,-0.00019016194206134852,0.0013031187544076546,0.00024532075522670587,-0.0013005799941786557,0.0002909320265055038,0.0007648375124515085,-0.3082762830323617,-0.00022257969406941868,-0.0011405289034920555,-3.979776800305095e-05,0.008117453280955509,-0.0001157293411931078,6.043184866019334e-05,0.000203473959117767,9.383717669797812e-05,0.0011026028555480075,-0.00011619344689382197,-0.0011347660340059076,0.0005968201658658277,-0.0012942271795693561,0.0001823180228155525,-0.01469207398758926,-0.051493626058429214,0.02283029247541187,-0.0015211056008885386,7.704730691099337e-05,-0.0010263542789135294,0.0020694397401447447,0.006018583073917659,-0.0004756989531805238,-1.2057429201578138e-05,0.00010153467577576095,0.0025808450763765327,-0.0066072672754272106,0.003302215909953743,0.0012307867003465908,0.011738079822566637,-0.0033429094411746695,0.008394197300171042,0.001081443086207935,-0.0012104199466950454,0.00017351938342061458,0.001327044347556386,-0.00031066336817015504,-5.3625865765308256e-05,-0.018982576857015737,0.003396953544440785,0.0005901115955516847,-0.026963653795561492,0.022692770532065636,-0.0013544035474631353,0.007002422136703138,0.0006901264699280115,-0.0007541304602630362,0.00035852395007792727,0.0018301942039849542,0.00043433117791041734,0.14915052652837515,0.00014380296025233788,6.08083116490259e-05,6.125170511646436e-05,-0.008296594084496393,-0.006420237302139198
251,-0.005076302531276925,0.00022983329813276027,-0.00015471701233538658,-0.0006275592140160017,4.8942294660426e-05,0.005275718688747802,0.012458429178541185,0.0009994882810051772,0.01343301821130751,-0.0007460755660935285,5.323589752211262e-05,0.00015987358089808272,-0.006030689640628901,-0.0019209272175200569,-0.00016104394664107047,0.0014407769961513885,0.15570031461659814,3.131809896814684e-05,0.001712659217985633,0.0009725652276184518,-0.0019256727212087071,-0.0002876674029835165,0.0004528971107330224,-0.0014195739719839555,0.05125064354859403,0.004843317498749821,0.06217101696142606,0.012964750867260719,-0.0029780732475535006,-0.0004306835991306551,-0.004815767390340996,-1.576054599485878e-05,0.00012455491198592322,0.07816120873782975,3.0153360345779034e-05,0.0008553123866793379,-0.00012145519437624288,0.004753690887041253,7.384769714481945e-05,-0.2210447096851645,-0.01788092517938309,0.0002871792475940292,-0.0037964622084476632,-0.01594563326480735,3.9447129753125525e-05,8.300112208304254e-05,1.4410039494451945e-05,0.00855286691223349,-0.00042483188816162657,-0.0010688722842237546,0.0005005168512797163,-7.581878982183756e-05,0.00026026748974822007,-0.00020366359560266287,-0.0004300591267077502,0.002907081722726851,-0.0011342471507523322,-0.011787667409128568,-0.02408827083396705,-1.5547218234928696e-05,-0.0005242996793867899,0.22985010093407657,-0.04768521789558584,0.02558579961214275,2.8988529034356444e-05,-0.0012870774524171395,0.0007343939178933714,0.05994777665411239,-0.0016489166383379145,0.0002873485294279249,-0.000699285018270419,-0.0011986169374377433,0.00930144400407089,0.0002731984612691443,-0.3752306205530873,-1.781617236747135e-06,-0.00020657608762750463,-0.00011742814026076756,0.0001880933244657523,0.08473936338414936,-0.0029898493310141017,-0.002459132018833257,0.017885862677581466,0.0013799417899991264,0.007140524424106465,0.0005423748329212892,-0.004029741407354414,-1.0037684686933085e-05,1.9799311812522015e-05,3.7843754857679046e-05,-0.0001126447745142332,-0.0005807236726943573,-5.762481740250423e-05,0.001374081604882525,0.001967194075107109,0.0003659181888460805,0.0007990431938235572,-4.7447800505320825e-05,4.158000824752879e-05,-0.004231916279240088,5.5278994615105305e-05,-0.000497410016610929,0.001071220258899744,-0.0001232518564426091,-0.016096430440514353,0.052829754217714554,-0.0007858448275418641,0.00246566397051237,-0.00029532987105011224,0.003807910248492029,-0.00015289337056689865,-0.00034472491670445554,0.003438262112449334,-0.00030076085653422263,-2.773242391392386e-05,-0.0004289182847777243,0.00043114583516245955,0.0013494042150126464,-0.0036247286545572346,0.005598766516219161,0.0007321559414357864,-0.0034952447168343495,-0.00048276773767581946,0.0011019406475244195,0.17493280398340075,-4.4810986542903955e-05,0.011778781671711987,0.10716080134656196,0.00011004257908296677,-0.0007675719846136366,-0.014140514371858186,-0.00010546889168225901,-1.4157682227151176e-05,-9.780364205594881e-05,-0.0011998312397185147,-0.0003847179492805409,6.532753592356638e-05,-0.0007725013001906207,-0.0006534484100951859,5.80717056061714e-05,0.00011077171195387689,-0.003925712505312455,-0.000294353913793765,0.0005412026963866202,0.05591450087446273,-0.00015292057922065751,-0.012459734944907642,0.0003370567640417579,0.0012323376308253945,0.0036037889878369877,-0.00014683049580915727,0.0728976238416338,0.15267439606021074,-0.7495324277705829,-0.000198968758551282,0.008292125682850133,-0.002690349961296353,-0.00028750505513250486,-7.673948835330759e-05,-0.00013139522518361898,0.0051525922279228205,0.00016057204139413058,0.005733662227163478,-0.00013830455700652826,-0.0009489896551512372,-0.011771266003588816,-0.11726907636920643,0.0001565282827427892,-0.0005212583927517285,-0.0006593054142859204,0.0006420987503774431,0.000463255064815888,0.006356945365251392,-0.0006948114993655273,-2.4057605427785234e-06,-0.007114642058762672,-0.0655086065835167,0.001499359253560966,0.0004789970693605324,-0.0012254997492912182,3.3772727912259604e-05,-0.0025709624429524937,-0.000128824337675075,0.0005781520502366611,0.0010644907462762573,-0.00012672647698077515,-0.01788515072502192,-0.00039484345527581854,-0.0002612187931221536,-0.0005607538761576903,-0.003569800780746188,-0.004150811824238476,5.250359207631568e-05,-0.0011333469638478387,0.00010812290898276015,0.0001548890178227902,0.015538038285653533,0.06349479786392566,-2.338668411050503e-05,0.0014142936179660972,-0.00027673299947627867,0.00024895253349689617,-0.001980481723375384,0.03567706891642709,-0.02192434634576534,-1.478769805007287e-05,-7.267699890242153e-05,-0.00030881871725770525,0.0005621789780183466,0.0007855603260567157,-0.004231600641935419,-6.087886572317576e-05,0.011217618550928449,0.0013494994037993608,-6.5142555455283135e-06,-0.004756250802461302,-0.00012905775185932092,-0.000171684773662389,-0.002666589519844223,0.0016131850526609984,0.057802022200993605,0.000472639982831697,7.526098888389031e-05,0.007323790754198683,0.0007913085355383226,-0.004759360835756568,0.051924317332342707,-0.004069441688658849,-0.005883192550074879,-0.00042700776659567157,0.0005866229152354078,0.0001469850425447083,-0.00016712268521195647,-0.0003829305949900957,-0.004244176834078209,0.006536823933130657,0.09878121147193447,-0.00010244113524095384,-0.0006169182641193589,8.197304176805727e-05,0.0025615882281807643,0.0014063960218799465,0.009067044817532795,-0.09020691832508017,-0.0001625266793235866,-4.244510165517723e-05,8.204553098086834e-05,0.009159186376280975,-0.0006907963658915315,8.36835667001243e-05,-5.7815061766663955e-06,-0.0003228305250978019,-0.0011379466728379478,-6.838931137387436e-05,0.0009990051323411284,-0.002566522780713451,-0.0006389454993526913,0.000936750304073443,-0.004591553907030009,-0.0280930051861843,0.03542624813132106,-0.0017878375993663313,0.00028014858152573385,-6.760453801961917e-05,0.0006671691669626108,-0.003611218148826738,-0.00048752993796885564,-8.496642910353625e-06,-0.0002680906753751808,0.000544783913643331,-0.003685973468681941,0.0018821585328852748,0.0004544686259564237,-0.002484709060597894,0.021817495545929544,0.0012187413247599695,0.00013484409616765724,-0.0004596398493121011,0.0005449858099633649,-0.007643071648994582,-0.0002039342466802459,1.4021518356555074e-05,-0.011968807749792634,-0.0007666776880345973,0.0010286994939333867,0.08446390764887686,-0.03428380928777872,-0.0004624071080552611,-0.01765806441265924,-0.0011387448207680266,-0.0005423604166625981,-2.9872579493669428e-05,-0.00045067881811564417,-0.0006339970402588729,0.06356128911337897,0.00017126198813564517,-0.0003968748836725845,0.002021084163995276,0.017215175204615095,0.0019620489710784773
252,-0.014730713072255772,1.5295746219681772e-05,-0.0002699962630696995,-0.002386486104143784,9.521593783076363e-05,-0.0024265355151378357,-0.01051997420758493,3.4689315807634458e-06,-0.011795937937151064,-0.0008363086244315213,-3.0265125486199362e-05,-8.837850967149952e-05,-0.007323599009781721,-0.00953294840029282,-0.0004556705262003802,0.0016542530426830373,-0.08730103595203761,0.0008621658852750423,-6.96818865358606e-05,0.01806624308986754,0.0034771678655580104,-0.0002845198448484451,0.00017391807118354724,-0.006201327402889242,-0.009282129178735853,0.0011056654425512583,-0.010615169946391813,0.013729799895905174,-0.01102961113247587,-0.0008092326225682843,-0.019590910332385615,0.0006247053680100284,-0.0002143460781135545,0.25479016624321,-6.595444024634287e-05,-1.9668398230797976e-05,-7.761112083729677e-06,-0.0005360122663714138,4.088220250633148e-05,-0.16272589336827495,0.03000688702285422,0.0006505717555743431,0.013128688655476067,-0.05304870404654608,-0.00017738186028072264,-0.00040852193730242514,-1.3440591275428338e-05,-0.01346540541871123,-0.0002887207615041127,-0.000268170418422883,-0.0003433252017036141,0.002287671058550981,-1.0275853280757377e-05,0.0019699694769255535,0.00029753711675276073,0.0007618568662788976,-0.0016889272839049293,0.004924878019439162,-0.01799464888801142,-5.025422530555157e-05,-2.03795742502094e-05,-0.09630398747326965,-0.05129886215083075,0.0009620650906792853,-0.00011569987768065247,-0.01945766605483508,-0.0004032699098479387,-0.01140286902103954,4.4801686457380434e-05,0.00020356166585717983,-0.0010273158056250432,-0.00025214168604840385,0.0024633909403807487,-0.002203428999524222,0.13335532026851038,7.095126243517524e-06,0.00032064989488908243,-0.00014742378661360134,3.7301254301605084e-05,0.04408231423515355,-0.011570545537724783,0.014305119971993137,0.01976514142595279,-0.0007819260169201333,-0.012053637189160242,0.0032851644340006862,-0.015584298307200699,0.00018375270246200916,-0.00042130743809181163,-0.00024817607076551597,-0.00024841383518213423,0.0002718214448723504,-0.00032809495088684075,0.001733888579922112,-0.0053016921896123234,0.0012203443906599123,0.0007732850424916502,0.0008451922482068282,0.0002717661842958747,-0.004526605345088084,3.8347835340609825e-05,-0.00021663966814460325,-0.0006156291807697949,0.00012328936782310656,-0.019185445171581335,0.0828889411722086,-0.00011072896605957949,0.00020034715472722758,0.00048111471291411136,-0.0006768497777484145,0.00017338212873377508,-0.0002869306548299184,0.012943790478758366,0.00044375678275133165,1.128411339245284e-05,-0.010238522631075548,-0.0001168976459516365,-0.0013836305208123623,0.0011762346291835377,0.0031487923163286144,-0.0009272741948836491,-0.019094200707723816,0.0012676177503122528,0.01415644137069606,0.6909616930808227,0.0017355397320813703,0.007835843016850261,-0.0741548266773037,5.2349428161818645e-05,0.00029233499895140597,-0.037920775600911893,-8.217250977796868e-05,0.00018657876957058886,-0.0005477741789608149,-0.0013250078263464266,-0.001499935593373647,-0.0005110599227368569,-0.001687444348060528,-0.0002303112915793483,0.00020225807131580079,-0.00015006755792546243,-0.042694786999361675,-0.004161291291970849,0.0033198556884007644,0.31098609816347444,-0.0017520142856014068,0.0048842013046040455,0.0008111779550393764,-0.004776275534177478,0.08490176091224096,-0.0004580667592650812,-0.02420740400111524,-0.007537048933254541,0.16446612625241536,-0.005208537719130053,0.0010762644834678833,0.0003897047681841086,-9.319919099362714e-05,-0.0020147396493212593,-0.00013752539382499637,0.016509579007900864,-0.0002654888595184874,0.019960097950370816,0.00010830555704123904,-0.0013958892084667616,-0.005468599351843493,-0.02436036913236998,0.0006835944761893033,-0.000211357757674056,-0.0011023974045676703,-0.009369681733065112,-0.0016998803829243285,-0.006322352269007655,-0.00018803997248280704,4.4322560904003216e-05,0.008040910412601354,-0.0023312858141331942,-0.00020059029272543813,-0.00027962372507686715,0.0006843512974830943,6.146515135901226e-05,-0.0002773573672082124,0.0025628388738869034,-0.010752761353453141,-0.0008565456005950817,1.9623980511977626e-06,-0.04136283256846231,-0.0008903115139181125,-0.00039396948166076605,-0.000721341416169168,0.13325830302746552,0.005767879331514026,4.8693943072159254e-05,0.0004798339825843184,0.0001403939596152442,0.0001515100852181213,0.0612723727006504,-0.03162218809053305,-0.0007283964635151005,0.005426290076116475,0.00258863092767329,-0.0014190991299751479,0.005484498436059075,0.07119082315400635,-0.04262925820654822,0.001353373973227326,-0.00023445949232342618,-4.674203447175163e-05,0.0034312592156420262,-0.00010139133362302847,0.002724642071553534,0.00013340593537160012,-0.012001583140507331,1.1282445072292868e-05,-4.899250537891177e-05,0.03217899542081393,-0.00023703919692454794,0.00016178334910317994,-0.018966324093879217,0.0007686911424030518,0.09657915310674817,0.0007047251411220204,5.5170869645813914e-05,-0.021791573596743066,0.0004990884230335978,0.002699310816101424,-0.010906700900165357,-0.002971290324677381,-0.00045703241037749784,-0.0008540913626780729,9.03196456017749e-05,-6.313277387619883e-05,0.0005589071074450129,-0.0015682200650025497,-0.03605356042384468,0.001305167722321872,-0.2006975187380996,-0.000870570831845819,-0.007895223511564202,0.00017321896366245338,0.0003888671360948179,0.005514921202634511,0.007728077845467306,0.042859284090953034,0.0001735968715884783,0.00031266152798387547,0.00027578719954301123,0.01529939109468683,-0.001136625616543176,0.00029922333420427227,9.212384260875485e-06,-0.00019179661718474617,-0.0003085806745926523,-0.00012063949621816039,-0.0005690461272592315,-0.006530878903331691,-0.0025778345147924042,0.0007104463352203415,0.01087978875103154,-0.23950498585873467,0.07737546013748639,-0.0031567024081166316,-3.53069947579953e-05,-0.0014335628867678165,0.0035438906807520624,-0.018043530494864343,-0.0006801882091031945,0.0008516007397720658,-0.0006609434076776538,-0.0019809464792246334,0.005750352436379059,0.004204349174707737,0.00037383035230361273,-0.0010762172255603367,0.0009961210603087562,0.00336722051862253,0.0017880711277288301,-0.00011272938960084247,-0.000497373514661179,-0.003083460360171978,-0.0006657367836301869,-0.00012405740298461476,0.0034907668228973707,0.002589634740072072,-0.004552832699682735,-0.02538106496505936,-0.0326925141302745,-0.0007027324439374243,-0.06279784658642143,-0.00045336481216633716,-8.194314362336462e-05,0.000481625954487145,-0.0038538820062643236,-0.0003145521715829697,0.27781161864873094,-0.00014725629624131806,-2.4149797147266817e-05,0.014663558393069917,0.0008880127080949098,-0.005642507853729842
253,0.0009462052306537915,5.7299455682151106e-05,-1.5816509127321993e-07,0.0005199969863382251,-0.00010740653034888828,0.005721235321537843,0.013960095912504585,-0.0010290945919785412,0.005729578542670586,-0.00010226547158189662,-6.897900269320746e-05,0.0001042969968013108,-0.014538720387808205,0.00428864634837902,-0.0001019263483589634,-0.0011810231056147312,0.479237936663015,0.000164151420640386,0.0010583268619848694,0.016740270740771196,-0.001243276198676234,-0.00014921230905549704,0.00019387524213805574,0.00010090406079564995,-0.04170181735292816,0.001411391021963967,-0.011871556027513023,0.02266414157822879,-0.004278334805778923,-0.0008752880095273426,0.008889515785142776,-0.0006869700533030099,5.317684512399492e-05,0.0024478543923739603,0.00010337329474220669,0.00011652831567070948,-0.00022537775332713214,0.0008021248730820505,8.20339749069629e-05,-0.38306932450904424,-0.03047673863722908,0.0005000489566822025,-0.011922487650532308,-0.018294817014047237,-0.00010198552693394675,-1.0737830954175506e-05,0.0002503272493729527,0.011739142209965945,0.0002500299466967541,-0.0012552594500164968,0.000551327459809195,-0.000509189992972264,9.394283833060249e-05,6.568573536957275e-05,-0.0004616243242972981,0.0015699661474299562,-0.0015748635328127897,-0.03689913048653472,-0.0074830721307999944,-2.392963448798885e-05,-0.00038785798237279826,0.06343661406467023,-0.0700597083255113,0.00465998638535143,0.00016936750857207,0.0020322686508489705,-0.0003332941267902836,-0.017842051050597153,-0.001194837623261832,0.0004241153253240898,-0.0021481368702623554,-0.0008956714411018996,0.012977613285221507,0.002227754404849449,-0.25411716988865696,1.106699799498928e-05,-0.00015607461557705891,-0.0003415324759274349,2.948232101239196e-05,0.13471151696722766,-0.0017031045285436342,-0.009162985416984197,0.008776363573798645,0.0006763600861229117,0.03465359039809162,-0.00016788491057414395,0.0020943717458485646,-6.893075500690512e-05,0.0002870457390871978,1.5049219804635916e-05,-0.00010857203334505277,-0.0007001435166852591,-9.402451238690532e-05,0.0020583291382318784,0.0005363098808780758,0.00037536515775987364,9.263411384054622e-05,-1.4918819951199869e-05,-8.093369235003325e-05,-0.010039948935344049,4.194045209756844e-06,-0.0006608916562025613,0.001185647402849828,0.00040216394948342643,-0.03264977727123247,0.05571332040218434,-0.0006144424549628467,0.002070438036134212,-0.0008267359103628948,0.0030813537647757985,-0.00011147125272206737,-0.0003295545032158259,0.0029722605185654276,0.0001345752753212151,-3.3898992835519615e-05,0.0016450057459268066,-0.00378650234841084,0.001740433650149943,-0.012988431236343707,0.006402949523711229,0.0009711235454327107,0.006945754630729382,-0.0009270931784431261,-0.0014204421312112598,-0.057355034426690855,-0.0006192365475640865,0.004913692957389955,0.3271681184941086,1.0938964906059834e-05,0.00021918332923511266,0.004388936196649657,0.0001718835117542187,8.337204568591833e-05,0.00017942659988697852,-0.0014129907717625213,3.37605737635552e-05,-6.283227384791534e-05,-0.00013567906881393338,1.1303312317923093e-05,0.0007383849303287567,0.0005128453999809213,-0.0061118655078548426,0.0021037672006928177,-0.00047957690915608993,0.04467444437849466,0.003318234906745602,0.004528584534907641,0.00015202874891594555,0.004409507425194708,-0.025608158844341818,2.421071202923829e-06,0.030499849161496756,0.3152370138599143,0.5076297244611313,0.002678278264539707,0.004127581860920579,-0.0019190857732579742,0.00012359809032637566,0.0014172910058372265,6.246822651889e-05,-0.005685377989014653,0.0001228172474080862,0.0006228026236638072,2.676489569457957e-06,-0.0002060422040353481,-0.012430758209622722,-0.13207919596899184,0.0010764061731662533,-0.0018370472635975063,-2.1484965081893306e-05,0.015073033949421256,0.000368883058776269,0.005894509472513676,-0.0007181491800657032,4.0074052935074045e-06,-0.003455606729275797,-0.028948069944858115,0.0027290052361268287,0.0017664839793930182,-0.0031810646341276,6.954698622081007e-05,-0.0003977211312017311,-0.0013357876740685767,0.007322751895875358,0.0015582666445186147,0.00018539264603550237,-0.02179560288017312,-0.0016647400564571216,-0.00035297371819430906,-0.0003770213267897881,-0.023400004795896698,-0.002456002219554947,1.435457511704541e-05,-0.004472075307096,-1.3114862127475146e-06,-7.581901753324349e-06,-0.009652651527685654,-0.01890340137019846,-1.7099703202598168e-05,-0.0006135186384133295,0.002344590935192327,0.0001702321799129311,-0.0017888934036352742,0.03030733682340143,-0.01861596695311531,-0.0001679758421437895,0.00019858141644108276,0.00017592603495753673,0.0008907420335846857,0.0008987998835316895,-0.00029076972443873184,-2.1480818378948746e-05,0.014345643573329788,0.000837704028296242,-5.869632120827917e-05,0.04605269018403032,-0.00031826971334797697,-0.00017671940985746013,0.006119663740973544,0.001209673375091945,0.025673362673597124,0.0009028404536675239,0.00023606036558688733,0.02182075119545147,0.0010137961232155738,-0.0017336221191678754,-0.036385894148508256,-0.003498382802223133,-0.004742675657353938,-0.0002450292385396299,0.0009792477914292812,0.00010846889488504152,-0.0009818078991288247,0.0006062450700232158,0.03337820093580987,0.0034140427088682895,0.04634346958540151,-0.00042242994312361067,-0.003204808066599725,-0.00012243409883415293,0.005773501318624048,-0.0008463212174499076,0.0045197021795822965,-0.028166154114813064,-0.00011525218396086362,6.714045479186154e-05,0.00026052876371897873,-0.008542826766359528,-7.459731196065656e-05,-4.491969267356177e-05,3.1839341879750724e-05,-0.0004141377393036337,0.00011748151496443959,-3.452139799619072e-05,0.00020788071546481122,-9.89144537247137e-06,0.00046536149004627186,0.0008451164737165954,0.0029211373327939984,0.025650701357293405,-0.043005757782973345,-0.0005321112485446311,0.0002650397003065748,-4.395091937657927e-06,-0.0007828263082290197,0.007120384905369938,-0.00030901928667496133,-2.2114644842932685e-05,-0.0009259578905853245,0.00030176566876348714,-0.0010791911419924852,0.0011950313490097344,0.00043479774666586955,-0.01922875081527863,0.03320185334395126,-0.00467829862490754,-0.0008408249071432325,-0.00026129540998509615,-0.00012405450138796648,-0.0034689694698252435,0.00026485451937551755,2.3152656722258413e-05,-0.0009163281355050619,-0.004388717361364631,0.0016203088096791735,-0.08001149524082833,-0.055145162735260364,0.0003280372540395487,-0.0023516735345034817,-0.0012827835406331936,-0.00013338494122119848,6.553407964898436e-05,-0.00036934586278107584,-0.0014880529647602666,-0.051880011402289115,-4.597017012844887e-05,-0.0004263157098005274,-0.0002901784081763212,0.03359470560486022,0.0035520990728549516
254,0.002998265683874609,2.8846123770869328e-05,-0.0001893514465287462,0.0021878568780300143,-0.0001147877377623346,-0.013666171080604188,0.009900371302900134,-0.0006552892477520297,-0.006446480466948603,-0.0007805401830268364,0.00013213660426174452,3.472361568155821e-05,0.0012162718413204383,-0.00693578185612549,-0.0001429474008657122,0.005609231551774942,0.01837178666827862,0.00014990899671895154,0.0005588082615987748,-0.01110992157844004,0.0017458516882585175,-0.0004683519410157277,-4.617228956202424e-05,-0.0004852519178118707,0.006106541888648648,-0.002306182365254395,-0.001645538959290557,-0.024267109369214137,0.006551605255983209,-0.0003730760862639656,-0.04558693440428174,0.0006576783851090688,-0.00015143194617218796,0.4005213827478881,-7.279580763030341e-05,0.001651317009510899,-6.317698730544711e-05,0.0009799542863807196,-0.00011010005105936607,0.10652457540772768,0.01900497110021121,-7.149223421393323e-05,-0.0015814159283403292,0.027581926309621602,0.00027311438323439526,0.0016981613123859055,-0.00040388976080905003,0.0013379531596658303,0.0006857803272035259,-0.0008539200604625835,-2.6357437197270213e-05,0.0007000551448134548,0.0001941413041949445,0.0019844434715993132,0.0003309024258768053,0.006919944498706467,-0.00023479054182908195,0.01239230789866692,-0.03731105945744661,2.459538344224809e-05,0.0006484759924872451,-0.11552785741979263,0.0630113259046385,0.0030553400896934455,7.662844868978544e-05,-0.0037400821713831685,-0.0003757251158614841,-0.002348375723256629,-0.0015059198795865532,-0.00021488218072246087,0.0033933941605496978,0.00021965434726535374,-0.00596031893780031,-0.0018322473782560707,-0.14459036197756936,0.0001123880925792413,6.164791410482738e-05,2.0911308974858045e-05,0.00020924420297524114,-0.04888379681686239,0.005151619567377385,0.006990275332355271,0.002363444131599714,-0.0008714722461074794,0.01093845171950769,0.0014208389326152353,0.02014973340887183,0.00020360322421184018,-6.429180015900357e-05,-7.486787786704571e-05,-0.0002726477111050455,-0.0001990622153227426,0.00042726073545992435,0.0013432903164766973,-0.0459754988189342,-0.0006859381876835493,0.0003727851273568317,0.0011701393479549285,-4.430713123488358e-05,-0.001670753429138601,0.0002982385686744367,0.0011987040497607646,0.0006471365265687547,0.0003251542896066219,0.003941855027020815,-0.00975284749148462,-0.00018387861057328519,-0.00043507656462543425,-0.002637190768490047,0.0026480649175061642,0.00029950500521164734,0.0007984380543693932,-0.013509260028838985,-3.328148456440555e-05,8.099050225166687e-05,0.010170506427599474,0.0002235246087623733,-0.00020343407950608694,0.019638246867188167,0.007275678328541764,0.0007685314196542357,0.01036665598363558,-0.00038364434735548773,-0.0039030105246446387,-0.5475065996218988,-0.002370073783598375,-0.0003071447321255765,-0.006797361388735768,1.5254707824640182e-05,-0.0010027043155188394,-0.029399594905705304,-0.00044737160927331193,-4.908934020098174e-05,-0.00047508526146816795,0.00013800725261953358,0.001106725253154923,-0.0003719785092570014,-0.006022493472042116,0.0004637438707954559,0.0008353601015482146,0.00038237187472179267,0.0385398137968162,-0.005262553305729316,-0.0010104046622763253,0.4210061807548032,0.005196062108220772,0.004880641235610413,0.00036934957735934457,0.0025179266489197072,-0.02795418329613009,0.000730499810428,0.04435115837118552,0.03226836279858636,-0.020346398861825304,0.002999864348502721,0.006785781778245826,-0.0010433447187808472,2.1604812568033738e-05,-0.011462526930494437,-0.00011637019950859473,0.030098323056188092,0.0001472135195268911,-0.011181210464987839,-4.7682108692184005e-06,-0.0006521238900290105,0.0027494043216817914,0.012388864161101866,0.0005062917676213825,0.002254236909241267,-0.00016836407975308245,0.006829352813045458,0.0003819922881589015,0.00709862735977972,-0.00023448254794077592,2.150299504756134e-05,0.022379302754819926,-0.012062606674105521,0.0023306246705887402,0.0012981650216894085,-0.0053156101467111035,-2.952647572800537e-05,-6.427719793424664e-06,0.0016623769261050263,-0.026273797015162307,0.0004784039246526952,6.6344378826938e-06,0.03233091635444045,-0.004316246225571656,6.983251990260418e-05,-0.0009717150577681763,0.0027662782834991873,0.004244181331849804,-0.0001889180107889389,-0.001069195646057018,-0.00019189920664750178,5.057631630046161e-05,-0.010867322397997153,-0.022013627256784705,0.0002468437398137021,0.003210927375216149,-0.003145939353312784,-0.0013109026503075917,-0.003756782360626343,-0.05623609001491185,0.014837048301290222,0.0013302034976777025,0.0003312164493418715,-0.0001088136324412783,-0.005228215445188912,-0.0005732239800608176,0.004062162394497644,0.00018778491410772254,0.01602634058108235,0.000614906882463225,-2.3345633150395964e-05,0.0037032741440278776,0.0007032944514441968,-0.000468848308844843,0.004354772936742211,0.0001881933347726546,0.04716245686436269,-0.0020372173210509528,-5.977588550539696e-05,0.01986798449536476,0.00043490687065194506,0.0008550100558512692,0.0010646447577061088,0.0008333089134013297,-0.000975359870960277,-0.0012056979044406755,0.0012087323982367675,-7.428632571993693e-05,-0.0003957799071567232,-0.0024776303375764644,0.0006461465818409219,0.004347742019453799,-0.061167207722102476,-0.001258497639506106,-0.002100100145724114,0.0007080926475624238,1.4152496869941156e-05,-0.004598764900212032,0.005627471863124233,0.05839909321574465,0.0001528364253443699,-0.0006014293443399487,4.531948866584668e-05,-0.01849585084105328,0.003065541715743049,0.00010061910471861023,-2.4920030347459245e-05,-9.892069667491541e-05,-6.248226369639251e-05,-7.642998348415548e-05,-0.0012477204113686075,0.005054712191827721,-0.0019042829153693014,0.00023586701656843446,-0.02675346028434438,-0.20971315003878616,-0.06178161022112806,-0.0025990396733995827,-0.00020889396004969852,-0.001774235106058624,-4.9672120735771134e-05,0.011744029152548244,-0.0004184299991235572,0.0003303301067307321,-0.0003268174779186132,0.0010607700149935651,-0.001940630633942006,0.004264326976236945,5.182398749768643e-05,-0.019714703427950148,-0.00524262499136917,0.000610101242395188,-4.9289681264908956e-05,0.00019636872876760284,-0.0005873787277625575,0.0006824242212703333,-0.001101992833990673,7.361955550434438e-05,-0.0001410184150197129,-5.3400702384460595e-05,0.009937846428544278,0.0004745639662629963,0.010940517098168146,-0.0006558892925670654,0.047249884262139975,0.0004682548640810105,0.00024960991314329386,-2.8027980437225243e-05,-0.0025360489523309597,0.00042763573989472795,0.47284028935132194,-0.00010625888632393408,-0.00044338619422503356,-0.0041360182220941035,-0.00027123985530615364,-0.001983339086693086
255,-0.017636520083984284,0.0001505428809912973,8.616364679329275e-05,-0.000296859000181119,0.0004604272287098976,-0.005357243681865565,0.0014588399062654273,-0.0007307997629072902,0.0035939606195450335,0.0005562003874023669,-0.0001506532487974832,-0.00015682113301222766,-0.0016517431297856933,0.011482385471028509,2.0843391010863868e-05,-0.009908551011626214,0.021007297911422043,-0.0004378700479340091,-0.00036928194973115044,0.014859846083807117,-0.0003416610426029837,0.00012763710597482603,5.357890950784955e-05,-0.0014816218858557106,0.0005410250467929242,0.0003907002735378945,-0.004526625573329869,-0.014496091048836243,0.00022221673573969564,-0.0010197298583533958,0.006222028577413683,-0.0004234236770736463,0.00016239008143991568,-0.1132310635794761,0.00014341153119852242,0.0015432771210931791,7.917273979117468e-05,0.003028526246230579,0.00013040668031298933,-0.007135231965985221,-9.059564997325638e-05,-0.0007296832861495468,0.0020597072300313993,-0.00028944758294537423,0.0009517504655318846,-4.975161366582411e-05,-0.0017071442908393347,-0.023651139964964856,-0.0003831690716265632,0.0038954891881555396,0.0016498068976443037,-0.00026439846085212924,-0.0003265357427032513,-0.0004650639179577294,-0.0002162535611177508,-0.005746889616784523,0.0038580477506400743,0.0004280762502277737,0.013903520860557761,-3.182641392987778e-05,0.006387349041425014,0.0025916345340623826,0.005410159499284159,-0.009100048959729639,-0.00013329646881023258,-0.04969958081540492,-0.00019531440409731432,-0.001336880658745264,0.0009922450861657003,-0.0003993072919933529,-0.013208567514256718,0.0002678433891217672,-0.005049581146565787,0.0003761841520115688,-0.05748719570554936,-0.0002671057485364786,-0.0002416203993841179,0.0006459348456620767,-0.0008135616259287749,-0.013974980748832484,0.008278648244579672,-0.0054479003104279215,-0.0016972452864908848,-0.00232409690258086,-0.12946573036034106,-0.00045174463124275166,-0.007094390201405371,-0.0001694348745751051,0.0002804622703824897,-0.0008881347145547232,0.0005608073266393378,-0.0011681136003108268,0.00028282344542069574,0.0027656152690989045,-0.011284158645001784,0.0004602708012934266,7.022777326280857e-05,-0.005320368168279259,-0.0001833385620383498,-0.0005478654413708671,5.251032275356169e-06,-0.0004494382176650686,0.0014983788292976085,-0.0004681300020110694,-0.002053618461615579,-0.013481940387886426,-0.0009857874648153354,-0.00921035192152863,-0.0013767972390896787,-0.0002345509672510265,-0.0001857196901983156,0.00039185395840758816,0.0011313586130963608,-0.0006809634596682476,-4.480990552939001e-05,0.000966677439373816,-0.00442884654475701,-0.002209287207819636,0.01375069853313762,0.0030330908004303956,-0.00011371347218127844,-0.0032502225199384197,-0.00029223166439695824,0.06355048387658929,-0.10556251794125049,-0.0002337419316113371,-8.27519807272822e-05,0.046682112317479846,-0.00016704583714876632,-0.0014207169871839267,-0.042409697444290836,0.0008308963919984,0.0002627073286192345,-0.0011409910275647854,-2.466925715255766e-05,0.0005350608250677823,-0.0016983875435156114,0.0008040950898683882,0.0013622285011007681,0.00010746364637399634,-1.7047193290260602e-05,0.01160472831672563,-0.000951467417554186,0.004472734599315416,-0.18220528456010937,-0.0007137473358711905,0.011009912826078534,0.0003310694761528875,0.0010459042969880447,0.26694181129725797,-0.00335765093451844,0.023190096095200424,-0.005294742595585282,-0.002770296749355346,-0.006985149275144839,0.0030409495695988007,-0.0003729526145183535,-0.0006403420922394629,-0.013104897054440873,0.00010662065621705203,0.021874228528910904,-0.0023069467717088763,-0.018556833377314858,3.143225668281191e-05,0.0007756640232437576,0.005585327882936768,-0.002513373512661331,-0.0009459002339896922,0.0014324754832662219,-0.005311109339405079,0.0019068843865539479,-0.0005820851143238185,0.0007538172721554377,0.00024061278731047492,-0.00028684298429489975,0.005331794787483711,0.007131450173246929,-0.001096554568602065,0.0006288077859138166,0.0014788943695965388,0.00011540848111996332,-0.0004426781328375082,0.004031447597249889,0.011676759495337703,-0.002428632471254341,-0.00037302293438429496,0.011912920205247236,0.00042228796981200016,0.00029387492510421845,0.0007760187228768691,0.89519070875876,-0.004462881548033724,-8.646411106971383e-05,-0.023620416123182053,0.00020992743262453813,0.0010619953019338785,-0.006787336130207363,-0.0320318012882451,0.00039995048124547684,0.0012369076381317636,0.015180203788954252,-0.0011090453851859729,0.09882971618378471,0.0024756048910798724,-0.03802121548200529,-0.0014428981805305863,0.00021297888114328242,0.0007206857569734531,-0.00194818728270504,0.0004731320663772143,0.0028541916704937264,0.00020438335486034232,0.005870961684036229,-0.0006330630431216528,2.9499559912198742e-05,-0.010621067261458778,0.0001762267756382572,0.0001497686045516325,0.031240753929208942,0.00026930622547140443,-0.007200259682119854,-0.0019428273708757262,-0.00012077497492479593,0.003768974792079126,0.0010020342338396921,0.0003326050089445321,0.0014640067806012827,-0.002421859632165416,0.00286932111482895,0.0006762642888767417,0.002106791780504408,-0.0005511597251454789,0.004778886333025515,-0.0002246495295433271,0.006194565287359296,-0.0008119785560354001,0.03534616397033829,0.0007981793459334143,-0.006111427803242543,-0.0011933079233028242,0.0009108491821786949,-0.001201400854458425,0.0070096810136759165,0.001790023950644754,-1.3177570469148983e-05,-0.0006454930320011109,0.00013578500061707229,0.0015287273584435697,0.0062289871298512045,-0.00024362625137014848,0.0002357778350357562,-0.0010458220139499036,0.0009579438591085208,-0.0005567478482037189,0.0011488676954301978,0.003463118788191438,0.0006454323733868618,-0.00048814112029383174,-0.021360961814916295,-0.018508086559377107,-0.03667728586014185,0.0011108207495381921,0.00016569103060665603,-0.0017298744898028183,-0.00014674978045998229,-0.003183953192971498,-0.0013671147911757968,-1.6398570411913383e-05,-0.0006320623612050015,-0.0029379120331656113,0.010517197292877598,-0.016730984289237378,-5.7980042951691585e-05,-0.0094608007312643,0.004530825746597465,-0.0015605945160231602,-0.0019077249623621762,0.00041354880711189134,-9.96717649745844e-05,-0.018546728119170346,0.0016859047007012904,0.00014066926074746654,-0.002683484362699362,0.016699738868944967,-0.005601308707813,0.004452289073295745,-0.009220034498500156,-0.0001627121583243278,0.007882964814143217,-0.0004722227485764643,0.0002895518832869695,0.00041854107666809606,-0.03285542693046182,-0.0011951566079219714,0.11429007037120342,-0.0004350064161379964,-0.0003760702396812328,0.0024636436804846215,-0.0017103396692467517,0.0005928504832968249
256,0.0016513419308074242,-0.00014518923779067473,-6.2930402908337e-05,0.001595129520600364,-8.804491178649896e-05,0.010100901395266908,-0.0015434350982420734,-0.001390352669021387,-0.0017165337213713681,-0.0005144328060183402,0.0002061759590567501,-0.00010909099940682818,-0.003755377801688969,0.010799472504018444,-0.000223460864997605,0.003020668810107424,0.057782625911357015,-9.129761897170002e-07,-0.0018143884513508934,0.010860892087748339,0.00022469212097610096,0.0003016975808320683,0.00016248153958494,0.00014715071610177984,0.01010402068770425,-0.0007233410611982493,0.00717736812402354,0.026585568162014565,-0.0009106110487895093,0.00033839464314208115,-0.0027728866415395823,0.00043718815142685145,6.753888504129569e-05,-0.17185456004204797,-0.00016995522241778846,0.00017616003816598585,-8.08602153403934e-06,-0.003058510227257155,0.0003214718818325711,-0.03149556795471695,0.035252899548593876,0.0003211381706359937,0.006441649554580125,-0.018073561406746683,-0.00041751175989888543,-0.0017044647666253185,-0.004327764510730077,0.0012069413806524943,0.0006428282595631415,-0.0006538955391736157,-0.001443233566223454,-0.0003519076497439014,0.0005627992659960592,0.0006356909462995932,0.00044108974925731806,0.012221715457580818,-3.0383497830984915e-05,0.007164066025479672,0.00748549192902468,5.203002639933042e-07,-0.004770895825293883,-0.05184810984222602,-0.01518028114188929,0.01392477590222612,0.00010857586474083896,-0.027170276277761453,-0.000658348533337453,0.0010469097413166684,0.003058199208089547,0.00019394203859963294,0.0013149926800144862,0.00021067098311767824,-0.01551221528526121,0.0012214422275617274,0.012364512662662896,0.00011014114944815981,0.00011171983251324815,-8.88031840463677e-05,0.00041167569267981955,-0.027873099504555066,-0.0024072431721630563,-0.06067877307750367,-0.0003602381720890055,0.0023601264150580406,0.05321379557863385,0.002438338621824818,-0.0026918166867619556,0.0001920792867029738,0.00013914571931114003,0.00013000611465346923,0.00016846229859505718,0.00025366115003543164,-3.2474307690120996e-06,0.0008962965659042245,-0.012353230006439009,0.0008956320240251282,-0.0003020431465941837,0.003876608925354926,0.00023224457644585757,0.006826032729428734,-0.00015651730078736908,-0.0008313346747074782,-0.001364175901684609,0.00046998306110154677,-0.01512481700813973,0.011703482820951924,0.0009789960437700093,-0.003826704019896161,0.0018367139836004175,-0.0018631376254450965,-5.188636930859869e-05,-5.444533329468067e-05,0.002768028560998725,0.000689867080229666,6.048672563547901e-05,0.000648264777747341,8.582144222988729e-05,-0.002287016707846443,0.008986744568281907,-0.0003890808911333042,0.0006898722640035033,0.0016441631261266605,-0.0003542163217562204,-0.02867052773679626,-0.02410771525731089,-0.0010217141659551185,-0.0036368156640127613,0.023391464455693223,0.00010172101969048442,-0.001603569280459296,-0.10496959591891875,0.00027724940120441873,9.07013744334144e-05,-0.00010533734975375834,0.0012282445366263077,-0.00016333545370894825,0.0009889147392814711,0.0004888230323566427,5.560404516854881e-05,0.001336019333052372,0.00039636176061542223,0.006551138068417316,-0.005144530043102237,-0.0019005406693152905,-0.25257675571978033,0.00312781806580484,0.01037315690696431,-0.0003217358464150472,-0.0005739925597932115,0.7612984091089626,0.0021171910558423447,-0.013711367521865615,0.02047459941884127,-0.013894472406184303,0.0009498237111584031,0.010685526271666392,0.00026368661662253164,0.0005744400986070844,-0.020154908054123538,-0.0001312920302730813,-0.008371288343800657,0.0008715693922169105,0.0056597102893849146,9.903055943387765e-05,0.0015369408556140435,0.012178325271647045,0.0010422749828612864,0.0006476271934062478,0.006593560029413333,-0.0051428415694944,0.00042239102267119244,-0.0021165976651718104,-0.0014543534557164063,0.0007883388863986351,0.00026761886668886896,0.010790590762706689,0.0004899175643079836,-0.00879450381837286,0.0018558920100042564,0.001247722739914246,0.0001340286304497536,-0.0005352738897801684,-0.00015759522368173455,0.014473463064563428,-0.002274736131439788,0.0003319655112034468,0.0032311939402600454,0.0023267215691932914,0.00023764439153787544,0.00011611818336880366,-0.36079343296259114,0.0011579386740956234,0.00013711440313572947,0.007448211001881859,-9.913139357467548e-05,-0.0002254552247919141,0.014234935977291583,-0.16831944457333808,0.0005150802854378025,0.004740393941606453,0.013241591787270333,-0.0006829725739509265,0.07700318466294886,0.016848593402970787,0.01999844577561149,-0.006173526356074219,-7.507449252827344e-05,-0.00033539886014195505,0.00130774332807953,7.322592689124087e-05,-0.00014290442442092745,-8.884627087491761e-05,-9.697185572024071e-05,0.0005701514061458463,-0.0001864143657586692,-0.023751750688829485,0.0002855671026415219,-0.0025879787463280795,0.02227078797189974,1.676112907939085e-05,-0.005846305436988834,-0.001030242101336664,9.577816041153727e-05,0.00459248359215767,-0.00022737141683712762,0.0016522541447702656,0.004875560502778141,-0.003548098645918736,0.0004937472840377997,-0.0011241787629039208,0.004467969453523825,-0.00014733530826370575,-0.0029809355119114842,0.00026402363014726553,0.011371943522664811,0.003915420168575721,0.03353995903410731,-0.0001900210474290202,-0.01665967370195478,0.0010137095183174512,-0.00018268035287237472,-0.0010216427216581836,0.004216390423239528,0.02321405879756375,5.38807462558649e-05,-0.0003778692968772532,0.001155568607111966,0.0032274776728916034,-0.003538910051034175,-4.9403288020191235e-05,-0.00016953478850550464,0.0008704339029493999,-0.0033925776180607045,0.0005405870647645667,0.0015374765127094822,-0.0013882920296417194,-0.0026421291447778173,4.424629447622575e-05,0.0007721895813395961,-0.1037617112485234,0.006373310750762513,-4.657116860708882e-05,-0.00021952358108335256,-0.0029707280137780566,-0.00020480217940871474,0.02124391829685723,0.0009027852138459242,4.1945042498395474e-05,0.0006292927121361903,-0.0018853812955909883,-0.007042238927077285,0.016803546358291916,-7.0345469493721e-05,-0.015922224393373784,-0.0010382544763350935,-0.004871333733531227,0.003822842355359673,-1.8139278019281774e-05,0.0003034016189187649,0.0016505231045740153,0.0006078431544825963,-4.142148385922334e-05,0.003560494236632642,-0.00820129300473659,-0.03225402299384663,-0.016196365152910848,0.052655556081999885,0.00013729490467864812,-0.0065012200358160604,-0.00020956875597984061,-0.00012677096348880486,-0.0002726786411876921,0.01316831712496752,-0.0001422952058579279,0.32672940113654464,0.00013434407939984933,-0.0007780329906445799,0.0011185501386343718,0.0073440209250230665,-0.0006123194056635534
257,-0.005291909271350172,-2.7880907284023176e-05,0.00012061044208038114,-0.0023716229916893876,-2.0788443824920275e-05,-0.0066147831188494875,-0.0008022256857975595,-0.002871097928068122,0.0016208911470874578,-0.0005690097452241989,0.0001013649090757171,-6.387262263366812e-05,-0.001513368850249581,0.011046382136048399,0.00047338452669444184,0.0007154932269859175,0.04935707642162353,8.759433245978093e-05,0.0023475641037662216,0.00013237642047592233,-0.0001785538723855229,-0.00015983001199366444,-1.870864714337804e-05,0.0016628261342641944,-0.03899898672527348,0.00021477362634876075,-0.04271341902688415,0.021965630764310427,0.004709476137260941,-0.0008422742214536372,-0.00281303938743029,0.00014784427700102742,0.00016709951732053318,-0.09376505592551612,-5.059554706052759e-06,0.0006937254969643872,-4.83504275174693e-05,0.0050420041650826135,-0.000548275727952593,-0.03976806251828431,0.061313961521717544,-0.00025849903967018893,0.009067612402193656,0.11325414336050817,0.0006415159072146659,0.0009167498383680907,-0.0030744755994174455,-0.00150489125969332,-0.0004085114930616571,-0.00014684910464750735,0.0004036474402204799,-0.0005638942268020319,-2.010480150770478e-05,-0.0003722237600039032,-0.0008371146740525645,-0.0032027834756286444,-0.0020673905533650228,0.012939865880151433,0.009698445280086128,0.00017653209501404922,0.0009344037440120158,-0.048722902325591455,-0.004816711253824212,0.017492811756265055,-0.0004389553265510028,0.011239319758804298,-0.0012214019978503102,-0.0023598384320108867,-0.004730100798381475,-0.0006965047015034392,0.002377511970298645,-0.0014636356739634532,-0.019570516756947105,-0.0030697347979962222,0.051894637559343676,0.00010441668918306606,-6.370317472131383e-06,0.00046246768329120166,-0.00043724414105601826,-0.010297506705058686,-0.0002770882955819285,0.008155368032129335,0.004322186920538642,9.136511654516831e-05,0.007693542247520882,3.193176249935252e-05,-0.006680738104970967,0.0002560696228131288,-0.0010949780947111564,0.00038470145310170664,0.0004885335848868968,0.00028024335976901504,0.00017327875956144213,-0.002381561652152721,-0.014913677601335384,-0.00014125503899823006,0.000633041884735424,-0.0017667219375132825,-1.5940610126671502e-05,0.0033947080917960818,-3.61864400033905e-05,-0.00042310080120044153,-0.0009751220703906982,0.000527602685617651,0.025476568121353627,-0.010535808055028894,0.0005493070476598151,-0.002638252902539349,-0.002582675462615535,-0.0013513204503795711,6.118701062193116e-05,0.0004476664881380144,0.006465836342978318,-0.0009191859471075446,-4.793844518644931e-05,-0.005515694050643485,0.00013929880311864574,0.0007477244721551102,0.007187638320414836,-0.0004464784659564511,1.841063231623318e-05,-0.007139040136519222,0.0011166508879754651,-0.003938173414975335,0.03454432336844125,0.0001564624758255695,-0.0022543289210790896,0.019284056451999574,3.3556614515359295e-06,-0.000867072810140129,-0.009847793242429832,0.00022859150158082648,-5.540171740016841e-05,0.00030971620501611197,-0.000500778506676759,-0.0013003853232408527,-1.4744074073472853e-05,-0.002009363219228037,-0.0006968251292501333,-0.0007747896721867591,-8.192095461194166e-05,-0.0005479829138095756,-0.007021316020151797,2.6140051177376915e-05,-0.31255683063212913,0.0024225345168758065,-0.05553836708472999,-0.00016205147440391903,0.0011647627918901949,-0.158659999886791,-0.0014464926190160161,-0.018661586752230067,-0.008668687165225028,0.05734325276664435,-0.000228441167299961,-0.013277207221622137,-2.3593367759951536e-05,0.0005972038060392208,-0.0016547492261416094,0.00022662133695901514,0.008909509782490993,-0.00041143298698770374,0.0006519416428701701,9.932866312845632e-05,-0.0013718280760232167,0.01659447754747935,-0.021730405584369582,0.00030435424615719506,-0.0018042200114509609,-0.001177350681355262,-0.005602309020365471,-0.0009277898152845986,-0.01138592250780892,0.0007941486668396527,-6.522316600869778e-06,0.011506395401347578,-0.04799333536556058,0.0007419753759350754,0.0013175966714694955,-0.004708896906745419,-0.0003241128389974736,-0.0007773980688252875,0.0007518286740580647,-0.0005033592756645425,-0.0005536839796321368,0.0003147117662794007,-0.007310615317715057,0.0014749443166633632,0.00035278666269179457,0.0007428652583795329,-0.04446443880136765,0.0014841019475965783,1.2356634702226366e-05,0.001444953176803267,5.311002014858797e-05,0.0007063518881253077,0.02919604183493141,0.8075826030638213,-0.0019746130940293564,0.0016207437305639694,-0.0051245155855896285,0.0011388901366244202,-0.014281389934964639,0.00375268107804415,-0.005643970325769227,0.0014446987512937608,0.00016909499634373566,-7.357875978492403e-05,-0.0022168845589342124,0.000529406539833605,7.46465501977908e-06,0.00011874208393791805,-0.0062923060340379505,5.54478908163401e-05,0.0002433013734687902,-0.04011304018761939,-1.066379507217558e-05,0.0005831384041270616,0.008066875781713619,-0.0005758375310375428,0.005535230959305135,0.0007394340818287198,0.0001499546552134524,-0.0022965292945174563,-0.0030019995900857654,-0.0001573049784486077,-0.0027444678315198465,-0.004018430128360313,0.0009538855210384099,-0.0011202082326581446,-0.02151433361472581,0.0003156540147864701,-0.0004590453533411948,0.0009852659039855955,-0.032583820695498894,-0.00439815080099235,0.01795137380478865,0.0006134573464414757,0.005642403302026696,0.00012374364216410157,0.0024487578179027258,0.0008407286097005754,0.007438520600154968,0.02507743504697831,-0.00010533281374185827,-0.0019332371121988329,-0.0031618441885725964,0.0032599400390025375,-0.0013248010383513384,0.00010350317687843075,-0.0001357995038948831,-1.9115136520070092e-05,-0.0003558170287536719,8.742978377170984e-05,0.0010327267535935227,-0.001999478731165179,-0.0030523349911410376,0.0002732980828791143,-0.00806217682106362,-0.07021777999846443,-0.02496759639139064,6.546732789672566e-05,0.0004854700743178947,-0.0022428657857841176,0.0005992337088431556,0.0065448477006768,0.0005211986340114825,-0.0007184057459379244,-0.0008572764660489979,-5.272955248981361e-05,-0.006501178814044843,0.002910444762239941,-0.0003416227266554191,-0.0063996787331015124,0.0038751357132161004,-0.006891972748352218,-0.0009538558333932884,0.00014907542435474593,0.0002941563260871502,0.004121926564237273,-0.0007072121896441532,0.00016226307292884629,0.005325553526146264,-0.0007490914298748763,0.008028377222965243,0.02963304333445816,0.026248059449173425,0.0007586396942984032,0.003260252704219778,0.00044101379365618166,6.150430182741136e-05,-0.00048313629876132677,-0.002277900691111347,7.572843334904822e-05,0.39536193374453316,-0.00012240898307558628,-0.0009089056162399148,-0.0019291273776409663,0.0011053234280228629,-0.0011150781548475896
258,0.007817287699710391,0.00018328909364759977,0.00022599907962975174,-0.0004651520171569754,-0.000132203670832335,-0.018536315741263763,0.0026335865318458003,-0.0028161525627247407,0.0017851841168838277,0.0005465343757936544,0.0001333367287987726,9.058328832724574e-05,0.009481993085098697,-0.01545615176104922,0.00027704367207553003,-0.006158621335050612,-0.0517401372826357,0.0002771353859467949,-0.00028676032588564274,-0.006512297640927546,0.0002535900173736786,-0.0005972397356584953,-0.00018591467840959296,-0.0016402498121056153,-0.028417198235100676,0.0009243138754760107,-0.021250695673416167,0.024530656779063152,-0.0006702771906106561,-0.001068419254082991,-0.002774013732938492,0.0010051190001466584,0.00021782014880370078,0.12182664213170029,0.0001236387996240637,-0.0009145538063653627,-7.986694774784179e-05,0.0013373304430342888,-0.0002978040577837162,0.032226820779499205,-0.0707890075591577,9.686269258382305e-05,-0.006892738336928422,0.060782663382219736,-0.00019817150222155473,-0.004407215842427337,-0.003118328228466541,-0.0008669548552605721,-0.0004623704559337567,0.0011180016372071872,0.0016259832000588151,2.4444790088428206e-05,0.00016390476168559164,-1.9465030393379258e-05,-0.0001310271443250655,0.006309451197040302,-0.0005938261131951603,-0.005154282338656177,-0.012060966534514736,-0.00023637839386125197,-0.0022635951594560896,0.032902924488250565,0.00844684904842307,0.016100004852867826,-0.00033030403433899607,-0.02472821268647619,0.0007315835888115499,-0.0004384979384971055,0.0019203220666590423,-0.0005773227250641564,-0.00277878948527481,-0.0008310349060193648,0.0012064489913952143,0.004769009927632139,-0.016717042522455965,1.6948604899607157e-05,7.402476400694105e-05,0.00035406563858503097,-0.00044665317831922807,0.020797436117984954,0.00040161953642580577,-0.04064906746518964,0.003251687821955196,-0.0008329772632074509,-0.008499386228758206,-0.0007359311231853157,-0.0075696539730342825,-5.1959485421316934e-05,-0.0002863448291949615,0.0001785590730195262,-0.00038902706197497844,0.0003952434355006499,-7.869425940529567e-05,-0.0011480476781348709,0.009338000788802807,0.0001663985924329279,0.0010303802772686952,-0.001564417469346044,-0.0001388266334606753,0.002067085765898739,0.00021517534544904303,0.00010196938686494252,0.00102362531632586,0.0002802212296220993,0.08817609247632875,-0.013010809566118057,-0.0004775253274501431,-0.006245583121842306,0.002776750042516666,-0.00014856440973261596,-1.8330346731233564e-05,0.00044682021190212384,-0.003702680777325173,-0.0007474557289299218,-1.196481288808296e-05,-3.205851323386693e-05,0.00011258855551257241,-0.0019133822038711252,0.0028275789200388254,-0.0004775275518892996,0.0003973098933569738,-0.0003997806880808119,-0.00024888968424664976,-0.0014055285313001342,-0.060441148652128095,0.0004235723324325213,-0.0013301415708385704,-0.012391028216779652,0.0001232571004664111,0.0005300599675080787,-0.012737565170652426,-0.0005399659005298374,-8.147121557935608e-07,-0.0007155368932226115,0.001491382600040655,-0.0001699589741610938,-4.5957903769907986e-05,0.003747796656054257,0.0010766114816254842,0.00033632334153318576,-0.00036025804771378113,0.0024829204189756697,0.004727497084660604,0.00013286590982889996,0.42292344729300335,-0.0017784500164953294,-0.036380259941193704,-0.0002618766114107351,0.0011484192050810573,0.5006111084101619,-0.0012852117501862231,-0.005695331300261375,0.004271324073324116,0.03017408928762138,-0.00089385322284749,-0.012076133665500907,0.0006343689578835567,-7.717705213099591e-05,-0.017886195506984313,0.00018323351255617923,-0.007967630984125501,-9.900081627061385e-05,-0.0010340967778245955,-5.197250695129557e-05,-0.0013098731045004806,-0.012074961515934226,-0.00893104366896937,-0.00104091572788127,-0.0007028554360733574,-0.0060132723090629645,-0.012762363878578632,-0.000984533442249089,-0.001101599633751388,0.0012835613501106578,2.4760757778988403e-05,-0.013278822504273438,-0.01574517535593281,-0.00729907878465162,-0.0004464683596950698,-0.0001186983991407326,-0.00011424438634585754,0.0014794306532989769,-0.0009974843844901705,-0.020764761937326657,-0.003954562744909141,5.428607955071168e-05,-0.008438662542913464,0.0008021237112745471,0.00019422767943008722,-0.00020730268729802115,0.01713951946592051,0.0011127195956041913,-0.00014040854419574106,-0.00029865885639792766,-5.406889543411403e-05,0.0005698791673037183,-0.03777557788542881,0.5070469780975269,-0.0020293345609315298,0.003564715032932866,0.01336974337689424,0.0009058085824195579,0.06970459621208847,-0.010760515801450017,0.0028532696181210273,-0.0055570164573114506,1.9646002446898486e-05,-3.9957128792418323e-05,0.0018668952564886657,5.685201876691881e-05,-0.0028826150592252335,0.0001841990366721535,-0.0022127026513313634,0.00023818210756681416,-5.27141480564583e-06,-0.019363729598826488,-7.839175115521022e-05,-0.0020418064948574217,0.04372568575804356,0.00031161518390075997,-0.011733782469003758,0.0011445701833546996,0.0002214563252309165,0.0006691357194423958,-0.0009383970205824052,-0.00219973921518506,0.00111909041172582,-0.007728262484649391,0.0010179005721684686,0.001432773474707218,-0.012960274339061637,0.00016867523014311796,0.00015023713935472405,-0.0007779548958452704,-0.1321924080095964,0.0023435185608879435,-0.021259100394335987,0.00046517498543862876,-0.004689246492294047,7.335570493152607e-06,0.0009779505506215093,0.0016309043718262554,-0.00768675232284144,-0.023082947895197648,-9.494692724714392e-05,5.7218362550362934e-05,-0.0017254971576147623,-0.0030344101083971653,0.0012551398054024836,-0.00028990821902599045,-7.060493321570972e-05,-0.0006267969693842008,-0.0016176186118842333,-3.5156014135888478e-06,-0.0026367589477896726,0.0029728145706688666,0.004723267232451806,-0.00031516971035103013,-0.015481001942762359,0.04955789812160254,0.011722331046254697,0.0006625983105845567,0.0005213019965544328,0.0035598921618459714,0.00028857137727617433,0.016429806286478565,-0.0004480320909610538,0.0004531482442470154,-0.0003172392749917746,-0.0011763533948344234,-0.0025729449657000076,0.0023364978465956186,0.0004532030363055926,-0.005997744672904093,-0.007190809857943922,0.007708956734034962,0.00035450689096265726,0.00018760995921798107,-0.00046166419433710617,-0.004427077039585923,0.0024109304855531714,3.2694940037967385e-05,-0.008058054717625829,0.0004377930442962155,-0.024594210138490204,0.023048263481255767,0.0422326929693736,0.002540687182858345,0.0073338112063817025,0.001359146295057561,5.2479204536312255e-05,-0.0004010540576230674,-0.005093753924015789,-0.0014858799999673128,-0.4770616280487008,0.0004425750566759575,0.000385945375559844,-0.0023296131129633075,0.0009206984844246056,-0.0004438769073433992
259,0.0056307708556182735,-4.926347623461155e-05,0.00025924587267364685,-0.0003221902196047042,-1.5476803359449655e-05,-0.00037566859141061407,0.001124387775515873,-0.0009349137821841724,0.0023897949909391647,0.0003141140282769614,-0.00016159186025991971,3.893428520987223e-05,-0.04552412406209694,-0.0045964272040992064,-0.00027412232792483737,-0.002594467202003347,-0.09272735538897564,-0.00033624271578038467,0.00022970909954106444,0.007337674584022128,-0.0003646030945478069,0.0005125688151688245,-0.0003330844408998366,-0.0002879932577575881,-0.002873294301411075,0.0007168347027001771,-0.011563099074167757,-0.010139865322594973,-0.0009806193523041766,-0.00015669476909596462,-0.0016276174672908233,0.0005852184899992585,-5.772959042263208e-05,0.01538102204385871,-1.2830452485056501e-05,-0.00011565364924005306,-5.332054007929469e-05,0.0015179328702551852,-0.00016883672104423187,-0.0017981947148158419,-0.009876217051893968,-0.0002890761959504859,-0.002721940313080479,0.005993887834199106,-0.0003340038845645833,-0.0016627585345412189,-0.0002646573594893525,0.005096474707930433,0.00025327904348013824,-0.00045477137400086774,-0.0004719952102506357,0.00016563153533535256,-9.087280392877151e-05,-6.131650129409825e-05,0.0002181237628037687,0.00901228077318019,0.014606992610894178,-0.03452431494875322,-0.0015841594696416714,-1.5145147709846353e-05,-0.00026128659957074603,0.01205810081299387,0.006210031697420985,0.002689040610882686,-2.8891433322103532e-05,0.0024377897572394423,-1.816441380848399e-05,0.0007863656465216163,-0.000592938892863544,6.644529910154913e-05,0.002946521559345914,-0.0004353350299093552,0.01023398758718589,-0.00034125214772246214,-0.02677774124151212,-4.1160599308634124e-06,-8.791488086040255e-05,0.0001441414063441586,-3.60167041896578e-06,0.07270649192774493,1.2889830463120992e-05,0.005209430493388345,-0.021466259891720338,-0.0001603300120545262,0.023178383653780735,0.0001362408817063617,0.02140528356206703,1.228657052085606e-05,-0.0007236601785117476,1.2146119183067267e-05,-0.0004410301221550872,0.00012043110462096128,0.00040720115122010745,0.000265150554586791,0.00017094485845102177,-0.0013727368503761925,0.0003419727121729555,-0.0005310759300682817,-9.038988690689836e-05,0.0019445161855138483,-0.00019801092549425522,0.0005485312404062042,-0.0005284743083266058,0.00034633208877910167,-0.5363112365393645,0.028167753827726922,-0.0005507392439026767,-0.0013139253624135576,0.0008954088207910648,0.00020408273057438887,2.848719532913221e-05,-0.00045963850232805226,-0.012238695998666949,-0.00016052517192279708,-5.4372860962375626e-05,0.0010218166464275925,0.0011944449279269157,0.002192535613326733,0.0011525870890084075,-0.0024727722730445534,-0.0005265405580108014,0.003882508499736094,-0.00013636329145632817,0.010054367798944405,-0.007035031374220957,0.0001394194796207589,0.0004522202529325809,-0.01995314185671993,-8.849764417322159e-05,0.0015669299220512022,-0.0030611381155506876,0.0006425588177472162,0.0003044082314709646,0.00017399866454561068,0.0007584870044406178,-0.0014384798081602933,0.00028801632888881407,0.0012052647193252237,-1.0232526140618045e-05,0.0004821205806903577,0.0002451448056948486,-0.024590677485123055,-0.00017432380282354245,-0.0005618823305394802,0.06836255726511897,-0.0006365981582728986,-0.005294855152557718,-7.892000077171354e-05,0.0015164414408519854,0.06456911673542938,-0.0001386260799044467,-0.007968913774431981,-0.10094427089723047,0.010711111107287919,-0.00011533131342633354,0.008740432173922867,0.0014522228342656652,7.920197743342336e-05,-0.002125386185608852,-5.2342199307224534e-05,-0.007392519930379555,0.0003527887799123586,-0.000972688019653258,-0.00022607434751298686,-0.0005326777043042192,-0.0011779246894742428,0.004899321472748125,0.0005516425039218981,-0.0006334222006009418,-0.0013836886658677098,0.1026007714746166,-0.00018980852093048242,-0.00033644408744532115,0.00042583292121374516,-2.1821772849612425e-05,-0.008508230169768595,-0.004552951205373243,-0.0006527733329513637,-2.3483416639363992e-06,-0.0009103275718328439,-9.835054352510912e-05,0.00043938563358354526,0.0006350624714690483,-0.0031816246128548286,-0.0004885931926517009,-7.02341011136606e-05,0.09265706833891829,-0.0002383370067464809,-0.0003086866092097684,-0.00020844201168297716,-0.0033594041058632486,0.0003601375153186184,0.00011333197478301943,0.000603428947342899,8.12285824290113e-05,0.001126849567979104,-0.012176990511895084,0.12366587973846178,0.0007516371454395609,-0.00020181394996583312,0.006530349819055184,-0.00037034896883456417,0.020450793956898417,0.0705655241234385,-0.0028811171600280176,-0.0027754220420734893,8.285201118757302e-06,1.0377662460220143e-05,0.00027105281260459064,-0.0007950341440072003,-0.001195425015144338,-9.691738256099348e-05,3.1709762550381554e-05,0.00022799835855357668,0.0001682347797473658,0.003151597917690013,-8.560228866810325e-05,0.0001372842768313353,0.053200122260290736,-0.00044387487342236256,-0.02375191275960342,0.0011298488842814266,7.076421927960409e-06,0.018334938639377428,-0.0004028371638508879,0.006426693102125984,-0.0017354770586654753,-0.002742130344097946,0.00029113400344235206,-1.2060715528323972e-05,-0.02032549777464569,5.333770086266704e-05,-0.00043041071108110805,-0.0002604174390103477,0.7787835206696376,0.0027957157503582302,0.024422491910324584,4.442990647745464e-05,-0.0015165421951406062,-0.00017927840779343699,-0.0006225024554100756,-0.017488123381200694,-0.002082495479199631,0.0010270135140262517,4.394171463844199e-05,8.05490353956961e-05,-0.0003534067688263889,-0.0033425662099556873,0.0003810592551291926,7.318637625057197e-05,-2.268548376091993e-05,-0.00033247129843592624,-0.0019409609076475453,-5.8975204822797405e-06,-0.0011788927704227598,-0.0002822386156420562,0.0004092849122642021,-0.00020707198853559702,0.003545358801512541,0.003400948762153938,-0.002901440072959628,0.00020714831030722424,7.136342491099491e-05,0.0002555168651584645,0.0002741713166309731,-0.024909621250491988,6.108937199640225e-05,-0.00027778755645634784,-0.0002153147706024064,-1.294987822928373e-06,-0.002044184721890641,-1.9492892323438863e-05,-0.00011063637037332105,0.003248278669803869,0.027374557060744625,0.0029476760541120696,0.0008851251648349319,-7.914429614098344e-05,0.0004123327696724581,-0.0011527151257017705,-4.3204106858468934e-05,-6.100509376043284e-06,-0.002144170582207577,-0.0029484321121414454,-0.0038461156654008644,-0.0038575275889435037,-0.11824734971877024,0.00014499927957410826,-0.021896351914546246,0.0010555924306091097,-3.308488063268403e-05,-3.899654292226912e-05,-0.0026123268878514225,0.0006960393606735365,-0.042748011472476304,5.968436969785735e-05,-0.0005828886708185051,-0.01055653925360527,-0.02010370987866026,-0.0005033905402495849
260,-0.0025304299608480754,9.77211607602977e-05,-3.905278914347141e-06,0.00040770468449978807,-1.422346059676326e-05,-0.0017272225714971804,0.0015398710360846396,-8.7205406728714e-05,-0.0008680571567620246,0.0002744139883224597,-2.3296838558319044e-06,0.00013704588508243586,0.001313964008392665,-0.0016437360678477502,-0.00035331044807361154,-0.0001859137612781536,0.013292191238289534,5.387142065291261e-05,0.0004550919478268961,-0.001622101771675215,-0.0005382277024667793,1.7065735013262195e-05,3.6806994706210534e-05,0.0006084858754211546,-0.40626292673360004,0.00032645169430238485,0.04036730739000236,-0.0033213932616125118,-0.001033067072675899,0.00023474662510716447,-0.002061530080622715,0.0012928256519903127,-5.7333494442663856e-05,-0.0393536938464239,5.0109639055856414e-05,-0.00020950102670415013,-5.522265332791321e-06,0.000742326878612163,8.91578287863376e-05,-0.0004824295224076288,-0.0033080660964949007,0.0001407810147477704,-0.0026041084507955527,0.05180340791416859,-2.928847727815681e-05,0.0008784266012199123,0.00021680108927056574,-0.001242776187618701,-0.0003042480375919695,-0.00033686094673436584,-0.00012724235786480687,3.6668634479291055e-05,-9.116338973498041e-05,0.00019961994667441925,-8.935724076754303e-05,0.0018069398284018077,-0.00014035449696887803,0.010093958718507913,0.0007903556486440535,2.532251664882912e-06,0.0003020945773153736,0.00033654308790086456,0.00040455330574218416,-0.0002656896008582935,-0.00010483816215011137,0.0008973138207363082,-0.0012362458139949786,-0.03922259262710096,0.0019625585414946942,8.366478622384016e-05,-0.0006353465670850371,2.915205483445399e-05,-0.0007731192190638111,9.89427971288012e-05,0.006122923336035171,-5.452754833545903e-06,-2.1734716709694013e-05,-0.00021938425269419498,0.00012702321843607867,0.021816162268763463,0.00022833480565664574,0.0010987715941173943,0.0037787867226648127,4.241887046750603e-06,0.0022314193759485576,0.0002963877237218554,0.0014169628761521932,1.4367839661962728e-05,-5.176837691938524e-05,-1.7833435904002215e-05,4.8021453221774e-06,5.462496299949685e-05,0.0003052298315896068,6.45971844753096e-06,-0.0027748805016824503,-0.0014883766601028435,4.917392578011447e-06,0.0002774012690877053,-7.232478005880089e-05,-0.0020750632788386547,-0.0002834989515949401,0.00010371710370133996,-0.00019636980724918075,-1.5181386918208806e-06,-0.0037868494693598653,0.008954616544605727,0.00040529781761791325,-5.53502951799751e-05,0.0002285352195265265,0.00031713324642814085,-3.1068990483926195e-05,-4.3362162947237215e-05,0.006549042090371181,6.754927176594316e-05,-1.2837869447401146e-05,-0.0027508403886698654,-0.0007603928012771747,0.00032003848036669426,-0.0006764350380406466,0.015962129396475393,2.0357268569368495e-05,0.0003668259518084336,-0.0006552649844333378,-0.0004422291949882488,-0.0034991184331222194,0.0004434979926066793,0.00024781904504279483,-0.011212293439237981,-2.8549144377837052e-05,0.00045493832106081314,-0.002931180604261488,0.00010963043542076313,6.044359646363226e-05,7.13512040433021e-05,-0.00030524813965353455,-5.530773330236945e-05,1.2853686978314682e-05,-0.00021211786416153178,4.918385647476216e-08,1.9110405590556934e-05,-8.843901936610166e-06,-0.010167746153060913,5.8072731640061845e-05,0.0003459604592045078,0.024662184994651618,-0.0002494140859113231,0.01855732554052596,-0.000285624830808915,-0.0024443758766037483,0.0017869979995182072,0.00043562636028079147,-0.0001050326655701525,0.009193901136929429,0.07204097848328528,-0.002013514988820253,-0.03164958252137166,0.00033308499467849667,0.00014947637948620912,0.0019149663813129267,7.921637994326089e-05,0.0003097777453169746,0.0009622774854957658,0.0005992027030383824,-0.0002884077326481896,0.0003461826610750701,-0.015762573872952056,-0.04697224311435104,0.0017644218164935901,-0.0005197495926365075,0.00208524686450701,0.0004874139927593252,-0.0002540437965234607,0.00020532870083025782,-0.00034478920238249257,-0.00014599194424429196,0.0033771979242590393,-0.01644548399752108,0.0002641542032000826,2.2605922350468766e-05,-0.002356943590814412,-4.541456120746301e-05,-0.00014699084064534029,0.00037055045613271914,-9.17570492778904e-06,4.7287286768568984e-05,6.127870275425551e-05,0.006289016012372607,-0.00018428933469452104,-0.0001499819188653835,-0.00016884551947816615,-0.007006278609003141,0.012075225329900179,-4.463983224164969e-06,-3.3424677490141025e-05,9.975594954809985e-06,5.182349709738354e-05,-0.006853784927180339,-0.06618634139714659,-6.226222702353842e-05,-0.00028223473680066445,0.00039794206310470905,-6.49168428789211e-05,0.0011324207863704558,-0.003850873144234681,-0.00017359765225051553,0.0005762404555971264,7.95247173229572e-05,2.6228309668138022e-05,-0.0005800128308874076,0.00013853770856934577,0.000179976725040758,8.971458814635569e-05,0.0011392302767616646,-0.0003550726426668621,-0.00012866129801236519,-0.00016180782650646996,-2.1437876809009965e-05,-0.001474074213116846,0.007496809101440974,0.00045057006972211043,-0.01768457990668693,3.743785261752994e-05,5.287864540313991e-06,-0.0053391989202207744,0.0005483141330098623,0.00036185433591757587,-0.09189136752768313,0.0001946685871593275,0.00023530239557473915,0.0002372626584081286,-0.012516005970469554,6.877147895525265e-05,-0.0006603260271220886,0.00018529563194721616,0.0036593090825338087,-0.001784447728465002,-0.0007232757742784804,-2.5320625635361776e-05,-0.0009090074041861796,-0.00048258989364550336,0.000836708077859287,-0.00021900607435729668,-0.005686711415335741,-0.000391646470842141,1.4032453605501878e-05,6.674610061762525e-07,0.0003915586567961487,-0.0008995279073747075,0.00013322636701206415,-6.605834791890627e-05,2.5410006399124302e-05,-2.4541306573097306e-05,8.555801890281324e-05,4.096463656726168e-05,0.00011594711899313298,-0.0003106886747459034,-0.00038165860926230727,1.950546008393239e-05,0.00029556912196156615,-0.003090556159418792,0.04355104056736584,0.0004962375499163833,6.35487775242638e-06,-0.0002850548990486479,-2.1388351041897596e-05,-0.003259571029778789,0.0001448527502650853,0.00014730995116333818,0.0001455530871566843,0.0002212382189176864,0.006373205469002306,0.0002559641506958033,-0.0005363069140218741,-0.0054705268675558395,-0.005233316510147453,0.0006078401902252263,0.0004165409983432778,3.469685990638467e-05,-0.00014019995608989012,0.007089350884621561,-0.0007094053011186283,-7.918517182514684e-06,-0.0002753477302335494,-0.0002550584808741407,-0.00048539511879691025,0.8936352965020089,-0.03541496301938478,0.000736989202729054,-0.001721369576398082,-0.0002222321925493334,8.01690623552509e-05,-3.45930441796663e-05,0.0003681442289983003,-3.135079673923305e-05,0.01874605049002526,-0.0001189764301336967,0.00017522803838546444,-0.00024120143607751082,0.0013326797613660165,0.0006747739137111391
261,0.005809565204998031,-0.00018710462494936353,-0.0003655415515201616,2.7876428063676115e-05,0.00021271781947640022,-0.0027376643855418596,0.00024075505639192286,0.0005009809661030897,-0.0008110486782873516,0.0005112122364771664,-1.2705020968976563e-05,-0.00040945163242482423,-0.009854437145068375,-0.004140513536337407,0.00016056142610024193,-0.004006638146667977,0.041060094545791924,0.00030979657887150757,-8.145107810281259e-05,-0.0007463818389273243,-0.00027991267356165545,0.0005689553625422925,-0.00013532541487677394,0.001379893202267354,-0.019363316633526084,0.001223078807171431,0.00021838386153475234,0.011715839139840388,-0.0008351453073959011,-0.00015752496457884825,-0.018289184775024003,0.00036899710987285846,-0.0003289281552400656,0.7689029171744316,0.0002079153791600171,-0.0008893249973332159,-8.250462148483122e-05,-0.00012948813028091944,-0.0001746745131667683,-0.005523773279080664,0.2258076489531793,-0.00010973233404915251,0.010171082681047144,-0.018165954313791748,0.00012450496442188382,-0.002276846714406041,0.0006904891047972853,0.0017207549240915601,-0.00026076717823686523,-0.001427307018159477,-0.00015501355287946775,0.0003423795905751496,-7.384413208981911e-05,-0.002143603576660016,0.00045100625053022623,-0.007420107760524928,-0.0004351373697348398,-0.027899256551589247,-0.00416759295552503,0.0001682217379714554,-0.001381385434156897,-0.007896227014866428,-0.03247416139160831,0.0006077491878786465,0.00010815116210883733,-0.0026420280345231576,-0.0003895616702083194,-0.00224590958883484,0.0012035176558090521,-0.00028692189063118587,-0.005430746674256318,0.0002668999046511536,0.009269589964563625,0.0052665216140027095,0.05577304738150914,6.210078640740734e-05,1.139649217248755e-05,-5.752240589305523e-05,-4.843965678585525e-07,-0.03505580783087827,0.0005520241906740495,0.0015273546442149061,0.006994434363625488,0.00040906521438903193,-0.006966402056726118,-4.348807894524482e-05,-0.0018327327604286759,-4.94845622565212e-05,-0.0002161622282352539,-2.2652236393272103e-06,-0.00014185945213129056,0.00021770537670722846,-0.00011201349742122292,0.0011726064599488694,0.005155868032915189,-0.00019482157498579874,0.00029909017362497704,-0.002004874966685442,-3.275035188661946e-05,-0.003766509401523708,-0.00013320513455814637,-0.0005961536980116952,0.0029197406107477997,-0.0003900348820030379,-0.0037219923711875533,0.0092920198598793,-0.001704370725340612,-0.0002650984499823533,-0.002538934652594858,-0.0021903089743301528,-9.994704113680617e-05,0.0002752528964612892,0.008783702758787914,4.491167859234542e-05,7.342139326078478e-05,0.0030145452758494006,-0.0006766119376999779,-0.0008679121284172535,-0.01231126399570896,-0.002660832434673947,-0.0001916239127724976,0.005804928162644737,0.0003124253815539368,-0.0023879344946414888,-0.02293532142127763,-0.0005594193324036391,0.0008255894770785946,0.05206101826508484,7.470756468785575e-05,0.002091562191014395,0.017279995666305746,-0.0013750979433936408,0.00011001265749473215,-0.00021484196677621877,0.003514906024080373,-0.00022487831134122556,-0.00013760928567375366,0.0046495304192927045,0.0009678686517046248,0.0002602878448400741,-0.00013980220510452978,-0.001783511984555244,0.0024328103082631143,-0.0004922620154888819,-0.5004082211683334,0.0007709144300736753,0.0005673829639068544,5.51110667638892e-05,0.0007409673577096512,0.08498792718320831,0.0012882342056640414,-0.021041109660846213,-0.05611707701783313,0.0029974249488581004,6.140565938720765e-06,0.0038406250597877367,-0.004393700297720142,0.00017987144643487416,-0.011552998750040955,-0.00019865168002421683,-0.011243739426208068,-0.0006418577465997828,-0.0008206225671275897,-0.00011348586022790169,2.0453240536974808e-05,0.011842691609537541,-0.012814807743949724,-0.0006104217419410974,-0.0006777439981710411,-0.0007355139932419342,0.007280792153282315,-0.0021035889879311934,0.0046113144112904176,0.00016381849848447856,6.008705818792443e-05,-0.007970877473080118,0.0011946193529146993,0.001912817475456458,-0.0011936769020122902,-0.004563747147021927,-6.285755302566686e-05,0.0024024320422532794,-0.00044473162498004143,0.017761511974599343,-0.0005185798914929037,0.00028199272187469804,-0.012892333295020281,0.0018890062060012923,-5.4711366910981454e-05,7.268296686017278e-06,-0.009919722410909097,-0.0026226994464077762,-2.2098444803295668e-05,-0.0008076622164377364,1.0656042390035005e-05,-0.00018267890110258526,0.05294241488833321,-0.005404581569747913,0.00027498270293632525,0.002908587710027808,0.008536918147345779,0.00013518820448022058,0.03821317898851545,0.015366669792473031,-0.005704813952715898,-0.0008849447075551062,2.605437381531482e-05,0.00019784837344817606,0.00039771528600021064,0.0001603631897442012,0.0033662911946988846,-5.3270449449846925e-05,-0.0018589539814994518,0.0007132865172446016,3.734848359278689e-05,0.012005240985735795,0.0002810930652864214,-5.5325518533794844e-05,-0.020189198104327614,-0.0002843365894916305,0.09881942399784303,-0.0022065158849450045,0.0001171731385542329,0.0005134271925669358,-0.0005291076826722669,-0.0023185342993395095,-0.004152652946210659,-0.00251647557233489,0.0003765318601622801,0.0004512683992608643,-0.004173837540247826,0.00011553832580383648,0.0003968787546155734,0.0015751995379977924,-0.0013335241596722164,-0.008488430908062937,-0.0062048620150002756,0.0007301944014023107,-0.0033398347898417396,-0.0001782624087360192,0.002474600873545553,-0.0005423579239747035,0.0055037288508520054,0.0158114808193401,-9.564908211173468e-06,8.917943469417355e-05,-0.00023384953379398328,-0.007427968247307115,-0.0011085398400776404,9.763014088338441e-06,-0.00010836781723566526,9.570848363126949e-05,-0.00016062692344797388,-0.00017480290434886137,0.0015344618311726927,0.0009703325673030925,0.001615403347417642,2.3739116665347194e-05,-0.005122560580863021,-0.002816797862021138,-0.04048581654786501,-0.0015292598666284182,1.1857720263304177e-05,0.0026200001792700007,-0.0013020497885681153,-0.003949484144946342,0.0006638958757053784,7.235343342973898e-05,-0.0019576158392936548,-0.0031638511454631455,0.0013965283179555809,0.0008388504388856839,0.0001723245016242807,0.011883807000576337,-0.00869173790247525,-0.0002840521492346723,-0.0008925057534629416,0.00041527357183744894,4.559793097105359e-06,0.001436270246366418,0.0009259754627692437,-1.565138679436237e-05,-0.008002295451652678,0.0020423987485814823,-0.003481158811972519,0.04497090264827817,-0.11539777504743916,-0.0032181918250509013,-0.014309584684958476,-7.118447292820242e-05,5.8877136305158064e-05,0.0002449019122123144,-0.0002805333342329342,-0.0009040322303222356,-0.21962557364206392,6.788041106192688e-05,9.530111344330976e-05,-0.005341731192203591,-0.006234607507250668,0.003405793302563887
262,0.0892885458214539,1.5120988822892034e-05,-0.0001605828199860715,-0.0009099612092057091,-2.69954539364875e-05,-0.0005821653523824799,0.0006762816998998888,-0.0005972152947691378,0.0007685681478271367,-0.00021617060332254634,0.00015659359096259484,0.0001296017851461495,0.006377442351440943,0.0004219957667109808,-0.00018806293556432319,-0.004383031409957085,-0.032356313583249564,0.0001074159427833692,0.00044742674653015096,-0.02029189703332196,-7.827408583044315e-05,3.133182475670293e-05,-2.958613716939895e-05,0.0021303364789370394,0.004331502653311725,0.00112285109671878,0.003396923932500573,0.007425761798024344,-0.0006734787502141182,-0.00014292540360547057,-0.003397027575091721,0.0008163386848976661,-8.420396963940147e-05,0.010630515377991506,0.0001249334035555022,0.00038164471552371276,-9.201184593737172e-05,0.0020771172652841036,0.00020721176178937345,0.0009351646668490539,0.002462882936931518,0.0001051908903059388,0.002231298784942988,-0.019904527586333612,-0.00038429958751786883,0.000245749379367857,0.0003289107620404971,-0.03492137282565508,0.00014195494358359615,0.0013718569332892305,-0.0002296407681465877,-0.0001230700524484157,6.199011345862926e-05,6.66437297843778e-05,-2.932774282111278e-06,0.07147978115396013,0.005992116159668021,0.008496121491645085,0.0058230959052281575,0.00010355773328322992,-0.0014009364747467011,-0.0032778299495381004,-0.00711475246258083,-0.00035623606291121596,-0.00013115099073688317,-0.009192409527008661,-0.0007802984453286143,-0.0014271689192275742,-1.3210423742502286e-05,0.00016109584122859719,-0.003706615878854626,3.317253894544268e-05,0.0042867570538619995,0.00011075911880637597,0.007012366637824584,-2.1461287947328487e-05,0.00017254540770880733,0.00018625595973680367,0.00019747237985913435,0.06659670351453909,-0.0008716560887462137,-0.023501433880358212,-0.0007298282943566325,-0.0025229386379754712,0.006970086704532145,7.472062720904026e-05,-0.035401250559144545,-3.550362630643997e-05,-8.372245307682936e-05,-3.987997631351575e-05,-0.0002503343711129103,0.00044232132655218993,-0.0006203985935573815,0.0009124196552735863,-0.0036621199382322438,-0.014073586864037507,-0.0004134116036165845,-0.005042887011702205,0.00015878823645705704,-0.002726455621396313,-0.0001278924532918061,0.00029951454920440815,3.039210737236942e-05,5.2377468839686844e-05,0.0250038732631927,0.004456908410402506,0.0003632318349109484,-0.014080338444055018,0.00017106844456280185,0.0005596069263234135,-4.7655292817895545e-05,0.0010989930391115937,-0.00434267923553079,0.00016825278728383256,1.1918457181565693e-05,-0.0006695579118659407,-0.00029090183990110666,0.0016715616725346927,0.010456478864021948,-0.0004529542888410884,-6.238276019719636e-05,-0.0034897324774001174,-0.001752929273151572,-0.004829786546811736,0.014094465941935613,0.0029218038425420922,0.0022157671002614775,-0.03157333075027745,-2.0223612767454602e-05,0.00021263821395335353,0.006879687305305573,-0.00013783719950512946,0.00013032005582414973,-0.0002565204252714349,-0.00014095757592430536,7.165792877444855e-05,-8.847348713704722e-05,0.000574850870269249,0.00012081497665484577,0.00027199057249979036,-0.00034174930936642714,-0.0023021441432563156,0.00030968646616827975,0.00027619032685309445,-0.027901920704228415,0.001359189536761207,0.003809974326457263,-0.0005878454615463585,0.00033372989520743645,-0.05680595077943888,0.000319628399435118,0.006551904144988487,0.04360322938495673,-0.0007455742861926288,0.002992471412542415,-0.000497107260695272,-0.001727480406432697,-5.706306449529061e-05,0.004023148487974193,0.00016518446030610277,0.0018718493394599134,-8.268917009155872e-05,-0.0009586981387125358,-3.082294996974849e-05,0.0006258480790622329,0.007819747983086274,0.0018410390314891403,-2.4600750740757377e-05,0.001163963211450434,0.0019017013965818494,0.006045601871116857,0.0003305956139662194,0.0023099517489011973,-0.0001896460264184986,3.7958465598191774e-05,0.0013509025150952602,-0.006795915925646151,0.0008217673146029946,0.0004576137074411577,-0.0028486555454000583,6.873439042395573e-05,-0.0011111195859837344,8.266543121808885e-05,-0.0018890498048150465,0.00043364096850943834,-0.00010083316964147257,-0.01494260965439491,0.0004922373951261948,5.123782339001848e-05,-0.000235619647683585,-0.020038781395759944,0.0003094400252159784,-4.129268565536415e-05,-0.006928153609930816,-0.00014246735947509147,-0.00025889811938525215,0.011141192127151011,-0.030561990652402605,4.852860346863958e-05,-0.001402740498523285,0.04602288021382417,0.00029604367113792926,0.03668552924609748,-0.04230597194768799,-0.03138977254052916,0.000862099593615006,0.00030870010184294236,-9.934896550093351e-05,0.0021486279201475265,0.0020392814225150984,0.00037798089536189485,7.981891117568509e-05,-0.0005338698868931424,6.837635155849779e-06,-2.436488827124196e-05,0.005061737858090611,-0.0004077673207604684,0.0022194362321587714,0.9655480415795284,-0.00032406077672079894,0.09540520150690439,-0.002213039883399175,0.0001357202108359292,-0.008939819426415902,-6.692633241628604e-06,-5.0190511420431915e-05,-0.001999298040011843,0.001232420002247617,3.6909380238169844e-05,-5.0820962572493966e-05,0.0016842978824631576,-0.00013425787788350074,-0.0005072217998938321,0.0002462500699323988,-0.025926841919147174,0.0007801799888537786,-0.01750901031342799,7.830386355493768e-05,0.00018809172935780618,0.0005792495741184147,0.0012691607521161997,-0.0047356801699231215,0.00010804164422138947,-0.0028539537174221996,7.047520066805202e-06,0.0008698425100126539,4.70649950610139e-06,0.0015863832797528917,-0.0012639311092244262,3.676556225706753e-06,3.072175622834952e-05,-6.11998155320224e-05,0.0011871728741090156,6.026414800881612e-05,-0.0007609017660280843,-0.00029718636928090746,0.000632433664865234,0.0003984284433165607,0.007331593132900287,-0.01271772528789003,-0.03964773857948542,-0.0009112049688300167,0.000151345922028593,-0.002025407036113371,-0.00026133343514329687,0.08926510280176964,0.00011468637242116868,-0.00017728109531350844,-0.00014973984197154833,-0.0004386525533268908,0.002378085586465602,0.0015223535977405194,-0.0002530862732156825,0.052753448799904484,0.001663108079729908,0.015273584079032981,-0.0012187092628175207,0.00011053623154987438,-0.0006106276225062534,-0.05688940452111606,-0.00041184586814140695,-7.649884340422616e-05,-0.0005020659107596121,-0.0005270330446745359,0.002511652191536696,-0.001978559849391775,0.03860834009821201,0.00020701170239311698,-0.009902935435850448,-0.0005180673585104389,7.523832740038896e-05,4.657527825166485e-05,0.00506343971265517,-0.001717997745134257,0.0012639472491526582,-0.0006383408844812047,0.00024043702688576665,-0.0007183470353930958,0.0026566045345383406,-0.0005108536953414957
263,0.010238468182419417,2.4101466722784015e-05,-0.0002698892897641421,0.0004910094224788719,-6.553420180582283e-05,-0.0008061137684244758,-0.00881510298304082,0.0016757501157276602,-0.005753134877438813,0.0002693359174367367,9.114003025115572e-05,0.00010376191270084628,-0.012158027590313241,0.0013794392238432266,-0.00042156181735158137,0.0028566410626676966,0.10606246375010245,0.0002602939615352763,-0.0004090939736662168,-0.012349605254006042,0.0009859079555125713,-0.0002966517960438734,-0.00046171646569012105,-0.00034940289931083973,-0.019095488058109386,-4.38153435523142e-06,0.0011611279022921243,0.06637981580237166,-5.227633303587359e-05,-0.00013060023793726866,0.001491389001688482,-6.466124345537276e-05,-4.880430028822609e-05,0.05598647220660038,7.447280668165454e-05,0.0003209055522292543,3.743147756103595e-05,-0.0019232388644033211,-9.495234523803882e-05,-0.07477752991134466,0.0041769767579358736,-0.0001631920411573548,0.013699609346238406,-0.001308150406944807,0.0001358848119330236,0.0009636745214066933,-0.0004190451102089513,0.007955937517696226,0.0002993308697791311,0.00045409129360766205,0.0005155850330063466,-0.0004797200576708506,5.352482586974553e-05,-0.00034471324025055466,-0.00013751471654337697,0.011176880287881873,0.0021555257886964442,0.08453340095703336,-0.010283459068786709,-2.8617662010100263e-05,-0.0010125494937766328,0.007660870493643636,0.017034146306392772,0.0022727868471342995,-0.000121096830038382,-0.01199768741664814,0.00022259801005905327,0.0018296236847252065,-0.0013059273749033823,-0.00031826099649329836,0.0024698516973567547,0.00034916446603600737,-0.0014545568569880928,-0.0012003239469712075,0.037958428117919975,-1.1245680673411737e-05,-8.104769606004716e-05,0.00042816347880619094,-0.0001269480620553218,-0.37009773568237875,0.0001395339340506677,-0.017279355471961265,0.013456669912266588,-0.0016385195607193162,0.0016293237514921502,-0.0003295604879843903,-0.0022290067677671437,5.9791207489063376e-05,-0.0007375193446210369,0.00014929363012129715,9.089593057019611e-05,-3.6785784104378006e-05,0.00031144729306498316,-0.0018843941643580187,-0.012261294845278015,0.0010723665286241088,0.00017969496261559758,0.0001597469557244654,-4.1099491894199154e-05,-0.004166167827874026,0.00019600375393651146,-0.00044522857531654027,-0.00043821276519478416,-0.0005057391706598368,-0.10575268212228878,-0.1653958720180749,0.00023579539701459613,0.0012383946202832335,-0.0023198331114027237,0.0018824257933935324,-1.514095483923835e-05,0.0015305461079082553,0.014645717140182438,0.00027727083965827133,5.597051687831339e-05,0.003536502873356281,-0.0025556273784555312,0.0032098710373477638,0.007551089342515654,0.0046928389000926475,0.0008619343872443605,-0.010068383190533884,1.4911058389148815e-05,0.00441880074890054,0.01537163980618587,-2.2944353716367397e-05,-0.00033916196625342107,-0.16275582140981115,1.7838604227798927e-07,-0.001154348047295987,0.006954104427222035,-0.0007828295978530413,-3.0215486720422532e-05,-9.598653549489251e-06,-0.00015232608235269925,-0.0004021757890102105,-0.00028543924089761454,0.0003299191225694248,-0.0007456608638224049,0.00018211403390846863,0.0007983489260753891,0.03658583930642393,0.0018063103682403447,0.0012806860783780912,-0.034423969390052885,0.002129836182123184,0.004072184760812018,0.0001383519040571206,-0.0037299571819599127,-0.035329135607233435,1.2045675252983327e-07,0.002055572959724984,0.2584717979960797,-0.0056043953220993765,-0.0020982375137344475,0.004911476784838205,-0.006535777179877293,-0.00010482607323232833,-0.0009504853750114405,0.00032564511966963884,-0.0006763007170528489,0.00024149701791108285,-0.0037665472597550207,0.0001786635053251744,-0.0006085906321331813,0.005746917213275556,-0.0016089500210248577,-0.0007493418071651903,-0.0029125941359910076,0.0012832729953419966,0.008126132603723645,-0.0012418278853995584,-0.001147833869065846,-0.0005683855186010113,-0.00013487589114514337,-0.0027849782341525966,-0.001229955147733238,-0.01035626721859276,0.0008334419351556908,0.0018626787018547926,-8.143102574525302e-05,-0.000538799526623385,-0.0010463389327761462,-0.007405663632744707,0.0005046177463558814,-0.00041855831313229903,0.02373738184860017,-0.0005555603660965277,0.00010968949505880607,0.0002566392920860059,0.04097358656578997,-0.0014794081376206575,-0.00022455554881763411,-0.0029659278551187373,-4.2800516483587625e-05,0.0002515579237537723,0.05642160656078236,-0.006165608541273158,-0.0004123190944823776,-0.0014746530402033452,0.0053065480990226056,0.00039162390467078773,-0.016153697161868024,0.020580069736481202,-0.006808185163703967,0.000267369012258207,0.000394231192101328,-7.70357942678386e-06,0.0036803972742063575,-0.0012036283111855174,0.001219336976378186,0.00026994177758406235,-0.005179704057644456,0.0005326705452436036,-3.390759856628303e-05,0.007577781547868169,0.0003567028748112439,0.00024452782561097154,-0.04237813488186194,-0.0007623918373814891,0.2008600681055233,-0.0005065506182803446,0.00011233059759456617,-0.013192691355869481,0.0005192862164987652,-0.00011427067511140415,0.0014888242357745287,0.0019226370152107606,-0.0002127178670607824,0.00020535274457481566,0.011257404354424315,-0.0003337194157618951,0.00014799667487104106,-5.033642139597672e-05,0.14626511479341114,-0.0012439238696944264,-0.02773017889097359,-0.0009054188978090457,0.0027650275862934007,-3.252535661475578e-05,0.0030378318328626985,-0.00204413603745412,-0.002025385002254514,-0.003746943824985023,2.258549766258333e-05,8.96025009436745e-05,0.00028956220356510096,0.00978141409497202,-0.0030678348722598054,-9.832063303568837e-05,1.57465629639416e-05,0.0004841529866769853,-0.0005817429500265524,0.0002884848316439424,-0.0004784063258460288,0.000837702016931841,0.0024046791536824277,0.0009815642768232346,-0.030772631448708003,-0.034742786397927924,0.15186284382860477,-0.0025354170827852135,0.00029552112297025115,0.0017831096851043896,-0.0010141020345593452,0.11801829865642031,-0.0005801859089102897,4.20174459996904e-05,-0.00033749467046395327,-0.00033256149902652484,0.011459646780905686,-0.0008554745328129512,5.1079090759443245e-05,0.0016622715091109937,-0.01804826383781764,-0.006609490840353713,-0.0025797397515106802,0.0001749007677744282,-6.874378752921829e-05,-0.004249242857176847,-0.0010324556423711995,-0.00016165338662973983,-0.00022247373764516532,0.0002609691920765429,0.001751032155415383,0.027146829176020564,0.7522743098061913,0.0004236891613527569,0.00882996257113191,-0.00038661264910973357,0.0001468919647252397,0.0001747267828381069,-0.003366633775613642,-0.00045963160081151887,-0.0805794464542375,0.0001639453320796682,0.0003475084645725218,0.02215539554790736,0.078348144440717,-0.0006068653427572573
264,-0.01610075938950741,-6.805162238924384e-05,-0.00032929297889891865,0.0007680950566053002,0.00018646795171880365,-0.011086069416951502,0.018431887623795648,-0.0007551861945650565,0.007192384951525667,0.0001281060357908939,-3.513168767621533e-06,0.00011866915543152362,0.0025872152912007167,-0.005959520650348445,0.00014320779480954046,0.0019181970469027733,-0.2634657714698931,-0.00017181830414214833,-5.8553386335074425e-06,0.008930493319625563,-0.0005371013999820561,-0.000351119714253563,-0.00015639607834824418,-0.00029485555745876676,-0.0016717802072065205,0.0025860233320424766,0.00563459444520318,0.03216137270212945,0.0002569458060452702,-0.0001791276481764234,-4.6442381080747525e-05,-0.00013665293721717986,-8.682347675520626e-05,0.020758530957174004,-3.378235538638308e-05,8.319104620061e-05,5.09638456573612e-05,-0.0020161985522689834,-4.597530742463801e-05,-0.08511485452668152,0.11032872398127265,0.0004560315072482581,-0.004217759059630455,0.15006169456046192,-4.190510764318957e-05,0.000892927548376261,6.072346866759729e-05,0.005035955253285144,0.00045027046131563165,-0.0006884280944104565,4.516291511342391e-05,0.000695228839613427,8.833883428337706e-05,0.0004494171877225646,8.088848036594959e-05,-0.016445745074836177,0.0020543915803697965,0.04773349133110029,-0.009809514838423057,1.3208458911402599e-05,-0.00021027287164418831,-0.0009123685675168196,-0.00758978340108835,-0.006615514249773435,0.00024215510181095287,0.009267774644285541,0.0001809541604862559,0.009592293631761048,0.0008449329155734417,-0.0001913323524441804,-0.0006552693961108334,0.0002543084481845398,-0.008148013766900872,0.00104691961156546,0.009806259917310779,2.410620724135307e-05,0.00012242972335179195,-0.00022108263050699475,0.00010554768694475553,0.8045963905306084,-0.007672397922373604,-0.009491141301965295,-0.03080465798747179,0.00392746185143634,-0.0004021419185607396,-0.0001769751075957858,-0.005936824405438104,1.651569846385613e-05,-0.0006269601231247326,0.0001221898560427176,0.00040140963616964575,0.00016069799726236168,-0.0003712682697144566,-0.0017295734985522241,-0.0019635720587292023,0.0005868123683667971,-0.00020224105273959972,0.001404503985589646,6.315150089114541e-06,-0.0025138817523981086,-0.0002214874705306234,-0.00045714270819318184,0.0012264200678456265,0.00020623283909875986,0.004433262233014532,-0.06786086815160311,-0.0005567916801064556,0.001327558462553675,-2.1115113917013345e-05,-0.0004766418115642961,0.00016816000802138964,-0.0016112050987752277,-0.030025788190377888,1.8139677599506368e-05,7.903462363751529e-05,-0.0067160304321993184,9.804066816428147e-05,-0.0031100632851075237,-0.0018004654875543296,-0.0062734606455975474,-0.001172983867928397,0.0011818983916554611,0.0004576534481849545,0.0002910469779591013,-0.09148157458257987,-0.0008610400414435469,0.006786766550744797,0.06933237053772909,5.0004626568164734e-05,-0.0018551451346194847,-0.0006159969228798198,-0.0003304989437951447,-4.7651652431895085e-05,-0.00016154065943359795,0.0007372072671967085,-2.9168518035898455e-05,-0.00028102719158590653,0.00014740270074027617,-0.0033060374815497423,-1.1636112361656202e-05,8.947892215988278e-05,-0.10723735445299437,-0.0008861413125567788,0.0017836909859478929,-0.05464352243756551,0.0034272148151541486,0.002093265797740877,0.000277072999449911,0.0010849462793154558,-0.010466230516417064,0.0002489994706642414,-0.03072334525518828,-0.04370520335850142,0.003924106301539644,0.0012998519119758085,-0.011507045023858844,0.0014619099946579592,-0.00016687205098179928,-0.001779471843658327,-3.7083128088071654e-05,0.0032879951158692935,0.00026324555750413314,0.0069743777543784325,0.00012944480814398515,0.000146792672582351,0.0009405885539914517,-0.011820915572679001,-0.00036042615630226915,-0.0013407232246063876,0.0005495609596491199,0.01125037114527637,-0.0011825524610601656,0.0006090945743768945,-4.943823078998495e-06,-0.00012519920708946308,-0.0017102248333145933,0.005587382730967489,-0.004317812492016222,0.0008339970646913993,-0.02051473692269589,-1.9604939867048227e-05,0.00021936892784264338,-0.0003937728416108163,0.00015194269494632582,0.00048670504110847473,-1.9664570616973777e-05,-0.00998876769147377,-0.0004145681960677043,0.00017333565316164992,-4.806259534678248e-06,0.006159218133983641,0.0014536347470998526,-5.7285636721424735e-05,0.0007757820586418267,-8.287792518508336e-06,-5.653543571029068e-05,0.0086633018285549,-0.047257627174760015,0.0010078759455902642,-0.002222301758081643,0.006549456527088927,0.0006053679310621604,-0.005587921131995747,0.022798017980379986,-0.0006267640700692379,0.0005389384112081232,-0.00018643758738432284,-7.413633842291018e-05,0.0009469325436807179,-0.0004579600712727635,0.00160577251916187,0.0002581301009423366,0.0012500374024182123,3.0135405843186025e-05,-0.00011541921911518982,-0.0010231295314631662,-0.00018554221751402623,1.1660817878849858e-05,-0.09130652769836639,7.857529962903946e-05,0.09105831311287396,-0.0011563420314913337,0.00041991942470467295,0.017473239777923446,-3.653322713604917e-05,-0.00011182593134289568,-0.010818311975035834,9.464788932931252e-05,0.000461354952087917,-4.7583542102399776e-05,0.02813287462147063,-0.0002059662288785005,3.593332654683659e-05,-0.00038116064486351303,-0.022598821183462764,-0.00195842218539929,-0.03143719829004192,-0.00040695308548270776,0.0032368679127001963,-0.00010171458641001791,0.0006608876850964524,-0.0003426392942729383,-0.005985151381585318,0.0012946858242541103,3.1814901277991655e-05,0.002569789071944964,0.00013825302159085957,0.0032858794139862665,-0.0015661072799396773,8.100231134233955e-05,-9.108589722865018e-06,0.00040364925062918826,0.0004139476609964926,0.00010957106757094465,0.000666103975145476,0.00226238766162601,0.0010062673398346586,0.0003750613320349036,-0.023058221408872537,-0.022265248160181987,-0.034315338610175675,-0.0005862058987883036,-2.9730789513470607e-05,-0.00020644340761668233,0.000711037827766796,0.10086121574389424,0.0002227259641796697,0.0005261883612042162,-0.00023211302411073136,-0.00018918851509898069,-0.00896146618494081,0.0008167998228192412,-0.0007125434584206494,-0.052693440076407784,0.012577308688756226,0.02420797219366478,-0.0009236587815017721,-0.00020923563096728872,-0.0007003644161970627,0.0029338031273104404,-0.00027158859893915144,-0.0001007718172363059,-0.004257540641428426,0.0001729640609742022,0.0012538925130885048,-0.006945765987155204,0.3979934850959812,0.0011798774802213243,-0.004154957761151615,-0.0003851060766993618,6.331656297342125e-05,-0.00011555046387882095,-0.0008507328700188589,-0.0012077550475792249,0.0009569183853773578,-4.74132027767013e-05,0.00044978128252044997,0.016276196907899262,-0.005448862360998737,0.0009469687304346948
265,-0.008022289076025643,6.506721658516845e-05,-0.0004419786256895132,-0.0008158039372749473,-0.00010353478173160541,0.006471397560635845,-0.001113072671098208,-0.0011101610698833666,0.0037930074356209535,0.00028127157054885776,-9.142514236010549e-05,2.8135925233881143e-05,0.023874452723467866,0.007473049273909358,0.0001118908496822342,-0.0023671814691966827,-0.019950812950626808,-1.3509641646706127e-05,-0.00016583056803405887,-0.082528773281581,-0.0004978848715587979,-7.539471222169775e-06,-7.228665686884097e-05,-0.0011709134906109676,0.005886921410676545,0.00011638055490808576,-0.005155110650330362,-0.05156126680367862,-0.0012009870522323163,-0.0003630598901857643,0.0008256843912919348,0.0006517400238971243,0.00011569195725517033,-0.055954282672050853,0.00018478962933902478,0.0009520419738043655,0.00012747562361511283,0.0007867083293722809,-4.888192278734932e-05,0.11196992475875617,-0.06653626075080986,7.83496905734512e-05,0.004737058991090173,-0.16526126115815573,-0.0003808894745042381,-0.00013092839986345126,-0.0005468887197001107,0.0025761219606191816,0.0004611897444601605,-0.00012312793207583346,-0.0008523730077039065,-0.0002880609868560379,-0.00023752957452149006,0.00037922396797735727,0.00013191474517553273,-9.880227151714063e-05,-0.009156021549703483,-0.03156689834273099,0.012070980983084397,0.0001469511475600179,-0.002515437509558381,-0.010341082426156051,0.00623947137757957,-0.0018036271220902187,2.411536631363384e-06,0.006844917253379311,-0.0010065683574881812,-0.00936889651270884,0.00012431115989307095,-8.927782716922072e-05,0.0031769737495721435,0.0003512747853586908,0.0028228872758510625,0.00022856262879247195,0.0033940154550630803,-4.180216355415163e-05,-0.00011221417463922324,-4.248615599419678e-05,-0.00014109951576858452,0.19251474594074322,-0.0007707671608978069,0.011165486210944238,0.017183158282420348,0.0017741262994333674,-0.00867245489921412,-0.0005193820763087363,0.009646714999020449,0.00020696958711478516,-0.00013513480353192207,-0.00025016336754495744,0.0004831996704523239,-0.00010903655409007457,6.341435130065992e-05,0.00023540244477202065,0.01874082798441905,-0.0009252283839339577,-0.0006595584929709138,-0.00038811264524648377,-0.00010469112771314612,-0.000686611986841056,0.00015289844936868164,-6.836130604044458e-05,0.0013974998511639613,-0.00027686147092746954,-0.018879091790646632,0.06976873669242431,-0.00014492584090313788,-0.000875792123608122,0.0016474437623608751,0.0017494802663296973,0.00019062850048395634,0.0005705955526270981,-0.003402431710063722,-2.7334533365373087e-05,-1.3444867626350582e-05,0.003907364603189066,0.0029973262826180343,-0.0022800537535347053,0.027030526559213442,0.0011439726148929324,0.00010011236771532788,0.006085559712875131,-0.0002983945171167932,-0.0019893994415921025,-0.06219490171425422,-0.0009069924612573688,-0.0022251964345830076,-0.5675862305000016,-2.6089725432450195e-06,0.00026868756333584855,0.008894314721784296,0.0003526424322709494,0.00018264160866499155,0.0003326247438637112,-0.0017104727528366747,-0.00011747697703472703,-0.00047229512980689545,8.198001071882096e-05,-0.0033952984519904747,0.00019538461990977916,-0.0002869625276088199,-0.0287338478022289,0.00027567144458076826,0.001739701054707388,-0.08238067931642447,-0.0038327664525037667,-0.0021537279057382308,-4.6892929292715436e-05,0.0012379361275078305,0.022506864530916285,-0.0003754355325782316,9.508418756437164e-05,0.5433681854640158,0.022030992543692625,-0.0014950837389393432,0.004249522697951799,-0.008393272727332087,-2.2828238434145494e-05,0.002254564723783721,-7.9850280354914e-05,0.011008341413088922,-0.00023986705936618195,-0.0031510706777912656,0.00011348668370077903,0.00017076722671689705,0.008946090646713593,0.014402371631609312,2.8500955816662676e-06,0.001482010418564553,-0.00048253719048743735,-0.036916927620612494,0.0012636126386498265,0.0032328469222003354,-1.7338516089189602e-05,-0.00018814332521623414,-0.0032157381073275692,0.0009919068155671655,0.0032078013340151043,0.0006128776064563268,-0.005504997045384257,1.3631572072710443e-05,-0.0017934616669918685,-0.00022061058349670103,-0.005174736271695282,-0.0007397681458000541,-2.0860192926231563e-06,0.03283911635374617,0.0010984822789941303,-1.680970962074195e-06,-0.00016525542323183803,0.006073660946957068,0.000458345694663696,-5.107925013025927e-05,-0.0004599156399312451,6.666236492153428e-05,0.0002703663008703436,0.028100404712708624,0.04451724907423641,-0.00034630613809421814,0.0010095977816092928,-0.0007510035720640993,-0.0010769081898747684,0.024183609502883688,0.010918335253716677,0.0052525035025342524,-0.0002564381877587209,-0.00011018111944033956,8.222814506578507e-05,-0.0016646548334791102,-0.0008070025698380319,-0.00034186248473742063,-3.2773994611436444e-05,0.0019053703274309543,-0.00019769267016641386,-0.00015738283370320821,0.0026204531507275485,6.913588270130518e-05,-0.0002743081320860949,-0.10068080210541963,-0.000560857292767248,0.34632271902847855,-7.060039020633955e-05,2.2208254221924438e-05,0.0015555839456442618,-0.0008630676411572964,0.0026277199801258808,-0.0034564834626565556,0.001780040746873922,0.0006485940243759692,7.745578746723371e-05,-0.016364121889164633,-1.1022269212528643e-05,0.0005315566767785948,-0.0002575439794602512,-0.004198925078964477,0.005173009710928614,-0.03862755757322829,0.0006440101083288702,-0.00010966973514575559,0.0008426094233754816,0.002688488097337769,0.0036787901443549997,-0.00595943086476624,-0.001768216319095357,-4.5611161144713114e-05,0.0012161749922197558,6.6307684690382e-05,0.000343090957092652,0.0001321215788107512,-0.00024169723879753895,7.007009423482587e-05,-0.00012972536668643883,0.0007078053425032508,-2.3514226438991342e-05,0.0002285638291488083,-0.00012115207769956588,-7.823878630554282e-05,0.0006807271575671047,0.005580050970930325,0.01661477834549662,-0.05652958696033963,-0.0016728385468348437,0.00014887268764763283,-0.001287511725226325,0.0007520707149019294,0.18751065013691207,-0.000390416425106679,0.00046079229828458607,-0.00035933613716945844,-2.620484985064653e-05,0.0041970245274911095,0.0006188076021020616,-0.0010624932565735997,0.0021807882689340295,0.030339405635602557,0.005868994578743509,0.00040399754510733266,4.6915986051586025e-05,-0.0006688208628148747,0.005986349694946401,-0.0008844492422639059,-2.710764007668703e-05,0.001222840682489598,0.000904338417676393,-0.004394784872939449,-0.004625266075129277,-0.2954577112994548,0.001154526797388607,0.011538814984452701,-0.00015263670766217283,-5.556996642470035e-05,-1.4477508547348916e-05,0.0012035169795881345,0.00011637775092758137,-0.02249783273093476,0.0001181720328863765,-4.7121126157508734e-05,8.776065863003906e-06,-0.0046561505295485296,0.0015607341353207416
266,-0.020960664311324713,3.819094579050886e-05,2.1927855778487715e-05,-0.0005950089084150855,1.414849125347395e-05,-0.003861531060727421,-0.0028144174157361847,5.89037844958909e-05,-0.004391120367426983,-0.0005473966846005832,-9.643844779413935e-05,0.00024046191891598234,-0.008907710541303852,0.003344437163357101,-0.0003093119202648917,0.008402258035235475,-0.001346244912976571,-0.00019406665262975808,0.00011722814022163286,0.014258216470349392,-0.0003415405556675636,-0.0004981887426585702,-0.00038005640685487285,-0.002007067492883409,0.005184364303381279,-0.00013917706339640346,0.00457099210137215,0.032223656452455805,0.0006599391966262726,-0.0003720414481858843,-0.001775777276732806,-0.0004011525793543372,0.0001505509730209513,-0.01705590867938835,-3.0091379499708887e-05,0.0004124204229249697,4.4921128182134895e-05,0.00032199293239541023,-6.464643878344341e-05,-0.018225943940049342,0.22199192352428232,-0.0002536376331098868,-0.0051986690384102086,0.14642346155141225,0.0002746222732726046,0.0001197653284273176,0.00013654430059646281,-0.0008569324152314442,-0.00017345714395860018,-0.0032568300752838326,-3.358718275407388e-05,-0.0032279374627387602,0.00012262579092842812,0.0006842949277789767,0.0001416805779452055,0.0036419460212662215,0.004859618402432269,-0.02079184930221259,-0.004203045191940572,8.273163946695417e-05,0.0008524294818008888,-0.02065144003720617,-0.007743291195063173,-0.00047767666744922383,2.744734312161044e-06,-0.0010200336385786661,0.00015541466728358937,0.0073286156373866835,-0.00017044536226418553,-0.0004788027075230718,-0.00013463171111202134,-0.0012642810471390471,0.00022529332700775188,0.004061788733224459,-0.022027360763357373,-3.281094399840926e-05,-0.00014872477621181643,7.092171474821531e-06,-0.00019836096369203748,-0.06681131374307601,0.0010804104542149677,0.002949043511980956,-0.00031283778267819965,-0.0005203735921500479,-0.006215218035145148,0.001590684911735136,-0.014480498089622764,-9.463574351588778e-05,-0.0012773168527259369,-0.00018045193500116144,-0.00013709182231794377,0.00013107705233376604,9.672960503048257e-05,-0.001027604301855905,0.011107622574461497,-0.0004862537936054488,-0.002279607712750612,-0.00026672974911436846,0.00014008154139772896,0.0008626575622854001,9.13098613255824e-05,0.0002787082495621711,-0.0014099806091660738,0.0001030301495873495,0.005753482819420192,0.015046804166179022,0.000541505267516095,-0.00029693605039480544,0.00020933181779844365,0.000754976807127097,0.00011280743364266467,0.002407324453910816,-0.008548970506474837,6.632536391172183e-05,3.7512661124084476e-05,0.007912026994074589,-0.008776134391073836,0.0005594728545387299,-0.0181011761501289,0.003238204430550835,-0.00035505731017953645,-0.008262234942946192,-0.0014460686557860839,-0.01262662588459457,0.0004375114668454926,0.0003018676063856005,0.004117088577285095,0.05657427400858984,6.666390394588582e-05,0.00039944301383935173,-0.006897386445841265,0.00017448172038465513,-0.0002469910926030832,-0.0005532651983179812,-0.0009800798174228087,-0.0014038540915850906,-0.0001519122964409804,0.0012397728063527616,0.0002599339997858501,0.00013700020157433705,0.00031228876477419707,-0.003426041121233732,0.0009586274544126557,0.0075252748281425565,0.04399154268400982,-0.0013298566045504417,0.006704545302415669,-6.480225650710715e-05,-0.009606584705320796,-0.011189092142743332,0.0006942312174310005,0.008363731036969623,-0.058359299988036135,0.001223199998295195,-0.008246705570622896,-0.0048214925357865914,0.0013611295690461177,0.00020762852218669976,0.0032023904961677382,-0.00033363296147979676,-0.01427352860168997,0.00012476666211478098,-0.014069586049343738,0.00013556917812024803,-0.00037995162221217085,0.0019172699011305349,-0.012477527663416716,-0.0016289054094081508,-8.70645063390128e-05,0.00020814678013636543,0.005508755836110511,-0.001608381604218629,0.0019913095892283308,-2.3212581400484066e-05,0.00030133626128921566,0.07383323928914673,0.000479168246419158,0.0024101190381381897,-0.0006305017370129235,0.00538251466027134,6.924197775578718e-05,-0.00035176100844824484,-0.0009360582606183286,0.002576963232667465,0.00043803913487820353,-8.91976719139577e-05,0.015633239790291503,-0.0008670714771161289,-0.0001250456222451242,-0.00042079334088014186,0.01941845069679473,-0.004302152210808578,5.0978197239995304e-05,-0.00021565509674990446,6.0836011585871895e-05,6.076575954874937e-05,0.009514061456936965,-0.01769837313426362,-0.0016397807798971386,-2.7908510782878007e-05,0.03351302858413984,-0.0006859578974939082,-0.03198597308221601,-0.0009868492665877256,-0.004495737773669773,-0.0005019182725552304,0.00010735099124450399,-0.0003989598011831597,0.000810286746538557,0.0011608916741058378,0.0027477977417992845,0.00021070875347995897,0.004723187646608641,-0.002272753675017667,-0.00015039466275486584,-0.002424077128412086,-0.0005557109213427889,-0.0001301770703463765,-0.032963988740041694,-0.0009006806765054498,-0.1956257866435855,-0.00030705108264220777,-2.2833926116416076e-05,-0.019297665594108365,-0.00087063335349247,0.0025950141917628878,0.0006338093807389746,0.0007883111851880751,-0.0017237680630190974,4.5190991674450964e-05,-0.0029522331902576116,0.00016143992918929775,0.00024691212324718086,-0.0036530777263006696,0.006924298165268522,-0.007153420425527659,0.007216331390030004,-0.0002997888365519098,0.0018031627918039695,0.00024646173244589653,-0.00042235414592874,-0.0009244109012734917,-0.010362868811059805,-0.03498003331425314,0.00015567950365822682,-0.0014820857136809541,0.000575161859389984,-0.0048825450316292264,-0.009121795943332543,-0.0001608420976916523,-1.2556326821353773e-05,0.00036058494563701526,-0.00018520670248795576,1.07530998116152e-05,-0.0010847518029267773,0.0002472284390345649,-0.0014732220875330456,0.00019641234678008905,-0.007053050145763762,0.013286839219163175,0.29338735438860186,0.001291273682665712,3.076018371726656e-05,-0.0006748298148473424,-0.0036826892556100447,0.860615159073647,0.0002092757365445611,8.291193003989727e-05,-0.0014812964299973537,0.00032052706899336276,-0.009110860127357288,0.001339585518844347,-0.00041815052074232074,0.0517805306632023,0.002622671953149235,0.044138487185988756,0.00045168966829107083,0.00018293692597800724,0.0007353879757430438,-0.0003326177855098398,-0.0004361638659984156,-1.5523550956306545e-05,-0.012500101510534746,0.00031661870299040955,0.000928978548931508,-0.026898728552918104,-0.14754953103631605,0.0008937694033980003,-0.020239092506542586,0.0014039528461848938,4.636819027640116e-05,-0.00014307325868816861,-0.004875287893835588,-0.0001455585308373238,0.00411309077622613,0.00020419978362417723,-0.00033891930974710516,-0.002195416408428641,0.06761284661250837,-0.0019156998230514411
267,-0.0034619965965016816,-0.0002010007491051874,0.0003923945167060043,-0.0002450640068656371,-8.66134331453613e-05,-0.024286311767210994,0.002443135829862108,-0.0018075233351198565,-0.005444978852128599,-0.001936941961352013,8.170701571897677e-05,-0.00013104103288544885,-0.0035771332922584767,-0.01116823128498674,-0.00019137183802977022,-0.0050133518219983,0.25447752034786447,0.0002303290398332036,0.0007841315548085706,-0.05752629055063118,-0.0012215510950113907,-3.839792247333244e-05,-3.764563960865315e-05,-0.0016831817512253794,0.020188742512200555,0.0012870503079211292,-0.0040189177591667385,-0.023598727106451937,-3.6383527678676e-05,-0.0005070303582273006,-0.00011538504133204713,0.0003197385389305347,-6.965592856638964e-05,-0.014908266468027582,-4.18026002836705e-05,0.000912332509877007,-0.00016416214039950867,-0.0002247007762683624,-5.546227064652694e-05,0.016563472472438005,0.4512415684138275,-0.0008495407623683256,-0.001345219665143975,0.4885037839990864,7.73269300710401e-05,-0.00016646516029620445,0.0005970382860586638,-0.005306242799442125,0.00032702327373794086,-0.0009193909215516926,0.0004908053433888213,0.0004837277623261048,-7.131979607714889e-06,-0.0005131598884338456,0.00022279095054884152,-0.006624035519929582,-0.015131052638823687,0.015729618333767872,-0.0063490178567063935,8.836898732102194e-05,0.002146469899132245,0.010768621919042867,-0.0012336712945457994,-0.0016008078508060618,-6.660736135789477e-05,-0.002817970369962027,0.0007555371930993997,0.0015561937568642405,0.0020999863808813263,-0.00031770417318550265,0.002402762919394917,-0.00038106636204745734,0.0035024063232550664,0.004877620555442976,-0.05944263048705678,6.774342286179624e-06,-1.229013713840944e-05,-0.00029658126040683214,0.00014461690801532718,0.015570107991225218,-0.0019021683810333525,-0.010409559303187908,0.012280203188132088,2.179792256904161e-05,-0.0010702922945680735,0.0012065072659226926,-0.01444962618629608,-0.0001877652392975205,-0.0008280173493311056,0.00010988120071703245,-0.00021527412130716147,-0.00048304880089267556,-0.00010758150154182092,-0.000111729716074599,-0.0013096925216744952,0.00031220999271412263,7.721847053281691e-05,0.0013170343595755168,-2.4070600405656783e-05,0.0021142046062968185,-5.8053551010182544e-05,0.0007031605472798894,1.950932987453786e-05,0.0005564188473739656,0.0059829904753436625,-0.0002617198748836292,0.00021103590445515318,-0.0015941942056196287,-0.0010115478209094444,0.0001155729629784371,-7.513072159729371e-05,-0.0003397483588289832,-0.0027934251131278356,-9.344284075463172e-05,6.494605198327855e-05,-0.0057428018279896765,0.004494799627696762,0.0006360259939836264,-0.00011337194999762237,0.013651047114863443,-0.001109488655059829,-0.005574868862536769,0.001026882375798461,0.004641065550878807,0.09851383463627046,-0.0001438121611451043,-0.002357907444722604,-0.40304599903412724,2.212231769331552e-05,1.4237535414185487e-05,-0.012626185873752409,-7.089218061575751e-05,-0.0003246193823245886,-0.0007196680437209155,0.001911950329295805,0.0002748013714422681,0.0004174313274121176,0.0017045519022954245,-0.002545661380459519,-0.00028643769960041456,0.00042570614774655423,0.004975780966769327,0.0015722477584484327,-0.002384398488103973,0.07755274079019694,-0.0006517364432795571,0.0031633460981869543,0.0008206960553373117,0.00044284065683949936,0.003957265029462053,0.0011078864084048362,-0.003784020891709611,0.0824997803490434,-0.00541942789453153,0.003227774291481007,-0.008791781979783699,0.0053413215180823145,-3.936405366489204e-05,0.007195676709327014,0.00010607526590666666,-0.016026122481892002,3.346565867607467e-05,0.0012860029847228222,0.000275754015663314,-0.0011680617912406548,-0.0036311587114883333,0.00915995384246,-0.0006016514943277651,-0.002033745841935732,0.001285160962686837,-0.03360587019639834,-0.0005010147887846012,-0.01003416912772024,-7.742981434006799e-05,0.0003879488003535117,-0.03644928595677335,0.0007340034482038717,-0.005176894878647545,-0.0004956703243999879,-0.005858094972047428,-8.018631689696125e-05,0.0024507130218180085,-0.00018627850968063603,-0.002376472014053707,0.0004427396399874217,-1.1168256006971033e-05,-0.030626183714644192,-0.0010574180433050862,-0.0002363617703239479,0.00011638335629531016,0.01199919589477427,-0.00018040267716548913,0.00010439832676803831,-0.003940206254377684,-0.00016249472672906148,0.00015906713442058462,-0.0035117026225548183,-0.0688286355067353,0.0010962798704205728,0.00044800273773817033,0.01528688097210137,-0.00015093409204811753,0.0584584069750399,0.013485136011472306,-0.0060340534585849245,-0.00038173804170110823,-0.0001383922463481027,-0.0004229818731602969,0.0014288143031828144,0.0009374331976819195,0.001977079619479907,3.336722635462197e-05,0.0001130178166224914,0.0002991720018061094,0.00013503680304481624,-0.006424006923634849,-8.187708508626762e-05,-0.000547957336663879,0.0258816079517194,0.0007149561061323695,-0.37485973334669037,-0.0024301159175729513,0.0003066424873733181,-0.007231496094173966,0.00022416488013148332,-0.0020812830866650317,0.004839319138148395,-0.00636653945955714,0.0013319972180134265,0.00017816109282553245,-0.005734389960724356,-0.00013404679796965874,-0.00023494008513001447,0.00041885340849179444,0.02882014792252085,-0.0036105433495674214,0.042367769659242896,-0.00021680314747632694,-0.002068332391258561,-0.0004581906182498964,0.0014647886749199306,8.660951834340257e-07,0.0076607639881346445,0.015547903584346311,2.2025666008424578e-05,-0.001774200706333715,-0.0006770174034985586,-0.009303188629292832,0.0018477008534496127,-0.0002079716172402673,6.245867549075149e-05,-0.00026278928931348054,6.825617956899926e-05,0.00027156917605343327,0.000398028397782294,-0.00034852776222465455,0.0004798543034156711,-0.001145311069611114,-0.008861431647047417,-0.0033987204474778326,-0.3243259946533664,0.0025040298441892685,-0.0007352572739852889,-0.0010115632717084778,0.0017945855816857935,-0.13163722220185609,0.000507244157349359,0.0002405556082943662,0.0006089661461181661,-0.0017409111798481964,-0.02907313929634473,0.00046229102710594285,0.00046635932294884796,0.08789873087097543,0.015927630627381555,-0.003112969422019985,-0.0002801951705464923,-0.00022572029727013863,0.00017205374047583183,-0.005943297095745689,0.0013096906365369781,2.365686835209546e-05,-0.006122492467483776,0.00024111753859627067,-0.0011803502473851702,-0.022547847461271867,0.05073750005890575,2.314835160693472e-05,0.014001777853682113,-0.00018934855235129035,-2.2726990057777554e-05,-0.00017811597490759515,-0.007757477286491801,0.0010249825093586983,-0.027468644195924784,2.8869840965596583e-05,0.00017349573452158165,0.0076651557510133755,-0.06114789704217308,0.0011923288436062496
268,-0.017357978276169007,-0.00017405229484437207,0.0008741210364517308,0.0014693395421607382,8.21559348400322e-05,-0.00468058470044504,0.00016878935992536634,0.0036903341877602067,0.004111235714923167,-0.00038231426143955916,-1.2595571882906276e-05,-1.6856392752850197e-05,0.010169929161419712,-0.00019514285739669068,9.671760374775282e-05,0.006660544639493189,-0.11135757713794067,-0.00016487359497967691,-0.00044397316523132825,-0.013234714536784615,-0.0006646537687500067,0.0006885748653390391,0.00020140700651444764,0.001691962950842986,-0.0007342101059294726,-0.001109252101151717,0.001013095248392562,0.013869019034587909,0.0011590615945017181,0.0011081030727428352,-0.0011659208885136975,-0.0022266663061419265,-0.0002084930946367053,0.047110413556937625,-1.9307502536300425e-05,-0.00022459938529516494,8.266134480298254e-06,0.0004179230649032627,-4.6156268051508395e-05,-0.015288548859837246,0.19845286862199238,0.0003427957904935928,0.0019883797840858928,-0.12484863371842757,-0.0001221581312800396,-0.0015158095600417,0.0002921827664546547,0.00045688490177752945,-0.0007037866800468679,0.0005656128457348388,0.0005510044428617762,0.0009053547035518827,-0.00017294016877876604,-0.0009856004419006694,6.868264777038814e-05,0.03374945854721671,0.008655267869770604,-0.014519526578597019,-0.0010598719255011059,-0.00015469872927357728,0.002505544692651044,-0.009464256390035975,0.01932510224083806,0.0024194270040753217,-5.400277912499807e-05,-0.003998337786921329,-0.00017268479359226676,0.005594058447312605,-0.0006559807361137323,0.00012390743005585673,0.0016720584671122431,-0.00015731740900200124,5.73390843138454e-05,0.001989627868070147,0.04348302806241666,-4.7986576049941984e-05,0.00021329846416276443,0.00011112888549252159,0.00016781625472270072,0.11334110688694132,0.0036826490559685263,0.005707116010166279,0.004323053892563397,-0.001275969342933759,0.002020939832521865,3.202973325498737e-05,-0.00042311280540283623,-0.00012655001802269576,-0.0003058726833431117,3.797112688736816e-05,0.0007754332509838464,-0.0007253350785072085,-0.00010229324886656607,-0.0021960284596806183,-0.013960171414339367,0.004007809561546943,0.0016651200425138843,0.0017782854400372194,0.00015189047304961598,6.33717377742667e-05,-3.815106528763505e-05,-0.0007169131821676573,0.0013197097164615854,3.689554585115974e-06,-0.009020118664757826,-0.0026659403456589844,0.0004067014056806321,0.001778686066981171,-0.0010546921270901235,-0.0025241091765784724,1.5506658852481453e-05,-0.0028938308717225804,-0.014330376282289767,0.00019808748629134704,5.679528017575597e-05,-0.0029522510845955917,0.0030622141385272914,-0.00024157038985201979,-0.016711581145727617,-0.0003950673090683478,0.0004993823536773802,0.003752815125393239,0.0002532693170933175,0.010531163189011018,-0.10088665855385275,3.4646772711359464e-05,0.0005707594085041473,-0.06384055853545686,-3.101730709410139e-05,0.00030222172672347836,-0.009675758795580693,-0.0001399012975983791,-0.00024342432833150858,-0.00024044229551707218,0.001364030370242254,0.00046899045596106,-0.00022831106396103973,0.0010640514035189213,0.000138462982733238,-0.00020950978895297595,-8.327730135429144e-05,-0.023398350722482877,-0.000897815693492064,0.0012152949796694246,-0.0256125903296155,-0.00018669009513708288,-0.0028436483498956917,9.05418910230748e-05,-0.002499197684998849,0.00673810267309222,-0.00013961561685247182,-0.028923118225197615,0.30354561249549494,0.013081735322002219,-0.006818781197509783,0.002093528341015638,0.0064297976372625285,8.065935743682473e-05,0.0006133626173740236,-4.6340124414475e-05,-0.0110010282019797,4.6968316253885576e-05,0.010125101780956068,-0.000281782393509164,0.001403057984789858,-0.006550211124455194,-0.030792986730808512,-0.0010041702270877743,-0.0006677334740688816,0.0013079244500672623,0.0025518059905596108,-0.002489950799350502,-0.0004359487484235159,-0.0005211621465186487,0.0003768314894782056,0.03737035686995636,-0.00030932622492579594,0.0041482502214859425,-0.0016862711082998405,0.005131225355236305,-2.3858953442441183e-05,0.0023839888226053732,0.0018819418253232245,0.011868192535362284,0.0006449599345373005,-5.3990710537459886e-05,0.045336434163087795,0.0001724305490191768,0.00020997444619342762,0.0002402507627879704,0.026307731386512635,-0.00543752870299668,9.289172845704805e-05,-0.002895378361537153,-1.6273593754361458e-05,0.0001057766950844849,-0.011852006292310906,0.027860821315680344,-0.0021031764926516994,0.0038266845326068,-0.0036065042843207093,0.0005169708188489386,-0.07015023835484462,-0.019787288667061063,0.0014371662042329475,-0.002019900265059278,0.00012114468718911996,-0.00016691995107393116,-0.00019788810892935394,0.001227851054029227,-0.0007065299701826705,-9.498217514122831e-05,-0.007876482161292341,0.0004834174862830302,0.00012381056850515465,-0.0008676689493922426,-0.0004766093369187438,0.001365850630832781,0.0666338517431142,-0.0002501361581288596,-0.3872048648682927,-0.000991590324591624,-0.000746370523892629,-0.0034701405458551146,-9.960898776188563e-05,-0.00189370435762561,0.0076096599620034,-0.0026531653599004713,-0.0005029455500248775,-5.7032593967086716e-05,-0.0013661638523246866,0.0003156878646268244,-0.0001830206682719212,0.00021134048012232814,-0.02404825776979741,-0.011766856401250633,0.04087971632031378,0.0006745433238603648,-0.0008862095202367313,-0.00047496807725772765,0.0012022641223875278,-0.0016603871788392621,0.0043736437806052115,-0.006699168128683021,-0.00023606677562290363,-0.0022075831360981947,0.0003329262179719123,0.004900048085364522,0.0015506782115866573,0.00019284633814291996,7.477775294668356e-05,0.0003253145975415174,-0.0009431744720143696,-1.5266664342360528e-05,0.0005648165981265336,-0.0007250247213582126,-0.0017099796806572393,-0.0013216911398611151,0.002884836491559913,0.0005980623779644305,0.6999307346418563,0.003205358251739194,-0.00024352770251232989,0.0012069410233316617,-0.002863516351683531,-0.3468148286059307,0.0016624562731530042,-0.0005222958810159953,0.0009937993070797623,0.0013566426883164823,0.006677529622327755,-0.00028892373006137497,0.00048741040237439414,0.12462236757939774,-0.019587432812010152,0.023117413389523635,0.0004940013405675047,0.00028682498800400774,0.00012001828945513472,-0.004117054160080755,-0.0006499237143665926,-4.7566958245329194e-05,0.001031931418612013,-0.0009372992952078165,-0.0005105429376569429,-0.0402396354876366,-0.03319938230223429,-0.0006295750994585361,-0.013638320494657487,0.00045172253075256803,0.0001430926742904924,0.00030489246421963427,-0.0070290585615575205,-0.0006330970147663938,0.023516005257743076,0.0002444940582943117,-0.00043668208475469364,-0.004089419069406831,0.0594836368614349,-0.0017730554836930263
269,0.011238059256468202,-0.0002527887802732838,0.00035326501200055004,-0.0003341974736677444,0.0003871181693473162,-0.00036128411657530314,0.004295568770077437,0.0011618081152445017,0.012456718409210664,0.00018355955118374775,-6.770810613043049e-05,0.00014372615454298285,-0.01261480402136808,-0.01830767006529589,0.00013720962112876225,-0.0066309802910720994,-0.045870625410094464,0.0003078853149838176,0.0009537170249888313,0.010134295077070848,-0.00020514610723310067,-0.00028382497595931533,-0.00042735747187364406,-0.001125329430795314,-0.017913588114592267,-0.0014651151793229743,-0.005869673050668624,-0.004806629294178463,-0.0024275603190815342,-0.00020774982599851798,0.0065492209547934905,0.0009716382720649178,-1.0003733877612941e-05,-0.1052452745376312,-3.781400160604532e-05,9.256612686687322e-05,-2.6369670697268602e-05,0.00010897745519595325,-8.093974671969251e-06,0.021232965011969637,0.5315828538128546,0.0006712132266774922,-0.003521417753180209,-0.704504350432534,4.300973680118961e-05,-0.0010926596937471042,0.0010326272593849163,-0.0008015429584775739,0.000227434065865853,-0.00158739370174468,-0.0006398458646605524,-0.0003804313188123109,0.00027772700864151553,-0.0006562477575950504,-2.724704416748585e-05,-0.008688826093380161,-0.0030976883337620223,0.020717632322262643,-0.0068247665248321945,-0.0002194514915412572,0.00019566351348505347,-0.02004308152784152,-0.00718748132580554,-0.0029519028411357675,-0.00020530845279758715,-0.009059041455794272,-0.002311559325095316,-0.01447820845425228,-0.0006596221409638584,0.0002001855220084836,-0.0026511227975903016,-5.036301835909581e-05,-0.0027650887310985144,0.004843151389164834,-0.06199572855860235,-1.3593161915151537e-05,-0.00017683794829566465,0.00024099035775918324,-7.018442533222001e-05,1.8441278371028602e-05,-0.001282952819079819,-0.01521019771234804,-0.007470186409092671,0.0008635610686175848,-0.0008589835712930929,0.0003985962062747553,-0.004495285596597171,-0.00012498424805726843,0.0012092617388320035,-9.129934956311758e-05,0.00019901077919975805,-0.00041357020847199844,0.0002395433169093187,-0.0004481215852642755,0.013376989381179592,0.00030836446610306824,-0.00021644992446047542,0.0018705187300476211,-0.00010324252810660697,0.0029822116192453076,0.00019863130620790008,-0.0007937638705781849,-0.0011043597898418701,5.60461530315047e-05,0.03050991128897096,-0.020308406630564678,-0.0005632344161873297,-0.004384846953459268,-0.0001757285551468933,-0.000891626882485481,-1.7734142788738017e-05,0.0004821977013178926,-0.005279043447911092,-6.293835201150177e-05,6.387075055557748e-06,0.022031729469061886,-0.002823248910037181,-0.00028859166353660927,0.004863234681483924,0.010105574097685789,-0.0003389412381622152,0.004233354954285997,-3.9640132247258466e-05,-0.0038902974795136237,0.004981427071995029,1.4286678980254472e-06,-0.001994437366693747,0.06783970168548416,-6.766257007895585e-05,4.223324355661414e-05,0.0042980325741397785,2.082214390708648e-05,9.36151639779648e-05,-0.0007450892910807329,-0.0004060318076189121,-0.00012216865622619862,0.00014033363870967486,0.0003686512799195539,-0.0006701614689726971,0.0003658224919334818,0.0002042627635224178,0.00728895907302877,-0.0008130438323204182,-0.001997163159064288,0.10135228846828699,0.002729587147911855,-0.0059098067256801055,0.00010528996961351963,0.0043713179754959215,-0.022978469799163268,-0.0008678489400700826,0.025567575736633846,-0.021220055430617103,0.0037229985534551714,0.002913719661252701,0.02327013015012164,-0.00013270854473597003,-0.0002395613728297637,0.004636275957135743,-0.000296860271649672,0.00275176960908592,0.0003391917861050118,-0.0018394070166140688,-0.000478919947809823,-0.0008381497439579324,-0.007754114147143436,0.028938042516490573,-0.0005635653485157162,-0.0015729635095590591,-0.0006937588932110293,-0.0009144212887271033,-0.00041162256621034114,0.006988661885096351,-0.00025574454484953834,0.00014180573417512093,0.13563781237372194,-0.002289377410975731,0.0020173579718216934,6.942492330124623e-05,0.013415862706982928,-8.314426364555358e-06,8.690095018766938e-05,-0.0003997646266217644,0.005636936744384935,0.0005516189979175676,-8.309919070960143e-05,-0.06335142162574747,0.00013504006265477493,0.0002501827503138456,-0.0009184743169782523,-0.011251407328762496,-0.0012042636339254474,-9.184958401472956e-06,-0.002485902966236615,1.6243148244605163e-05,-0.00016024555245355235,-0.0024757540527084593,0.08331580775682661,0.0017916998886430544,0.007224335572811566,0.027608531035034717,-7.091639780676309e-05,0.11794197338295523,0.002489915326200477,-0.005688124773094308,0.0006706121471253828,0.00021375592901588455,-8.723398487673738e-05,0.0009558426215408212,0.00023547675333455463,-0.00012173088814498506,-0.00024961196641240654,-0.003651421831026239,-0.0008628323860237551,9.060119600538558e-05,0.0021488649392739905,0.00011650091446147428,-0.0009125029398053294,-0.03753436179222515,-0.0009253558824248197,-0.0827661497350647,-0.0019295395214460765,0.00018882148225073895,0.017463754101559436,-0.0005271163856253241,3.8987454846940966e-05,-0.010621079926694631,-0.0022381131290943,-0.0038101642114083405,0.0001007303094361728,0.0121428975096424,-0.00018715316094698774,-0.00028041804623404366,-0.0016648973635126894,0.027169809991455234,0.009940535929500498,0.025674741010889426,-0.001229070923692678,0.0007147196590230421,0.0018004235908520984,0.0008957105541139935,0.001713447721839027,-0.0016860614715741564,-0.05291286810008878,-1.5013820351388301e-05,-0.0008241087969301417,-0.0013890156890097617,0.01182114665044498,-0.0001576601886000262,0.00036390787186011623,5.437629056044557e-05,-0.00014171894107068502,0.0007413318542304566,0.00017275346613661942,0.00030314596501427975,0.00023897129247681988,-0.00102353894454079,-0.000104423712941781,0.0085753692143762,-0.003337752041807701,-0.27824466038483076,-0.001674393973542694,0.0005194921045810657,-0.00270847738141322,-0.0005291203679834253,0.048714007589744465,9.121434067221922e-05,0.0007243036936907883,0.00027127252826282034,-0.0012937622779267259,0.048977178380545744,0.0008280276411074682,-0.00014652279109060416,0.15598838407349497,-0.0022841164523307485,0.014791034767045744,-0.0022753754837380037,0.0006679597529737901,1.01220267063749e-05,-0.005126250160735863,0.0006555060146400632,9.675303206252428e-07,0.008053137023191008,-9.728375311826478e-05,0.0010281964980431838,0.05401781837648195,0.10600527999845366,-0.0019618402273976366,-0.0015075117927148135,-0.0005002481167343414,-0.00011017120822707756,0.0003636798841791691,0.005184749598563651,-0.0006261743141227323,-0.01684434680637025,1.2270344446735013e-05,0.0002667007828285495,0.014828231687041582,-0.02542237838546771,-5.300212449820609e-05
270,0.001326600662219103,2.0465728884697283e-05,0.000273549599555592,0.0004365804426117974,-0.00032171023707283555,0.0008895355026613079,0.0013535641847908164,-0.00036416304925169325,0.027580055105280304,-1.4757007032470751e-05,-8.094699364430023e-05,0.0002844624023745066,0.003095480239046918,0.00833833045466913,-0.00043910117657519144,0.0009257489042366282,0.08881541443826188,-0.001005858968520434,-5.223175111496864e-05,-0.018715845901039266,-0.0066749580729970216,-2.580712079052708e-05,-0.0005373950449473031,0.0001300203869824307,0.0022635093607760426,0.0025406256531440626,-0.0004621708974620264,0.002931758001816356,0.00042039866776063086,-9.176775034442307e-05,0.003601244239064123,-8.889845060515282e-05,-7.06832202584677e-05,0.036891820344143525,0.00012270957495518625,0.0006119040904780781,-0.0002788886501914403,-0.0019945066136808575,0.0001831154049672743,-0.006065159896467253,-0.12982929471124216,0.0003846766636201606,0.00549154554834577,0.0685130520319008,0.0004667946173777769,-0.0004536550988168721,-0.00011193996923568826,-0.002664630979531216,0.0008274953653947681,-7.530719917996331e-05,-2.3055197116874163e-05,-0.002067397934730005,-9.904485265657421e-05,0.000468534697220071,0.0002742522061569153,-0.0019383509422398948,-0.0026710215841829164,-0.0013228514654512963,-0.036068357487060713,-0.0001643374515355187,4.408752179911829e-05,-0.08642456064988512,0.003226714166677183,-0.0008812860342481839,2.2125687089391034e-05,0.0017123523016141361,-0.0017133834838993077,0.0013048688502768045,-0.001784025070840446,-0.0003957754075514554,-0.000727199922569055,-1.4356868455233165e-06,0.0011910743572061237,-0.0009733175190769678,0.012391793259783767,-6.400885338027178e-05,-7.528081541080273e-05,5.589664611081746e-05,0.0002230198601286715,0.03387581317662564,-9.620425304094681e-05,-0.0008113698389474011,0.0013932782372799162,-0.0003039945327901507,0.0007657155759526605,-0.0005183335946209707,0.003696856991153779,6.486346009903967e-05,-0.0008238062092486881,9.740271152348934e-05,0.00010212777848404614,-0.00018344292197438174,-8.903904184134892e-06,0.0003376882288047261,0.001133894209442207,7.526029244053225e-05,-0.0006714995331038266,-0.000290995544883081,6.780510581307975e-05,-0.0007325807359718625,6.23670936036561e-05,-0.00020401666496311236,0.0003556187534657485,0.000301464896341766,-0.012988902876712774,-0.003433170361795312,0.0008042175703272512,0.0004744078216838787,-0.0003659539919387486,-0.007601320662034638,0.00016305380797230346,-0.0008229381734405127,0.001204144061456738,0.0001526218458485529,-2.3529874216310994e-05,6.08489364316242e-05,0.0020650594102073028,9.26949904239997e-06,-0.0014454070754347974,0.005478134573318364,0.0002289038323866302,7.897328736147005e-05,-8.971146364223829e-05,0.001964120799772155,0.00776746642872592,0.00015733898506991965,-0.00825921200799266,-0.08956915852018695,2.1183293206245013e-05,-0.0013535926228379945,0.0023579690839088587,-0.00029015090337356907,-0.00021624659351419842,0.0001878927109267483,0.0012236572666812513,0.00013043204713381772,-4.1447435997106485e-05,-0.0002759764071884052,-0.0009492808200060859,-0.0001955487282784222,0.00012212198819670263,-0.0018345179172840837,0.0010041322679715365,-0.0038153501143867916,-0.026303620532054692,-0.0006604238538537987,-0.0007084838311270344,-0.0009055638563572324,-0.00037076352017460773,0.004356309110255793,-0.0006006772301038329,-0.005527725590768078,-0.060135360386828735,-0.0011547380989308303,0.000678186589309362,0.003723210924447744,-0.0006416831712601986,0.0011089966231936136,-0.0016222292170261087,9.0552588076109e-05,-0.0023367615122803003,-0.0001631411781280869,0.0022648462844318024,0.0003209538399234085,0.0001919210804053175,0.014028641200373964,-0.004384251855129896,0.0011708459105763053,0.00010665810604512964,0.0006954388219786115,-0.004788673438689245,3.289631291329004e-05,0.0019674433099611194,-0.0003822945002270946,1.0955181082270699e-05,0.8986744522049205,-0.0004237804819582111,-0.0007075958229934988,-8.42023887444802e-05,-0.0013436130222335531,2.366689107752523e-05,0.0015285357983324398,0.000211796517170822,-0.00021189248144719367,-0.0009474426569234971,0.0002302946266583318,0.014536988097187911,-0.0005630111026534448,0.00048499717842205234,-0.0012984070374390116,0.00047282087967563235,-0.004737755017993955,7.541607062244021e-05,-0.0009907172544549175,-0.0007804001566474057,0.0001278423840263762,-0.008549570654043602,-0.0071680773841903056,-0.0009498215584224433,0.0012067737047011403,-0.007372642531812088,3.0794335106772847e-05,-0.0038260140285635218,0.004326932464454022,0.0024128788731592955,0.0002859617471359763,-0.00011426100211696204,6.327207952372491e-05,0.0002787033372149105,-0.0009359053592769055,-0.002485833585425654,-0.0005088055570260375,0.003008740995179825,0.0003604481171915843,-3.400599377941481e-05,0.0006933056698491738,5.522224079614556e-06,0.0009556261634015232,0.007769226115734631,-0.00020748443822480537,-0.013511142359963663,-0.00010591862587015647,0.00024762895483465796,0.0003380435915411881,0.0004089765985297241,-0.001066424331259821,0.0012900562664486899,0.001765068630096214,0.0006299221647151608,0.0001763603198827639,0.0661130108322146,-1.0566310002734251e-05,-0.00013060278905358165,9.712093426259797e-05,0.00035006453822365334,0.000518917489705704,-0.027545697602125524,8.50700812450359e-05,-0.0009519489369885215,0.00017318281808135908,-0.0005317677561902318,-0.0009108583230118803,0.0009843215359143127,-0.3529406018167337,-7.543133081659942e-06,6.0202066245098685e-05,0.0001236740909594663,-0.0017580124826976505,0.0006108521312022574,5.0732473962618665e-06,-4.432289627642836e-05,0.0026817846640061786,1.988975886123127e-05,-0.00012440058836250953,0.000726946902590168,0.0005729441446803312,0.0004234610478600293,0.00028826257781968843,-0.0008232354363750489,0.010692211812623174,-0.007153332328426434,0.002103064421623663,-0.0004809735764985468,0.0016076864011249146,-0.005003353879240169,-0.05795934214216985,-0.0004744951020531638,-0.00022989532328816786,7.134671456248133e-05,0.0004430467260532085,-0.003026838689756487,-0.0002595454134100094,0.0009181972203016781,-0.04639584061014261,0.0035492566430058107,-0.010475147545354488,0.0009503106600326498,0.0002439759604799586,0.00022921146931180892,0.0006428800105474902,0.00022363718453748452,5.851490576651297e-05,-0.006231054747749347,9.990553044176813e-05,0.0002257087518001701,-0.006188973666024836,0.013666645648610377,-0.0006060211693342331,0.00397140090051878,-1.7002283164811813e-05,-0.0003105412662531314,0.0002738487357267015,-0.00010193049474760234,0.0006339481593930409,-0.012254450829531473,-0.0003956798955331675,-3.223695658118378e-05,-0.0038990435125629084,-0.012686930703051739,0.010131875868625377
271,0.0063194583988598315,-1.551057753568577e-05,-0.00043009545002707823,-0.0004161097443205848,-0.00016272084657496452,-0.0059851060208328515,0.0005040285902296812,-0.0014446939044818283,-0.005485197965063083,-0.0005585222772158272,-4.079024499677175e-05,6.306387443415391e-05,0.007943623298537929,-0.0016238144088043874,-7.277478492890253e-06,-0.00475261937906785,-0.4725627779420106,9.383322792685814e-05,0.0001048767426466131,0.05249070244091837,-0.0011726410136774711,-7.703668010113768e-06,-0.00018948609298688641,0.001263303863580186,0.0034185501819791802,0.0017686693937080363,0.0029037439976108744,-0.09547755607073069,0.0010105535162578914,2.0445662629551935e-05,0.0016162479617073235,0.0014747626947495566,-4.811293030879647e-05,-0.09620735586922086,-0.00012053911331512401,-0.00178244345873484,-2.586965889802336e-06,0.00103613595813117,3.633720763862418e-05,0.04445149950246853,0.2938724430599268,-0.00014997572928502235,0.010528691765615465,0.33072877235199866,-0.00016978326504978047,0.00036117395985606725,0.00017720275377312075,0.0030560840090769897,-2.055855271180596e-05,-0.0005934659468159391,-0.0003993504930119851,-0.00019668592475329504,0.00036519067847853425,-0.0005928326512347837,0.00036690985465403364,-0.005007841269688111,0.021556164607663977,0.004002777503798061,-0.010107486925516648,1.0190771073947946e-05,-0.0017213269503434372,-0.0059364868179590125,-0.0012410288004814337,-0.002498515937775979,2.8553879628974432e-05,-0.00039211539515760386,0.0005292454304491069,0.007698184661467946,0.000525887611855457,-0.00030998406700505354,-0.0021958264264920063,-8.577030258117256e-05,-0.005590575059888761,0.001846084070210639,0.010490223595818459,-1.5147717063575261e-05,0.00012682208973548853,-0.0001480854309588945,-8.835648863347173e-06,-0.22287336354814302,0.0012911802035983435,-0.0036403849360803677,-0.0013326072048270889,0.0004508340043805903,0.0015665808208029908,0.0010212198852068421,-0.011088767728740997,-4.052315308550509e-05,-0.0004930225644518347,-4.1704185931787374e-05,-0.0002982123738797535,9.42174301941873e-05,-3.356491855381616e-05,-0.0005502636342962011,0.013361870526964838,4.234986206780311e-05,-0.0003437760221158856,0.00034766078404638995,0.0001053706062772164,0.0032046352792103783,4.674292329560903e-05,0.00028839342735227647,-0.0014179124876670017,-0.00021527131725844473,-0.037946530060013015,0.045876038876040345,-0.0010247541362168443,-0.002656707896939392,0.0018731199612878197,0.001824695453900985,0.0001540615366639759,0.0007221353595565898,0.0012629993640513957,0.00019575829111147247,2.1103081366928567e-05,-0.0062172817467265095,-7.56921423251053e-05,-0.0009287640117745456,-0.004944512630053218,-0.004658695616989209,-0.000723940705224108,-0.0038541258332428934,0.0008652879223403718,-0.0036320918283503124,0.0293005081949929,-0.0017216207316835958,-0.0041836742317148635,0.42380368134421564,-3.766511926933669e-05,0.000881239926016162,-0.00507336633543924,0.0003800825772121972,-8.48280669955995e-05,-0.000138572462659187,0.0006837209553159692,-0.00011253474173635297,-4.4049972144979965e-06,0.00032055070152436915,0.002126571750757514,-0.00018462549995331562,-0.0001380590842075466,0.006039136744786233,3.752062954892247e-05,-0.002798540102901213,0.03372962956207062,0.0003998818981244892,0.002813496416028246,0.00021826334408517247,-0.0017281553538257598,-0.012245213751576113,0.00044764923593278855,0.0019766785583957107,0.4319157095711079,0.0009092645892410029,0.0006401528717714317,-0.019477472834064587,-0.0024026693226098465,0.00036391181342538235,0.0026558326681164457,-0.00016495933460037486,-0.011480612938626265,0.00015762164378696041,-0.00037222006756705496,0.0003104718601563729,0.0004142269735773645,0.0007132027463449949,0.009845111529917565,-0.0003496342900177066,-8.94939302680444e-05,-0.00041558333633511836,0.04881706587458105,0.0002512183888958436,-0.005597956824608879,-0.00012193520310345776,-0.0003048005311942631,0.12507864074052497,0.004766662352177825,-0.0004450610359884458,-0.0002928111637697777,-0.004253809604273143,2.794872177839386e-05,-0.0005747239528784408,0.00039796881968905476,-0.010239344446611265,0.0005331556956949118,-0.00027736636435440887,0.1065938594189791,0.0017108123051484472,-0.000326425337932687,-0.0001405994924546872,-0.022769540531585798,9.093980453664385e-05,1.7992876877629196e-05,0.0004046452068554862,-0.0001556641786777599,9.941684335898482e-05,-0.0003479920464037256,-0.029874562047449104,-0.0006381664254892574,-0.0032423031480613516,0.012040883497950721,0.00014374648012582814,0.09783565534104366,-0.006770160672109376,0.0012437759413640973,-0.00018851904653424852,-0.00014395586761336773,0.00018396318222132016,-0.0006181826962304189,2.2970176486406305e-05,8.110242687720898e-05,-8.427406532329762e-05,0.0016238744741224461,0.0002445133515097467,8.019136996421927e-05,-0.0006170505580053999,0.00036701811903261904,-0.00039621786396202164,-0.01933060777880716,0.00015841107624050936,0.22616502918381565,-0.0015518082576562132,8.019010552441468e-05,-0.007215303425646212,-6.779690179594539e-05,0.0005082219975389209,0.0026119710156934164,-0.0007779909180632527,0.0009885937673240722,0.00017279285977663304,0.003400904739236742,-0.00021592149649911872,-9.891280781205124e-05,-0.000299372897148685,-0.020081987246603476,-0.001632663850324909,-0.035585607218606895,0.00035072885409788077,-0.001141983914826118,-0.00016667239179850562,0.004608092848151588,0.002440788195724393,-0.007094852645400204,-0.05121440356340823,-0.00016084205450007938,0.00031092687311478056,-0.0005400175080275326,-0.003807265895499367,0.0010453116417579334,0.0001280085854810293,3.5558139339701006e-05,0.0004197654939270489,0.0006235216800882049,-0.00010550223029345135,-7.90274689588872e-05,1.550525571582728e-05,-0.000439646177076692,0.0002494272600118931,-0.006713529568966617,0.013859743262675035,-0.12437395963913506,-0.0021195372689749373,-0.00037799342016346833,-0.0015916967411299023,-0.0012117580848081796,-0.09005236290518306,0.0001125068158693319,-0.00023033957140796563,0.000724803171757148,-0.0008988690311199968,-0.029933597695048476,-0.0011237077224531206,2.7099668681149127e-05,0.013587394745374879,-0.008859604263499,0.003532639652435953,0.00011367075107706487,-1.6962624432247803e-05,0.00043729913673957684,1.7165870713292675e-05,-0.00018132963886206572,1.3315886151776812e-06,-0.0033980698073531376,-0.0005756369258187199,-0.002290459756784427,-0.00545755013756831,-0.10135775818933598,-0.0016822097500449624,-0.01202307819431686,0.0005199084565291924,-5.396224148017685e-05,-0.0001434192232737247,-0.0034638623564877263,-0.0014732388336273702,-0.02400623309465423,-1.1609500117037291e-05,0.0004716237344430628,0.014467411322104107,0.02939591961588165,0.0032935890987780825
272,-0.03357908259799718,-5.648741790598155e-06,-0.0004889313120795789,-5.294184810176669e-05,-0.000690679512747882,0.004768994609639116,-0.0008897631594121796,0.00018749326708355357,0.0008447426031291255,-0.0008592963007443,-0.0001607975489520616,0.0003652425426727765,-0.013144479591678727,-0.0052750938311092385,0.000345880839472984,-0.007972037876220302,0.21829385949134147,0.0002756711132440026,0.00030756591881822386,-0.023898322609032976,0.0009539046534678055,-0.00011361167140825322,-0.0001746177612487361,0.0010785301929259056,0.004959557447206931,0.0014617901624399826,0.004034243118905333,-0.0998358665836935,-0.00017415511275395423,-0.0005219747484827841,0.0044062535248061,0.0005807139899780545,-5.351229525513146e-05,-0.1513015857214064,-0.00034152646160222344,0.00042122044201565404,0.00013161522038215683,0.00044020882212088036,0.00010427895177804458,-0.063174436425466,0.27625226714961904,0.00019655264958036,0.0003078736420423785,0.13364146703041976,-0.0002543291379611583,-0.0010342389736047158,0.0007724772072163618,0.006153930510972879,-7.294894629590089e-05,-0.00037055662049780957,-0.001039696131802978,0.0005605703732612772,0.0006556900903826077,-0.0010703736042209765,-0.0003970604853461915,0.009294320087883428,-0.0012192480649637003,0.0008991882989799454,-0.0010812484237698807,-8.113657208593666e-05,-0.0033213724209010093,0.009776638726823942,-0.021713174714679317,-0.009964505055149354,9.812597314758087e-05,-0.013813691275079485,0.000367049257566552,0.003719714028373858,-0.0005218201018116544,7.0631794149636495e-06,-0.004206680334657155,-0.0005694386360061291,-0.0029605595027462823,0.00045924696753213597,0.0029598030987340795,-2.128393230306936e-05,3.266719389949076e-05,-0.00016372328680793087,-8.846474036891929e-05,0.015137579708306998,0.0021170483315951275,-0.021950995538429732,0.0025389431985380385,-0.0010738889117506102,0.0025338345602195786,-0.0005197185879479982,0.007627190027949187,0.00016229283443384198,-0.0006359115913704774,-9.998470336489151e-05,0.00027681199496352874,9.121737368615818e-05,-0.00012585882314923753,-0.0017563406437963898,0.023896363918491866,0.0008750862471830203,0.0007167040975687433,-9.892106433360623e-05,0.0001805639448802408,-0.0025472723401425397,5.402650020642965e-05,-0.00033608399365054296,-0.0020797164638173427,-0.0001847470444772993,0.04679152065528676,0.0473635107746045,-0.0006505379212197768,-0.014850830074932668,0.0015851705319072842,0.0004873567176409844,1.332105301572739e-06,-1.3318868541450336e-05,-0.011955103351685663,0.0003903994729663775,7.32046924661299e-05,-0.0017077224155639468,0.0018486520828050238,-0.00510606311046014,0.015313161947585675,0.009674453280843988,0.0005726945267806193,0.001765479864120467,0.00011943592580011234,-0.003765322334097698,-0.0990691430540705,-0.0004947926615946601,0.0004399093830595831,-0.07606628668750413,9.246274869714743e-06,0.0005170554772759434,0.007767880407748479,0.0005972836630423997,0.0003050176357635879,-0.0005384352591276051,-0.002309340700698265,0.000397140458210767,5.4741107079177634e-05,-0.000386471988360379,0.0023651093885607285,0.00019839972867008275,8.600667394116027e-05,0.0010269583398778417,0.00190942950961305,0.000788856365825237,0.07367414493188769,-0.0015671743538114794,-0.0012770009670030227,0.0003775874720788646,-0.0014396893591360799,-0.05315887449910294,0.00029098487803622163,-0.01021323024443879,-0.3388518410710896,-0.0034206053606464105,-0.008659947015731435,-0.007079126689194746,-0.008128121106662403,1.5294538684012225e-05,0.0030355689461902717,-3.484598938364395e-05,0.005967638830659814,-0.00035288180074823664,0.004170900370033807,0.00040585746320676627,8.960688756262658e-06,-0.0020075969518493072,-0.021115268371010992,-0.0010499297943167593,-0.0022589551080115806,0.0009873365236736241,-0.01906451305354543,-0.0019504987800092258,-0.003984173693987766,-0.0008414935192069782,-0.00041769919328005917,0.0022193559161818926,0.0011703315635378,-0.0017853750997021524,0.0010486633910567061,-0.015430205462501161,4.167672575417988e-05,-0.002519098933279081,2.91685425484519e-05,-0.012074325660066502,0.0004484752507832035,-0.00023138084653688486,-0.06362469865203901,-0.001019897488182082,-0.00028035194781687953,0.0002613958294053545,-0.025364375967111927,0.0014659673826544237,1.2973079234410156e-06,0.0012211370550715105,1.6040171366823227e-05,-0.0001245246627525759,-0.03367524321717715,-0.012269015580060582,-0.0022824512401477207,0.0005347213727740154,0.03930770878523035,-0.00018313159175884983,0.43441353459505777,-0.010881281878865312,-0.008181406287534146,-3.8970678183856446e-05,-0.00011787280807321401,0.00035142743960927397,0.0018251998336654418,-9.278589361368393e-05,-0.0013394736336362967,0.00017577454670966546,-0.00288586137167925,0.0011522025387936457,-9.70000200138793e-05,0.009659327566718624,3.4985188828538924e-05,-0.0009279627194337245,-0.03250582233954434,-0.0001890131223252836,0.521066062315258,-0.00017258770393882746,-0.0003027628597398666,-0.0025627699182641617,5.023156447054309e-06,0.002097226300834718,0.006537922970962362,-0.0012245501788671394,0.0015554500032999945,7.911688988907276e-05,-0.01877606806126683,-0.000616152584887441,-0.000276676981921538,0.0011488257213771794,0.013273567976816131,-0.009769990088670827,-0.06058896799289038,0.00010931532803775453,-0.00018720828116290943,0.0002033869445013734,-0.0032902497928111694,0.0016971713950623074,-0.01066755613263423,-0.00646057159530942,9.480135571970656e-05,0.00011909868502090132,-0.001120057164627676,-0.003033960617427807,4.7057505895968e-08,-3.417833462426455e-05,0.00010543328274776644,0.0009684221368686677,0.003011177959236545,7.644309175017174e-05,2.6933200548434014e-05,0.00010470547363888924,-0.0011303139242143346,0.0006191000017189449,-0.01383056211721307,0.007146517169259216,0.34997023902346747,-0.005094855135122048,-0.00010758234169437782,-0.0023359445166627173,-0.001994820608745735,-0.13247566206482198,0.00029271561724266955,-0.0005857804831745535,-5.6423316955112545e-05,-0.002143897391730271,-0.018015079464791747,-6.865618870790765e-05,-1.3901488042238758e-05,0.21888178403575334,0.0021663572172207907,-0.0038760277509170896,-0.0034146838578308857,-8.892273129249787e-05,-0.00016357455724070908,-0.02539030017807099,-0.0004120218388335463,-4.380461073545672e-05,0.0015678072849169052,-0.0007015021359915287,-0.004252287994489408,-0.025575219007956094,-0.07729347474971586,0.0002886557710631184,-0.012237652675888977,-0.00013483956281508218,-0.0002135663078585608,-0.00013073790346540114,0.0041886652996789946,0.00013906655124196372,-0.02994920699565634,0.00032248187670164824,-5.873585571047543e-05,0.0002430834512409906,0.02641088968472983,-0.0021873485272309624
273,-0.0007977124473966635,-3.652268802239924e-05,-0.0003561365920326581,0.0014738905593089657,-1.0738791633890538e-05,0.0063957154426006494,0.003006891923729772,-0.00020006854778023293,-0.009900952013831642,-0.0012899207490716044,0.00017698621027563508,-0.00036000400319313405,-0.009220511876307066,-0.007316004643337128,-1.0426640293059904e-05,0.011646622773107346,0.04705543461329979,0.00030571862621095485,-0.0015201479469147843,1.3476826520026361e-05,-1.4342223880618586e-05,-7.142132138406412e-06,0.00017222682810539457,0.0019904867473236605,-0.0029686328149714147,0.0014071375701927335,-0.002489369608037732,-0.04682258967299209,-0.0026087096145395597,-0.0004184024022035912,0.0009711091238820469,-0.00091814866347982,-9.186628233538111e-06,-0.055719289569180507,7.945414343274448e-05,-5.14510925003972e-05,6.343756549395847e-06,-0.00080520176813417,-0.00016363600050532494,-0.020807053536735027,0.10897145844819417,2.680017627528495e-05,0.0006813410401058867,0.05981365741912649,5.3314833608993084e-05,-0.001543426082952624,-0.00011411200565198862,0.005919413291121123,0.00018364830006384689,0.00019426666645753864,-0.00037283338165136105,0.00018591491022176712,-0.0009478365586912383,-0.003446495432543958,0.00048173290587089947,0.028253843314141595,-0.01148165200361674,-0.0022357710814382772,-0.0014059310424444783,0.00027056624017218756,-0.001336647903611374,-0.0018873712424804707,-0.008868737029113487,0.018505776696047818,7.550462033229167e-05,0.0038287641477159524,-0.0003065142996774863,0.0012809051038652388,0.0001402870548370959,-1.3389174076343662e-05,0.00731869283251978,-3.204185616142562e-05,0.0015226334008617275,0.0016826079927336705,-0.007406950976525151,-4.8850590909484994e-05,0.00010822681721491933,-1.533417910499612e-05,0.00022245328907720126,0.0011182390672442128,0.0004474367365142682,0.04427852373483502,0.0011954084268104362,0.0010328054938243112,-0.0019545495692681603,0.00036086126235868087,0.004796989093325114,6.079733651838653e-05,-0.00043366153517721115,-0.00015084688368660094,0.00018637291375357158,-0.0005342710623708221,-0.0005378036357521527,-0.003217579179561687,-0.01020386970634122,0.0002633756595007545,-0.00012711355701500746,0.00245000563663246,0.0002551832294280169,0.00014182713548663043,-0.00013559543420846114,-0.0006977425793865365,0.0025512467481892866,-0.0001526823789459648,0.00585307223856499,0.010315340719739658,0.00011971569204434138,0.026154872028432634,-0.0003672820634561865,0.0005841825492554573,-1.0153673876285227e-05,-0.0004201865680242363,-0.015818302542192093,6.648465259650928e-05,9.997345134214047e-06,-0.0025513862625575587,-0.0022550193403612865,0.005933186558506854,0.01871341134204231,0.0043999578701307,-0.0003145574166619547,-0.004058060157691491,-0.0018097771346818215,0.013092144563331909,-0.036462757936729345,0.0003238273418273447,-0.001280665061594671,0.015631550669139974,-6.19982701158435e-05,0.00023990265458614587,-0.02815351161185482,-4.174216699255194e-05,-0.00047996084864187984,0.0014176441727095528,-0.0011644325428165358,-0.0006326935377488198,4.269296358387154e-05,0.001607114256521193,-0.0008010278188174821,0.000528166655375909,-1.7671538328592994e-05,-0.0019242979930425438,0.00043223637957072323,-0.0006996043817981659,0.014210233791140277,-0.0005535768628390325,-0.0003938211704983687,0.0006315799003808038,-0.0008366922668588709,0.11607898421225926,-0.0012906041336786943,-0.004037433020958273,-0.09535764750506856,0.00011290157349194523,0.005880699773346947,-0.0006755151220401797,-0.004887779010122253,0.0003337471957213557,0.010583621083880031,-5.4147878550327155e-05,0.004604526583118701,0.0002745408668361918,-0.001663981688779489,0.00010174671071807792,-9.713124634738138e-06,0.005886567386555799,-0.0014013417365820282,0.0001511324023406004,0.0028792086890193193,-0.00356003484928035,-0.004307620356764581,0.001876195488968814,-0.008546359567678038,-0.0011732044819923117,-0.00021683842153281084,0.024289535194405715,-0.0028895451407582604,0.002552205993366921,-5.4346293255472244e-05,-0.007961180223853429,4.198422541466882e-05,-0.00110865361950117,0.0006859952505422467,-0.0030774305347629235,0.00048563965309395257,-0.00011774502398777037,-0.01656245423847575,0.002579597938497862,-9.50172529198233e-05,0.0002017004084891305,0.049919401437881435,0.0009516439009320588,-8.126336020538878e-05,-0.0008085031732904006,-3.829669867100522e-05,-0.00017194451537464774,-0.006339198658025903,0.004538579307515105,-0.0011662696189316236,-0.00040756187005000174,-0.0651045695582938,-0.0011672775072627851,-0.7643777073270445,-0.00994446902378899,0.013893195216776453,-0.0005511512156234927,0.0003352814356081422,-0.00010765666547651268,-0.002524997111608852,0.00010057401980586341,0.0012931913087686389,5.4526633602106165e-05,-0.006448353542991271,0.0004343312885056053,-8.750298657872121e-05,0.008410575931428677,-0.0004393182759596127,0.002330031847930716,0.0006884486543248282,-6.640489440617493e-05,0.2450147147353043,0.0013316149533154713,-6.350511319267935e-05,-0.0004393227414551727,-0.00014891756672007938,0.0010197902458204864,0.0010721707387068434,7.225953418985248e-05,-0.004172114898870481,3.141679232713016e-05,0.0017595970869911533,0.0009622325604098526,0.0012072027517780674,-0.0006571622061276429,0.00791092938521211,0.0018832446032619624,-0.029951009945760786,0.0008295828274072971,-0.004329026312225479,0.00027927396676603335,-0.0020447144990802637,0.0026091647522770824,-0.0052024352010360915,-0.009950568611867877,-2.3815908146221365e-06,0.00026815135673342037,0.0021916735636580624,0.00038800021520506205,0.0005926860191930229,1.5684183937393278e-06,-8.008693642670749e-06,9.868992614217158e-05,-0.0033960463595948728,-0.0003518987348915424,0.00014306231800663123,-0.0005173889529214822,-0.0019379097549114053,0.0011582502379336342,0.014560207351884622,0.0012849035635124747,-0.03160779681314647,-0.0027147486087710573,-0.00015046985861163174,-0.001279288296258708,-0.0031643735563597775,-0.04350439633535045,-0.0004709518226101964,-0.000893060929400058,0.00040813916810787383,0.005472000574132586,-0.0055343918564992505,0.004483305553266711,0.00024214639466391228,0.5334823651180275,-0.0028776288080629587,0.023360036275153453,0.006750196475930885,0.0003698485018734951,0.0007636985693861406,0.038518077620636276,-0.0003426184953626871,-0.00013716862940516689,-0.0025518117933838427,-0.000826342251416112,0.002685170917474881,0.002854757442321203,-0.02527169535592407,0.0013532870526675599,-0.014454707480440171,0.0003004482069231644,0.00021249782227801247,3.5044876095114558e-06,-0.001433417989670181,-0.0008015846624393717,-0.020650582333728303,-0.00011420381892305025,-0.00014834656060343481,-0.0030816961167385356,-0.020389005484316765,0.0024984765804167463
274,0.003967455562940297,-4.046091061015063e-05,0.00015680620402576525,0.00015700668912040734,4.755670264340291e-05,0.016672010201703114,0.0023789756135955678,-1.6802207393396516e-05,0.002776145000113991,-0.0022515453256964097,5.463536196900938e-05,0.00011849649440775177,0.009868713569952291,0.0045799531706766,-6.146595771843984e-05,-0.0032438147784372,-0.08055350874223184,-7.279534325534132e-06,0.0007157344985727949,0.013883393252220015,-0.0005705282365248573,-4.090116247047878e-05,0.00010136979692049707,-0.0012780408334896508,-0.002935337782277941,0.001047170484089191,-0.0025457463492767826,0.0762000973001519,-0.0011393230907329821,0.00017855592295329143,-0.009680753679581416,0.0008674779584881692,-0.00025102253843702245,0.09209397949926834,1.5041711736683838e-06,0.0008646988961554205,-1.1504653052623118e-05,-0.00010043216562905422,-2.8208632591951964e-05,-0.00279271255967182,-0.3660364501976901,-0.00029205892281662475,-7.111419532523927e-05,0.029983351381430087,-0.0004407649042575332,-0.0031027893092469604,-5.161001709742005e-05,-0.0057640797627319966,-0.0001989175952041782,-0.00039939990601189175,0.0005110986585566387,0.00011719762596983118,0.0004922198588883939,-0.0018551857389061887,-0.000175905960855793,0.012164399798258374,0.006737604865394858,-0.0038875694996876506,0.0011520827559863176,-3.0478668890228378e-05,0.000980270513129438,-0.011143377154900455,0.011832117242808337,-0.008392480383246251,0.0003195228504187155,-0.019349259743271615,-0.0003338118043628893,0.0007498754808511567,0.00038260406047052457,0.00029368068367651443,-0.003267921542548173,-0.0002248548958264712,0.00048487726041436833,-0.015641770045031707,0.015820575554226675,6.312221398088215e-05,0.00019035430317247606,6.110426220926751e-07,0.0002631730659158069,0.03322824402355949,-0.0008453267825289132,-0.01739202801097291,0.006090016303150275,-0.0028286320377467382,0.002733396361704406,0.00019302836477141753,0.008980261325984609,1.8352804090709073e-05,-0.0005010764996408315,0.00013019185990205883,-0.00021095083629275716,-0.0007755025816092774,-0.00042502179503085477,-0.0026453713068492544,-0.011733311249703168,0.0007097793044797268,6.998197130291981e-05,-0.0028523040423815496,0.00037056174276433153,0.0021884479559129873,6.813966239416691e-05,-0.0007993283373205736,0.0002992025139495558,0.0005932600863816587,-0.02189800610096231,-0.028275591427496985,0.00017519580174919552,-0.011736928459539954,0.00014473149040344913,0.0006053650706146817,8.031660976541045e-05,0.000496976834217271,-0.019109363947137657,-1.8696149010367317e-05,3.443366901907403e-05,-0.006851655555937208,-0.003599558717551377,-0.002005524117047802,0.015963476957564615,-0.009759280996349226,-0.0006018299922841211,-0.004195655304468266,-0.001265540482241073,-0.00957872298053177,0.025043731599944705,-0.001668001345835772,0.0037326570678377306,0.05406661809868028,-5.656684331589376e-05,-0.0003106774479695734,-0.007253547472585107,-0.0001450554141989636,0.00026007231955846874,-0.0006125560155680783,0.0009563533719413428,-0.0007198332575156595,-0.000184714213534172,-0.0011050921953818047,0.0002268641361182535,-0.000457425290525421,-0.0001535876732468226,-0.01262222360548987,-0.00020758086301209437,-0.0006794955601502168,-0.049304940979814624,-0.002138987439449583,-0.003736179905252667,0.0004882123841400245,5.5156619384829015e-05,-0.04347003132196876,-0.0004842984141814835,-0.0029059196994144425,0.10464947732336471,0.0019485432605435644,-0.002180151401846659,-0.0025849846164502314,0.002534794528041395,5.189385875234445e-05,-0.0032551947179736886,0.0001846127710822187,-0.0031787612768916854,0.0005124714170760505,-4.649975494928878e-05,-9.749993301299241e-05,-0.00046121983183467093,-0.0010075948488519441,0.0022475137067643793,0.0007811055998791926,-0.0014305911696542578,0.0012469922220474708,0.00984361174373773,0.00039917129132908263,-0.011081825445019983,-0.0011343749928433835,0.00011023034980374782,0.0012400067013718004,0.0022216159134409645,-0.008474225727753793,0.0005316506927175121,0.0003999095983846844,9.179959256217299e-05,0.0009626857616114102,5.380876655358235e-05,0.004325565280062256,7.323558366943705e-05,7.624758421044021e-05,0.036877478372675875,-0.0019391229166460938,-5.588338988728181e-05,-0.00029514603024825446,-0.026216346617345294,0.001013832840378972,-3.960234139266383e-05,0.004931849447721079,-6.361684906120314e-05,0.0001800024005624047,0.02168274565185629,-0.007873989698856318,0.0004851363507315698,-0.0030798123823940933,0.017333592291247577,0.0005511830420640886,0.3862201470937188,0.003946310257307774,-0.003045714819585678,0.000251237109512579,-0.0001986132709559732,0.0004514664268064558,0.0031266143852217206,-3.769427951857393e-05,8.854778234189362e-05,0.00012279628930862447,-0.012516299634398126,0.00017468092800748767,5.12552744999957e-05,0.011130416990088935,-0.0009314693418635949,-0.0010996197927227542,-0.06891938420148222,-0.00022757748839337226,-0.18818023939697204,0.0007439911719384812,9.803648491904472e-05,-0.0010681206451152695,0.0009436684523595786,0.0002483801682828544,-0.002359836726883455,0.0026389351140337193,0.0006864492558444006,-0.00019680748772274957,0.005064347647017891,-0.0005254269944377178,-0.0006849026979301396,0.0008342866257180205,-0.01755369914723144,-0.004909301272177406,0.01141445727716941,-0.0004957988415836292,0.0016827811061509378,0.0007449366370256365,0.0023226608809567353,0.003800848984173511,0.005294469186204218,0.0033206887877808887,-1.4794440763368777e-05,-0.0011231107632551042,-0.0010187980590858545,0.00559994095481693,-4.216929433264896e-05,-2.3940825701072583e-05,-6.161194963788183e-05,-0.0004949299282293623,0.0014942645502214905,0.0001586853504667073,-0.0018998229166199837,0.0011917278344360112,0.001928199602740963,7.340475566012064e-05,-0.003638818895295166,-0.010356935095776615,-0.12229891523665952,0.0021163682636783244,-6.265823040017132e-05,0.0016702123450092062,-0.0037213325580257913,0.06784305067201211,0.0001527885979833107,-0.0009747214622429466,7.969412192569973e-05,-0.001863178976055224,-0.0015482932811795955,0.002436029583447923,6.596394299044465e-05,0.7729814104869952,-0.01245973754718616,0.049201051997482086,-0.0027777455023463766,-0.00014220045818283714,-0.00024188288600735452,-0.014905401539144093,0.0017303108584945952,-0.0001631012855308686,-0.006216623383599996,0.0008399252002585938,-0.006437154759118383,0.00927749826718859,0.051804574884838785,0.0014077636987711005,-0.021414935601736865,-0.0008581786952483925,1.015081644980707e-05,-3.434715579369099e-05,2.3018494537652232e-05,0.0008276567906452118,0.04250330355392028,0.00044422709867346366,-0.0005802323543472246,-0.0004825132574029795,-0.01805167750153546,-1.4857125838129559e-05
275,0.03343188474496695,2.92205794991951e-05,-9.800550792254947e-05,-0.0013824215262608595,-4.393078687707497e-05,0.00506799730854391,0.0008377691006800081,0.00020887769104768056,0.0009948502251813027,0.00021124586286162123,6.134274938722484e-06,7.82083117120344e-05,0.07605041673886018,-0.002396535328809922,6.742735689957077e-05,0.0011987261455625765,0.09555223434816015,0.00019106147203573273,0.00011482913208115536,0.021013986422992917,0.0007102540760404582,-0.0003336057941855362,0.0002933170508179952,0.003358432130968878,0.001349506944662994,3.991022129986102e-05,-0.005165609144485616,0.31994116027368136,0.00019137533400655563,-0.00024267130423701044,0.0020912617356951546,-0.0001885939329097433,9.276043508883725e-05,-0.029857915480021723,-8.484149430347532e-05,-6.149209061880566e-05,-1.2028674030113706e-05,-0.001228069688736119,6.786647126216447e-05,-0.009203968512611384,0.08927292844684181,0.0004409536047580518,-0.0009879000332848659,-0.0380199325640775,-0.00024432920327979724,0.0005113253998335334,0.0005411337134409761,-0.01245572717722285,0.0003564651040361092,0.00011310278325639845,-0.0005413781128471504,-6.542039507737539e-05,6.67335827271116e-05,-0.0013386163906096392,0.0002921931475462214,-0.0034720003708908,0.04878309106257819,0.0058056975295372225,-0.002068395565688647,-0.0001676791573779271,-0.00036510208859551934,0.005766444680284364,-0.007652248091925905,4.894674921852789e-05,1.1254050771125623e-05,0.012449268416791759,-0.00043643554061185215,-0.0008175581643523034,1.351845801982087e-05,0.0001809294800976663,-0.0014927851197775368,-6.37603029068172e-05,-0.001007669247005053,-0.001036852256949345,-0.009650793966842226,2.5358811926268904e-05,-0.00014303688513794127,0.0003284343662798665,7.1330800687254e-06,0.02188400312393762,-0.0002612216474965703,0.008677606810180299,0.009520688012420772,-0.0011002972761878223,0.002130396463639976,-0.00029955849112846614,-0.0600036661750992,-5.294037762604981e-06,2.510626008308918e-05,4.0323629586891396e-05,0.0004528444257993205,-0.0001814138328112894,0.0002747839580499595,0.00019228086694570573,-0.09967070979109392,-0.0012101581343682971,0.0001558167643045331,-8.503838597544514e-05,1.3326576913597976e-05,-0.0007621777361171691,-0.00013869416624170267,-0.00027700766858950463,-0.00048677453802600237,-0.0001105772356233721,-0.3090781436657122,-0.06769454606857034,-0.00023315434935564615,0.000582760104190777,-0.0012491223252030347,0.001975582964515968,-0.0001720453932088084,0.00042321137154446723,0.002560550783008708,-0.00028385642209993733,2.9861896297074704e-05,0.0023189205943641615,-0.0004653737507628831,-0.0006989664868164722,0.04025810650650274,0.009984023430441955,8.825404711271852e-05,-0.0005239676073394515,0.0005148243143303774,-0.006995729804042786,0.019884359824548507,-0.0002068467941789996,0.00029073111656332954,-0.039169002303174966,1.30331153888677e-05,0.00047061926671247267,0.0004134498949156665,0.0004584427674959625,-0.00013228206013836136,0.00013609724138885677,-4.337997776176095e-05,-0.0007463848612478432,-2.9471771158385077e-05,0.00027126680738995095,2.6184792168677882e-05,-1.8086791248816958e-05,0.00032060484480149476,0.006239348897568029,0.000446729532915006,0.0010010084608008086,0.02326456815277089,0.0004739752947815661,-0.0031704384289948507,0.00040317911965945946,-0.0010391791133059663,-0.013831271968125782,9.262850138452156e-06,-0.0023653491107954033,-0.10331474092115255,-0.0007209433395163216,-0.00036313877656566317,0.0020029107531976792,-0.0017074009249639973,-9.456214567584234e-05,-0.0011266755176336436,-0.0001257962446965747,-0.007178026379596343,0.00010622555280414181,0.002007280181121278,0.00011923697797993488,0.0005777864399555232,0.007004605581806476,0.002134684613627505,0.0006786939902446165,-0.003257347446047734,-0.0012040495587212585,0.07922988052850179,-0.0004597587139375525,1.0261452939868028e-05,0.00014821892083592995,-3.6423316393217886e-05,-0.02588073738548617,-0.0013374427105894752,6.857828188968707e-05,7.58248279310765e-05,-0.0010267756061225763,5.185479102258472e-05,-0.00026723182238598975,-0.00010213816095185763,-0.0034718922918262566,0.0005659037544315324,-0.0001793467901125695,0.7805530197705581,8.003751000242552e-05,-5.0950782180078646e-05,4.4855201866164304e-05,0.0009942365794278,0.0003342088311030011,-7.998013000164172e-05,-0.0033987319835009563,-0.0001727905225938145,-0.0005761919613571712,0.01962815675709757,-0.002909255508742508,0.0008566343947781544,-3.0725632457696784e-05,0.01816905634739298,-0.00029257518960084175,0.001920760654989348,0.0318450308386612,0.0004657953386262002,0.00015460975209472048,-2.713026285301387e-05,0.0003556586155443048,0.0003442481286220203,0.0006253724091545758,-0.0005600635673390947,-9.113344158885595e-05,-0.0003640316197428277,0.000935822315483557,-1.3599658747823207e-05,-0.0004021551164433158,-0.0001636415293304735,-5.0301987657178256e-05,0.0046138865041177035,0.00031831840401364995,0.05651929702302794,-0.0007500407830943259,0.00010023477684076645,0.004084961880944767,-0.0012717974892415523,-0.0025259802941310352,0.0013719189531987666,-0.00047525088250956443,-4.219733706160682e-06,-3.359837514784608e-07,0.11883284600656908,-5.593472359755394e-05,-0.00020854384479659558,-0.0003859823668416469,-0.31346930816775875,0.0033835598493817554,-0.01025445191744876,-0.0005076305739509374,-0.0005741952207512463,0.00019882235810640692,-0.0019121859252288174,-0.011930616353657587,-0.0004860040110409051,0.010386303762632105,0.00016334590774431945,-0.0010046864670030884,1.0418424176189068e-05,0.002487068747261639,-0.0023046749420146976,-0.00016165299181652602,-1.8971080861849773e-05,0.0003521280569578171,-0.0015345889098269177,7.127610728900093e-05,0.0005704859770795986,-0.0003207212651685687,-0.00018590212072729182,0.000439567951787716,0.001193706497858588,0.018812791378092716,-0.025454796385387425,-0.0008791510952276572,-6.0868601204678435e-05,-0.0012342676894277484,-0.001089324385381198,-0.024050341460313766,-0.0003436349635972625,-0.00036342412400740265,-0.000511433976725823,0.00025835427751454723,0.0004032263629664194,-0.0026619595196446023,0.0005317879844157251,-0.0030802299158971926,-0.003960352580553595,-0.01260673440576358,0.000747959602552555,0.00011487827384027219,-0.00013496438480122865,0.006975870356423067,0.00023714672412937727,-0.0001068073675813963,0.002919250892916148,-0.0002721437788609875,-0.001381350640192406,-0.0007350261695975613,-0.040243168137385626,-0.0008686971175294474,0.0019256969006522656,-0.0007648613346061348,8.302177610061863e-05,0.00012370584275529783,0.0005381687308303879,-0.00021376129587835115,-0.010720867949546003,2.937033160888697e-06,0.0005590074100429495,-0.011129438339224505,0.020981600665512343,-0.0007446177259789817
276,0.04134700195623003,2.066875279060909e-05,-0.00023185451308855437,0.0006943881641228757,-0.00012849550058416023,-0.00012152858505243974,0.0005058075769335535,4.5160401041424714e-05,0.0009235409042318565,-5.997382259863293e-05,0.00015418015001048002,7.896849262031824e-05,-0.029118969133360526,-0.0015574054102834509,0.0002157180577208595,-0.003856351234200174,-0.053992903653601515,-1.8420012695773147e-05,-9.803703879204123e-06,-0.014027150269072338,0.0005399074455993665,0.00012674881134802315,-9.588261647409078e-06,0.0038585566388225478,0.006533311174775749,0.0005650216502050831,0.0050980078366470866,0.8389880407169108,0.00120637530195436,-0.00014424924208709944,0.0018531019464282927,0.00036187502929471704,9.185205515133132e-05,-0.03201568866312797,9.189498188716394e-05,-6.736872957062434e-05,0.00015115509770727287,0.007882892529344869,0.00024142005062141592,0.023344525636333747,0.05732841399645393,0.00018142408491888043,0.001328814897188611,0.048141950466022994,-0.00010774644703309688,0.0007592050669137686,0.0002759924347069398,-0.014784089212980096,-3.984759926352376e-05,0.0009409938380634218,-0.000997090561887612,0.00045826757491038064,0.0002780623087015287,0.0001405197255394501,-0.00020593962138652777,-0.002212817072167861,-0.016152233669141328,-0.03267012169355298,0.0013452936264707709,0.0005503018208490584,-0.0006111791091644482,-0.0006911594319477651,-0.0030013453512544204,0.003284054953268932,-7.62616007391817e-05,0.0033527197414266515,-8.211260092681402e-05,-0.0023345213128680075,7.756630549655974e-05,1.7405275143850263e-05,-0.0003221565657894091,-0.00021024756328945002,0.00035472016639809516,-0.0021146086384644467,-0.011224751855839214,0.00018291319620440671,-0.00021415780185081446,0.0002933175914242442,-4.99183653991514e-05,-0.012736706590483371,0.002281384842718025,0.007612400940638793,0.0033136554422339634,-0.002401986658795096,-0.0030353193428185356,-7.267080740419596e-06,0.006399122453756567,-5.022445064102252e-06,-1.6113980647085996e-05,0.00010674951699396473,0.00010193210189392374,2.6159827237417447e-05,6.006860345513648e-05,-0.00014335323169226144,-0.062178850390533384,0.0009513916687746982,3.1277511171079984e-05,-0.0020845916357340524,-9.95221473641672e-05,0.001090745334541293,-0.00021516172105468662,0.0007446524867438346,0.0005802508381794729,0.00012525482241533548,0.1020776705600491,-0.2135341887049552,0.0009308372152769737,-0.001566492273014434,-0.0016769945990048676,0.0002636398281920362,0.0002094484486768744,-0.0002025396119867671,-0.0011892789460124994,9.547252683828056e-05,-7.125056097808703e-05,-0.0009442468033028437,-0.0007983291250199965,0.0010604115867481612,0.09913947994379621,-0.0007256839004171033,8.323453774624831e-06,0.0014545990738451592,-0.0002351702556132422,0.006290083306474413,-0.018500450608012982,0.0019472034272505906,-0.0017367971261221245,0.006800318423001854,-5.703412290811866e-06,-0.0007050822453896835,-0.005387739567255207,0.0002828340409026138,-0.00011744701446415179,-0.00026383852555357523,0.001625174933769893,0.00023406782149389127,-0.00032164754972277467,-0.0010606009295799565,0.000120494864732121,0.0001446170230676863,1.0893584879392848e-05,-0.0017679016207984774,-0.0011687584451040662,-0.0004343675699697388,0.032692389819945544,0.0017589967430371688,0.009259457608833366,-0.0007645515691167898,0.0002898863923618306,-0.011565900847821447,0.0003943941270820161,0.0021666840549942716,0.028616594560830034,-0.0009037440215737954,0.0004209188859736132,-0.026898673495536426,-0.0004431645311707699,-0.00010204260211235314,-0.005082139918538789,1.3353308573813005e-05,-0.038360612156746535,0.00022644608038936438,-0.0034002821513997574,-1.0851325440611181e-05,0.00014779299620673245,0.012453023729363993,-0.002159329656786944,-0.000627123210253773,-0.0020934300220524747,0.0007749812532337579,-0.026574501597151835,-0.0067362789326727845,-0.00038822467296932084,-0.00014967390943135955,-1.9817678537929068e-05,0.032544650097696554,3.800603671593383e-05,0.001526309016633384,0.0017072424340806107,-0.003868507135843028,-7.84592299204745e-05,4.01248452849487e-06,0.00031233518452321307,-0.0036062760950907407,0.0011743691427706943,0.0001619037381913116,-0.2555799318571115,0.0009500202380439762,-0.00039315447539323145,-9.142483178491839e-05,0.013773008257450065,-0.0009104636583596158,5.308610831128435e-05,0.006957266870561189,4.986369772943394e-05,0.00018640144168022288,0.025183378885058408,-0.03562472145506689,0.0007570221885742599,-0.001316155708973278,0.06309613416822207,3.8467500797417786e-05,-0.013359843432445732,-0.00878216628976695,-0.007558829293575915,0.0002714755634329758,-0.0002783608535315979,-3.6716096208956606e-05,-0.000725032517529263,-0.00023540885615729382,-0.002067215024847536,0.00011496024172207714,-0.00044596515564881804,5.603653759268107e-05,-3.892547461791657e-05,-0.0003521514432143012,9.951338053460455e-05,-6.919237593504702e-05,-0.015500252813541754,0.00023791454521703698,0.08951021191623804,-0.0016424221199816808,-0.0002366137664145812,-0.002033237346845934,0.00024675738308452093,0.0011176873807412183,0.000982820489537413,-0.0004928300228141425,0.0008011980492297075,-0.00015123766426884677,-0.3025602333907398,-0.00012685676051284178,0.0004549557975661008,7.225055321974545e-05,0.09960966878248508,-0.002249190037964366,-0.0078064262908946955,-0.00037938495073823464,-0.0006708909490212446,-0.00016333717638932974,0.0014236434367716332,0.004224859505381989,-0.003949049046715104,-0.015833859700381064,-8.065591205672074e-05,-0.0007071645307082063,-0.00022882068262805122,-0.0024194409971396835,0.0011780768098853963,-1.5157124353109208e-05,-3.116739510615474e-05,0.00019256189041977345,0.0013455774406269019,6.606834752822567e-06,7.846085993677698e-05,-0.0001841878717345584,-0.0004314823725697029,0.0002438086902632631,-0.00823956846569461,0.033362981033882425,-0.004926157708927598,-0.0011147704010907034,-0.00016168540127664555,0.00016317881462375814,0.0005716443710092886,-0.0585817725659672,0.00017178648486152262,0.0001319821211955563,-0.00034744537145034275,0.0017291914951329502,-0.009103986389165658,0.0018841473097570664,-0.0002538772881206996,-0.013220793316795931,0.007456070589279671,0.0009008835140848397,0.0002474102217798705,0.00010916268086321942,-1.0921560212184475e-05,0.001987303984170151,-0.0008341334616502449,6.175165703219132e-06,-0.002743581454391247,0.0005010980795268662,-0.0018096961690495985,-0.005002067677699028,-0.129489830353265,0.00021813586722718888,-0.0034262287802415414,0.0005069567134391786,5.266031150356898e-05,-0.00014040006792762072,-0.00308926681002384,-0.0006376381163297729,0.01648136059496244,-0.00014626339812515154,0.00020167475693414622,-0.0080843171788555,0.022731401301074688,0.0005478301080385876
277,0.00680504244334225,3.879409678350307e-05,0.00016549430056630576,-0.0005384366477440635,5.5018497442512956e-05,-0.0007579748497337155,-0.0001361980126821172,-0.00010163114366305848,-0.0025711930416524318,-0.0003406766705441981,-0.00011463357955603277,-0.0002598096916658025,-0.018717420739555263,-0.00029346970018706304,4.2630973970230086e-05,0.010459854461322773,-0.025421487247954056,-3.246804669776709e-05,-6.414574224176614e-06,-0.029759757101303824,4.607172047792511e-05,-4.0595885064446794e-05,0.00022973728051362365,0.0020513338810923478,-0.01663243430610036,8.277428553986506e-05,-0.0031905760706775446,0.22578498570056382,0.0001660136546057754,-1.0419161388646597e-05,-5.6564454914644416e-05,-5.797176050893228e-05,-5.3796743664236146e-05,-0.010643761520395085,-0.0006998760181872662,0.0008448971941798378,-0.00041688235932799134,-0.023027738964217136,-0.0001387521882904863,0.01185831214928748,0.015949424434018276,3.174661060219644e-05,0.0020754309113860483,0.029117802468187074,4.4027356984624455e-05,0.0002582412517208128,0.00023956053844858237,-0.005319846236752411,-9.64183460153748e-05,-2.955487472988856e-06,0.00023464933344269356,-0.00012874368500263769,6.566271181846373e-05,-0.0004793531460987417,3.6191513416067994e-05,-0.0008491819004548722,-0.012405829503155823,-0.016577113070905345,0.003840130078821247,-0.0012860193811301823,-0.00023154223303953846,0.005173156763803023,-0.00027907258483702256,-0.008134431827511973,-0.0002014423563741919,-0.004700367432172506,-0.0001847577793252209,0.010701940671645874,0.0002080711031745199,6.366158002735905e-05,-0.02100341513171398,8.426732472678524e-05,0.0008192585588380858,-0.00022459971299126707,-0.0017451588198590718,5.3705607003101674e-05,-1.6283580099724082e-05,0.0005424699423401316,-6.436436613370053e-05,-0.023113752549288318,-0.002369700531499858,0.002560629872487541,0.002184735234655592,-0.0006320400752871051,-0.0016551819281424701,0.0004319267635518424,0.009730750356315446,-5.195907712094664e-06,-0.0005775758726232795,0.00016911717794745873,0.0004926549092566419,5.7464951288927965e-05,-7.882770236259176e-06,-0.0003712017249146507,-0.008491875903728916,-0.000513992477109798,0.00015478804133798587,-0.0011096281770044628,1.7354475143661202e-05,0.0005586524883135707,0.0005357429251819715,0.00020422222499855407,0.0004170418293975668,-0.0003221456217427539,0.06777972832091299,-0.05407275541799119,-0.0002726100908665985,0.0018231037211341634,-0.0004350400474084988,0.002988187469456218,-0.0007065812162590501,0.0011080690046549797,-0.002578145126187363,4.255872549504755e-06,0.0002153865133040756,-0.003290656606165517,0.00023513593168699533,-0.003234841071295725,0.02863280535195268,-0.00143518877427209,-0.0003175415639175244,0.00036308419482319605,0.0006379147726261643,0.005347181611621319,-0.008146808635824086,-0.0008786262687930689,1.1549141862727532e-06,-0.0014144024729618242,-0.00011427826076234986,5.821768947207248e-05,-0.0011042175857969266,1.3156462495915108e-05,6.717323773238956e-06,-5.260589074435051e-06,0.0007090580323020385,0.0001247821246197732,0.00027355688968118294,-0.0024384576235437347,0.0001466551790690643,-0.00012870531738700536,0.00010182669169027034,0.00023303193058820618,0.0002795698421641186,0.00376964049646547,0.010316311712636349,0.0007991657045498769,-0.030005640356540974,0.000637592974811646,0.00025973073010058915,-0.0011956484631919049,-0.001370089031516062,0.0005846384295928589,0.02304230482601211,0.00303498124120598,0.00011073736333713606,0.08885824881502015,0.00036097074965561055,-5.886577819329622e-05,-0.003324704923596252,-0.00030254265640361315,-0.01428955898003264,-0.0007254144500366555,0.004489570982981908,1.163046795170375e-06,-0.00014427502212999415,0.003439384399680673,-0.0012140831998534792,-0.0006343181438431562,-0.0015400623786736524,-9.545053171400655e-05,-0.016468472409810468,-0.0002980560676693854,-0.0003145569692120805,0.0001257487168433661,-0.00010612342477918195,-0.05321656939696113,0.0027736814272301133,0.002391656834199901,-0.0014726183841935092,-0.0010476171198673537,4.37207273441681e-05,2.819240370849352e-05,0.00043138175563667107,-0.00321186644765015,-0.00022343293019806698,-0.0003312600518166099,-0.17833388489058732,0.0005574484931116699,0.00022874651828606873,0.00013943904636750087,0.002083191563070328,0.00023614107334727627,-0.0002669392112109929,-0.01682704019421851,2.1260925608364636e-05,0.00018731022093847888,0.004062755880176829,0.017229885498835622,-0.00108181196219092,-0.0004469422241431152,0.018206389623489513,-0.00012150231796519834,0.0037259249187009714,-0.006541918321037105,0.0025418730356478315,-0.0005218268196164463,-7.238709538358312e-06,0.0002241990263145352,-0.0002386931168322508,-3.3052755182416812e-06,-0.00047382345011223097,-0.0002305260850615897,-0.0002527246805539339,-0.00041929850011482306,0.00023227828878171625,0.006506807465129169,-0.0006715141391030756,1.1257800659660944e-05,-0.004046179142198653,0.00025499501431223287,0.03083864277181401,0.0010010045962408913,0.0002281542905547343,-0.0014672649041229946,-0.0003352507685978958,0.0007772666584230723,-0.0008649041538916938,-0.00044738740945644465,-0.0009321879473681114,0.0002945881444212442,0.9352793589674981,3.100379876554496e-05,-0.00017246153726787098,-0.0001844260548354154,0.0854053260619612,-0.0010789762801722974,-8.399003568789306e-06,0.00013011893092051974,-0.0005424060295796357,2.1969043234787e-05,0.003735313233191318,0.0030621743409821396,-0.0011332510330838495,0.01628335759645824,0.0002428934910765762,0.004187188952790392,0.00034951104371562394,-0.0018161564285521072,0.0005806765349195375,-0.00031365419392083015,-0.00011213887382627817,-0.0003337925148885919,-0.003432939917419713,8.298120564958697e-05,0.0009331740289980767,-0.0006223515907979315,-0.00039555455217407665,3.4195439263385967e-06,-0.00030483968054323017,0.00951418485056163,0.0123809024547136,-0.0008267679922402682,5.479791482276147e-05,0.0004687712995340437,0.00042840654375916643,-0.014623325609337948,-0.0002835623454513184,-0.0003478139862279281,0.00013451962035032194,-0.0009212535741725306,-0.004577492333738385,0.001065526008516079,0.0003405725473535782,-0.0014134072481742214,0.0031695960848905236,0.0005507207545684626,0.00023761517925669547,-0.00010421300907976876,9.698439821933906e-05,0.0018719347765538095,-0.0004890475920995476,-0.0001740029166769387,-0.000533720781624356,0.0004104491972647111,-0.0005027866100756526,0.00935212876283314,-0.06893202195247759,0.00036057601098967167,-0.0016962068039773869,0.0003941169736162535,0.0002585537434597225,0.00023370297980083304,-0.0012672051380357924,-4.637292735768092e-05,0.006208274915150791,-0.00018590784642487368,3.3503440264193857e-06,-0.0037311198713368262,0.0019881755063464956,-0.0005893282597271211
278,-0.0018366944651661027,-2.7160118739348246e-06,0.00012649262819618037,0.0007164926552570451,-3.214366820700925e-05,-0.002189120939996161,0.0004265549682293821,-0.0012804389618771561,-0.0008140080022269777,0.0015394768518772384,4.246712155392732e-05,5.625862243753815e-06,-0.0006512584360750555,0.0003599113068208752,-0.00014466083484094877,0.0002124749310365463,-0.0024431228317728327,3.6643033566585324e-05,-8.971035732815665e-06,-0.0027911331612974336,-0.002257298788015217,0.00016991527989818598,-3.956756902885096e-05,0.00015281655243284844,0.008862541247619354,0.0009117884033547081,-0.0029650194766719443,0.005461019678327398,-0.08026720903788602,0.002002423302565209,-0.0014492424445388353,6.838401124715718e-05,1.696643499810675e-05,-0.0023198333530656118,7.600787804583342e-05,5.927968824055198e-05,8.621481159386615e-05,-0.0001444831666292943,9.875038691287401e-05,-0.00046485278908635125,0.0030007535900122015,-2.3353922705728492e-05,-0.002993063642458277,0.06742749757018554,0.001097801493248514,0.00033522209755285255,-8.522447214389956e-05,0.001884479390652614,3.5863806478526666e-05,-0.0001611241275742037,0.00013980622857252822,-4.3425571844984815e-05,-0.00012760814776200508,-0.0017673028521071128,0.00015590113362296942,-0.0005808283575334594,0.0001137410954684219,0.0002990213878124497,-6.193123955780414e-06,-8.007432999072167e-05,-0.00020220118322428194,0.005565181531586495,0.00017537125970629085,-0.00022175576686784865,1.332148224976893e-05,0.005335879027316536,0.0002003865951379347,-0.0008542890565607249,-0.04386207909578434,0.00023070005279878653,-0.00021126311283877836,-0.0003972806090175738,-0.04011592645982366,6.882765913199615e-05,-0.004715555723721197,-2.3677589706088808e-05,6.281956260616953e-05,-0.00011568529531875635,-1.7431146641658495e-05,0.0016090965372720061,-9.062054983076491e-06,0.0002797378443498116,0.0005229224662134718,0.0004901650970247473,0.0001549358960610748,-0.00047025215027374483,-0.002307161400124146,0.0001926038693748017,-0.0003024187790637999,7.729323287727907e-06,-0.00017007904506233349,6.586730129148194e-05,-1.5717586608679328e-05,-0.00020962833690194374,-0.0012766044294468698,0.00020845022388724438,0.0010237563020183188,4.1644467769689705e-05,-7.194269046906926e-05,0.002082276622960737,1.4111559027637794e-05,0.00029438358878723214,-0.00012891035749237255,1.8874148838729857e-05,0.0004982523479808145,0.0008729484237123633,0.0002076729542919561,-0.001188163389681917,-0.001250265009871518,-0.001333375055288747,0.00010747098219202837,4.1129750800867216e-05,-0.0006055040923681277,4.484914420764888e-05,-2.219463769323254e-05,-0.0016378847112137169,-0.00284862584360688,-3.1263469545379915e-05,-0.0011537049342629536,5.277290469567436e-06,-0.0014144026769052432,-3.0794120084113447e-05,0.00011405429369958087,-0.0065397839508908396,-0.0022261087187974765,-7.100971612309173e-06,0.0016088225064762136,0.0027466948543556644,-2.6705087063084304e-05,0.001383666485574822,0.0007399015540387467,-1.8187254717603042e-05,-3.6374577368714295e-06,9.339288807760178e-05,-0.0006789526640019281,-8.900616150831582e-06,-0.0003263409794082824,0.0002889673017410412,0.00011256258023758356,0.0003311957324582905,3.479607596347403e-05,-0.0034612197059261537,-0.00030489152236767305,-0.0007753496177247555,-0.0005617704917594041,-0.000644475072547745,0.0038093728944565606,-0.0006313514511163406,-0.00015229086989652408,0.0028642339346968883,0.00041719249282299773,-0.002193900958066185,0.0026731279773820242,-0.0011702136466604821,-4.1856510129706544e-05,-0.025271760877879343,0.0009755649624997725,-0.00014803965380647032,-6.563065630952946e-05,-0.0001415856194718194,0.04440287672415573,9.602789252617292e-05,0.0009478962020213918,5.066740195760978e-05,0.00023159184020339531,-0.0017065547621055344,-0.0005403271457094645,0.0006385816027675616,0.00011374457000286418,0.0005027220052622526,0.00016806982508883685,0.0006602020477986161,-0.004226818865759276,-0.0016953749445638485,-7.502880646849397e-05,-4.978588173835389e-05,-0.00010312106558921374,-0.00017325542217116368,-0.00011528913226046441,-0.0036925907385052478,-1.4741651805736528e-06,-0.00041242558895299283,-0.000714550526605756,0.0005886834283366203,-0.0034616165335787934,-5.471252247469822e-05,-0.00010336716701912633,-0.0002864363942744145,-0.0002514918368816982,-1.298562382461043e-05,-0.01431224972559549,-0.0036335790032315804,-8.45276472077449e-05,0.0005846355134163487,-1.0907688331784633e-05,-2.9211069044333526e-05,-0.0014320024384469714,-0.002941894437795887,0.0026272552451003777,0.0004693114251667547,0.004216260275011373,-2.3939764390646864e-05,0.0021135883403176283,0.0008137970494750757,-6.707696956451164e-05,0.0012238743822348699,9.110791297674476e-05,-7.419829572865222e-05,-0.0008196633821198338,5.0006646338940846e-05,0.0009658013206283997,-7.405319679818813e-05,-0.0009649132680827952,0.0018606442538153275,-4.354631412225359e-05,-0.018360389365083135,-4.33713979118924e-05,0.00019970584786232058,-0.0012637420260111984,-0.0006745514880803356,0.007972974615250202,-4.341938152229677e-05,-1.6406403202646243e-05,0.00616095628208142,5.4937481498336095e-05,0.004502743557310319,0.0015481250337694343,-0.007179442554523104,1.0369488971713443e-05,-5.1023051363582525e-05,0.00339000913885722,9.889680385003667e-06,-0.00010349017734752894,0.00010434327316267153,0.0013319385418150637,0.0024045173011324164,-0.0002417473949450843,0.00020523667274391106,0.0012713512373123143,6.434912622728514e-05,8.218113105032702e-05,0.00013507753932332184,0.00020825877902488408,-0.0005833229052770695,1.1125880998525176e-05,9.092876904117478e-05,9.563509109249438e-06,0.023532482388756257,-1.63713828016021e-05,-0.00010827834781260777,3.751193810723518e-05,9.419994822868356e-05,-1.2927787593836537e-06,-3.4783868938884424e-05,-0.0004484597745189776,-0.000608650105265012,-0.00015750172055754548,-4.286995452371686e-05,-0.003134773392368468,0.0010419128616210578,0.0032434337957041193,-4.2151772002416675e-05,-1.4141082889151339e-05,-0.0003010987871541066,0.0017768947835659073,-0.0030953925638763143,-0.000549578145536158,0.00021393361797924365,4.069290254480056e-05,-4.445238848604954e-05,0.9902718591911125,0.0005205464300328986,-0.00017427918081132365,0.0024565116344983985,0.001237511355597373,-0.0017842185474507596,-0.001553536038113678,0.0001524252992239272,-2.6717700389144354e-05,-8.95332207489219e-05,0.0006943345780110917,8.391990071069007e-05,0.0017647261586941699,-3.668432397449517e-06,-0.0003977549623773194,-0.008545944587217408,-0.014819977854267584,-0.00688144822111708,-0.0008494731377853004,0.0015489022747415641,-7.139550927694454e-05,-0.00010913875470232055,-6.255077622899577e-06,0.0009555820612174178,0.000153077962171127,5.7472736705149394e-05,0.0002150273378285529,0.00046703652952146,-0.0013256221491351737,-0.00011500535252959495
279,-0.08052616038610139,9.705683010440697e-05,-6.656938914322008e-06,0.000358134630592373,7.234145283094642e-05,0.002708539171573973,-0.0010779198048303795,-0.003580797275344466,-0.008988323787755097,-0.0005929643803749898,0.00014603077910562562,0.0004919470450013425,0.015662859017464996,0.0013879458830067665,-0.00043567772912098124,0.0022566022845306732,0.0035000843124576297,-0.00041384824306681806,0.00029598936277185073,-0.013818492553896604,-0.0005150402811339022,-0.0002665097036647496,-0.0004442592360382261,-0.001083867698069018,0.00038924900525746584,-0.00045703368261946,-0.0015816716051109212,-0.030627937131034757,0.002037886583255301,0.0007117976750074285,-0.00016477539850059952,0.00014031332252319173,2.4050467076208726e-06,0.00029381677741288983,-0.00015057726546917512,0.0004897967306711998,-0.0001739050913607803,0.00334599740138707,0.00010597776084642248,-0.0036176815040409255,-0.03239202426071287,-2.2167904133876728e-05,-0.0012447030923513043,0.0026120688675674176,-0.000595859893900568,0.0014077411748203267,0.0012133381027430179,-0.04074060554265459,-0.00033009655614544224,-0.0020126749663838617,-0.0015915930189364727,2.6011981063304643e-05,-0.0003777422901088323,0.000922503911903033,0.0002578945351903762,-0.03823887588817478,-0.0033054403418654316,0.06034755525599927,0.0006256468800970881,-0.00015503011365324438,-0.011180720086894275,-0.004285144577570414,-0.0005056107840371214,0.0021774112887412763,0.0002806805634977226,-0.006468004362219045,-0.0003110515268712435,-3.158857212386557e-05,0.0016039639063666188,-0.0001131408515153056,-0.0021603569691112483,-0.0003120859303575472,-0.0023511583331562993,0.0023016631936299456,0.0021998857788723784,7.408674543156642e-05,-0.00034158436671542845,-0.0001105554622041656,9.830840335843961e-05,-0.007623339309940785,0.00028451345804422724,-0.016015826082748114,-0.001640536264590679,0.0024071516806054875,-0.02516486319033826,-0.00041027494939394754,0.009419287798661323,0.00023607239796949193,-7.241085428446377e-05,-3.0130920050234523e-06,-0.0006112443421076021,5.964581426263669e-05,0.00020313115008945004,0.0006151925184499866,0.016318980806806827,6.877714825472372e-05,-0.0010736635193273956,0.0013779324015546343,-0.00013271898201942106,0.0018945777327947497,-0.00016540634442308282,0.0007048371186404731,-0.00035162264276972265,-0.0004583455757859532,-0.008099035383493401,-0.007140829862589473,-0.0026129752078429243,-0.013981391528776567,-0.002147190908914738,-0.00023751110794088912,-1.3008132135274193e-05,-0.00017865450910307598,0.001647901832546714,-0.0001885720730306819,-3.0428826290438294e-05,-0.0019249898562158701,0.0010655967009638658,0.0002148916211717469,-0.05788416588307462,-5.85960809595088e-05,0.0002395965254102133,-0.00047387928298603756,-0.00044885449674462573,-0.023893918839629755,-0.0023082237154597018,0.0005649520581916994,6.294225106876243e-05,0.005124024953212415,-0.00011603251213227481,0.0010885338764439945,0.002388754370247644,-0.0005304027888634978,0.0006375315099415608,-0.004718505962235244,-0.0028723797010803127,-0.00025998345146836495,8.784782351546898e-05,-0.012096619970653873,-0.0009170913329694542,4.392941295226771e-05,-0.00013953642912134046,0.0020264780923060473,-0.0006031824017491916,-0.004721702491078524,-0.010192633335387316,0.0009343592595235798,-7.565910557707378e-05,-0.0004833118824882393,-1.1592658388429503e-05,-0.006466552163426576,-2.181980077725458e-05,0.0016116488917335943,0.001459866569560082,0.00037745456717479925,-0.000583085114800137,0.00015942254071085933,1.6244180060499607e-05,-0.00035634447973182217,-0.0010788462564228808,0.00013641757348806976,0.4042390244826405,0.0007822035808551461,0.004205014479739158,-0.00011828501867202669,-0.000977231722783811,0.002589161049486629,-0.0008270035415555892,-0.0021615987858743715,8.375394326589348e-05,-0.0016193964632965786,-0.01477877032132445,-0.0012348037020521653,-0.00011349634051220558,0.0013464619933798907,0.0003791920847884397,0.0023488400020620585,-0.008658689574123605,0.0030336288166554056,-0.00022447833669626653,-0.0008522031197991055,4.068984501752991e-05,-0.001423120618314673,0.0006179042700272877,-0.005864165141705506,-0.0005042264020174848,0.0004043292041172402,0.009076765385643008,7.982303316772564e-05,-0.00012117394191969375,-0.0009804659553366115,-0.01927888181289373,-0.0017488226506370155,-0.00016528138245059006,0.003053716013896989,0.000149857197187896,7.438656801492857e-05,0.0008331473833562393,0.001466071423070248,-6.474221457736674e-05,-4.8323997646279354e-05,0.8785046746874762,-2.0906269584959614e-05,-0.0781870823709916,-0.0012719688869034266,-0.00011083443406160803,0.0005668294451374668,-4.390535887705861e-05,0.0001831300874923353,0.001053237580139699,0.0005208362511924281,2.717796165337149e-05,-2.2682503677592253e-06,0.0006068335513380871,-0.0010478697124380436,4.13798567837631e-05,0.0011949769523392534,0.00033688862697414754,0.0002201074823415844,-0.02691373775575001,-0.00029758206289417556,-0.008484326332420168,-0.002403052657849213,0.0005203682339753532,0.0009436857488595261,-0.00023543885377222233,0.00043020762761891815,5.6607383321217834e-05,-0.002601080059826465,-0.00046117836996981956,0.0003178307797850411,0.0017104028646721364,0.0003838511441836487,-0.00316618392831689,0.0001925358046507993,0.0012425549776408692,-0.001967879187478846,0.00906634448195375,0.00011857570467264152,-0.0020808918180169186,0.00029385509111262264,0.0007073365555999435,0.0014060723057162765,0.0019598144041193056,0.001035211994870152,2.7370229338750766e-05,0.000702917646498307,-0.0005222726028911,0.0005511348362539836,-0.00010625902070764925,8.593411712685224e-05,1.4015828202954385e-05,0.00016199926687835114,-0.00019483842261218233,0.0002772075707434445,0.00075113072615031,-0.0005097067070161279,0.00042006063408397964,0.0008213362669456787,0.0011167511653135211,-0.00935487873726348,0.00011752458754225176,-0.0003865244792118968,8.717464610556898e-05,-0.0030602728451344305,-0.0002295263731771903,-0.02759795078735223,-0.0006892971897905485,-0.00030261476748919165,7.373006402372148e-06,-0.000499399326994726,-0.022318673658242534,0.002114178240228019,0.000369102588160271,0.003767366141542102,0.0010796733735421748,0.046077989574157804,-0.005080199634871168,-5.5805948116253177e-05,-0.00040964795600833864,0.011892966915997732,0.001059650928571203,-4.1178143690750926e-05,0.0008000346550098274,0.006361850540094102,0.0005009063004693824,-0.0012691289374340946,-0.01244432429294175,-0.0007619891007492159,0.00041582409212386276,9.602734428874535e-06,-8.51250287753646e-05,0.00013606099800343306,0.002335350681041017,-0.0020821947345285928,-0.01311248061484384,-9.158398605415207e-05,0.00014570265359309473,0.17173187030721396,-0.03650626422271656,-0.0011051122207134435
280,0.09673784426176314,-2.3794015984485162e-05,0.00040225084584422435,0.00034230424926532006,-8.960812245437447e-05,0.0035114999474728237,0.0011933014573434347,-0.004217673532857333,-0.010247098225978302,0.0001803473361330979,3.787070504105566e-05,0.0001323035631441427,-0.006959191565309761,0.0013260084280881101,-0.00046227369408752966,-0.0005691333182186314,-0.0061070446886386034,0.00012370380676296477,-2.9374308074467392e-06,0.003298445469501081,-0.00034923832374162897,0.00019135274083002113,-0.0007913847177509099,0.0006411163203125271,0.0005213222383750778,0.0006585159128229519,-0.003029762320475869,0.0598957215237411,0.0031065170632216654,0.0008992740217963341,-0.001245696122706648,-0.0006155015354932583,0.000240846780919228,-0.013456290094249267,-2.750530472085417e-05,0.0002565673331435791,0.0001925295660662261,-0.0013576737381495174,-0.00018915628262934593,-0.013839079577519186,0.028965855308376268,0.00033674153991926315,-0.004861134101621943,0.01330847614593797,0.000258163884397266,-0.0004996726742405137,-0.0008666919747501818,0.016867711531307155,0.0006779096547041828,-0.0011180920177145484,0.0003379103401917813,-0.0003159998844887156,-0.00304628728128529,-0.0006876290824565706,0.00018493096304646357,0.017879809712686705,0.0022238406458787024,0.02636726000833132,0.0011796370538609039,-0.0003946724980155754,0.0028071477855013006,-0.01087640853992247,0.0007535394047124377,-0.00013404608933732028,6.663676255044739e-05,0.00375727418864908,0.00020989371996781047,0.0002767218602419564,0.0033930001548328702,1.4302234210331521e-05,0.0011641296768775504,5.814739468216947e-06,0.004624235605027986,-0.00024519636181129505,-0.0006619901006904001,6.456258816097196e-06,-0.00012068603213608942,-7.104409686802026e-06,0.00015741878024492324,-0.0038443901440003442,-0.00018738142715226506,0.01151153301249882,0.0007693577850905152,-0.0011391668175415003,-0.000569630346719923,0.00034568166896629254,-0.008086307729800499,0.0004681489847348421,-0.0004933458244490027,0.00011263507573287205,-0.0010670267886047505,8.574283287318007e-05,-0.00010714313817988298,0.0007623085580708707,-0.018563948463264066,0.00028424416681930176,0.0006394793665743194,-0.0015861505307102437,4.7935586765512515e-05,0.0013628691023348264,8.560790322270206e-05,-5.547001281243184e-06,-0.0023667930383109567,-0.00025645660489484224,0.003309861457368583,-0.02124994806814366,-0.0013397677671849008,0.006532778045697371,-0.007716475729799173,-0.0016772993699942585,7.846219793313154e-05,0.0001227150728394656,-3.159591942591099e-05,-0.00016559043892329676,7.541358820894019e-05,-0.003260308840931472,-3.864103125416425e-05,-2.7037063242378936e-05,-0.04969918901937896,0.006429801645451129,-0.0002599381092686212,-0.004695165846527168,-0.0002925909031781148,-0.023282922885965236,0.0012178383497382702,0.0011137810583382,0.0009309586278609715,0.004151899266231315,2.125093955363498e-05,0.0004188063244171625,-0.0009569924707206866,-0.0013562346075965967,0.00017857019587445258,0.003496090971408702,-0.008296157334035052,0.00031259131426874,-0.00022071283315841636,0.0023888027438587877,-0.00021149893634258687,-0.00016717340869515113,-4.837843557722421e-05,0.0005141340149058801,-0.0013029854118599014,-0.00359910196445908,-0.00983862199639659,0.00034984088560059863,-0.0006582397464616178,0.0004179902864892029,-0.001396615446288852,0.008577090065138206,-5.772358396618506e-05,-0.001745561233359835,0.004349167550697652,0.0005473987600515353,-0.00019704032489714076,-0.0008340694930223445,0.00012003892706266475,0.00048104005497533425,-0.002547351374886076,-8.859046251041272e-05,0.9012486961265722,0.0005328294641023118,0.003181171030898434,-0.00011632326794585191,0.00040544947023127536,-0.0026677296992234927,-0.004839730039178569,0.0012061299785668961,-0.0018989906959731209,0.0011616684721829206,-0.006890758608952607,0.0025294539313028283,9.107493034558834e-05,0.0017569523259617463,-0.0010521588997241909,0.003440194083219718,-0.00028324720794907607,0.001349190998040003,-0.00015361879810939835,0.0009804190129958342,6.454220017489999e-05,-0.002072647872313131,1.993354378856168e-05,-0.012947614699454916,-0.0011134006786667659,-9.056087767271201e-05,-0.008165874798240208,0.00037354599421160614,9.972207320863794e-05,-0.001831564485653601,-0.015150570662464736,-0.004076514173266633,-0.0005226270641698148,-0.0005005498383827481,9.643856927211633e-06,-0.00025560962969838064,0.03170376265208083,-0.006350133734044124,3.26622273090052e-05,0.00036477379111896123,-0.39810791350084634,6.741383975153621e-05,0.03793062422730863,-0.0018370097803992352,-0.0030706817341080157,-0.0020011123983946642,0.00026213634077059105,0.0005409638080030797,0.002472388833018568,0.001135295081463667,0.0015439586987717104,-0.00046709235488474887,0.00029774611879250924,-0.0007255859549018702,8.264828802656207e-05,0.00123348084693924,-0.00028805786830773017,0.00046066547628091257,0.007160399838620032,-0.0003757371800726338,-0.01543398018881758,0.0004580016691354264,-3.260407534637713e-05,0.00010818754053331867,2.6424971643473135e-05,0.00040615794793748717,0.00035792132526839705,-0.0011373344525979646,0.00024595380559334196,-0.0004544289252094001,0.002409445226053452,0.0005452308355114331,-0.0002738929935726933,-0.00010374635299169495,0.013746661804520097,-0.006687499747204189,-6.60931323744349e-05,-7.747350914850699e-05,-0.00023994519991797658,-9.25553347459352e-05,0.00013267715675233972,-0.0010343873346736927,-0.0026455538455107354,0.0007069942956946458,2.423120037339105e-06,0.000362642242439876,0.0002706146069149632,-0.0007771887521948627,-0.001172328361485705,2.1615882140525017e-05,1.779044833968412e-05,0.0003486639728606906,9.55634606766368e-06,-0.00011630347662164482,0.0002148903260760734,9.112511703647421e-06,9.792653464242053e-05,-0.00020361787228795683,0.003999790121695111,-0.0029736226985080695,0.008715871723355181,0.0002284965503221801,0.00010548535584559149,-0.004969686348550179,-0.0013683632415819468,0.012664977280460434,-8.105157071881266e-05,0.00017566540627639965,-0.00014213062210265088,0.00036855436933479484,-0.040074370654081426,0.0033950886995658854,0.00014955971462876064,0.0010883645851309685,0.003549344120171525,-0.0180808602556483,0.00027164605924381987,0.0004859791038012598,-0.0003492967480141797,-0.0042763109231416015,0.0009330544064880902,-0.00019557561370928817,0.0008824086769383054,-0.0011567863580246548,-0.0011142006769820731,-0.0013400189939412027,-0.0164567214372361,-0.0002510306055472514,-0.00022154957593174124,-0.0002998966107076329,-0.0004621941157208591,0.00048028952026779766,0.0012544430875000277,-0.004313283128639104,-0.03676160791373631,-5.7845656380410906e-05,0.0007297531593151276,-0.031222175681856514,-0.005644799288973769,0.001394703047952273
281,0.02057191317505365,4.068663330993776e-05,9.871190025618668e-05,0.00019192816951729274,-4.216549954504773e-05,0.0007316009364373673,6.04620366104645e-05,-0.0010472633974960635,0.0018062859517437345,-3.171203011045724e-05,-1.2505300535833527e-05,-0.0002080294238845275,0.0012532062117699646,0.0003496415183006883,0.00013943809546199983,0.00016182252615287284,-0.0002459777722278447,-8.531833061070204e-05,3.455988347726875e-05,-0.0022526378808810266,-0.00012588000595320503,-1.1886794350417923e-05,9.669748150270639e-05,-0.000895845552366957,0.0002698188237998441,-6.4440791131042e-05,0.0003421585467003592,-0.004808161908277599,-0.00034329492919085036,0.0002029924053642808,-0.0005847441318276112,0.0014179911291978976,-6.622582399520589e-05,0.0006483360835784262,-5.971507212830952e-05,-1.2789842058634167e-05,-2.6315782495140144e-05,-0.00014822884416412037,-5.799047562786018e-05,7.709766920098855e-05,-0.000654170917119759,7.284787247603443e-05,-0.0002371387036397397,-0.0002483965766582302,3.5099700358557414e-06,0.00015036200785149164,0.00016864367762663195,0.002146523123702161,0.00024197070365564887,-0.00037048131065113674,-5.420101321579069e-06,0.00017568472585136155,0.0002182029497804582,4.789815460983795e-05,2.4662007118502567e-06,0.0028347085335368874,0.0006311917695789541,0.004634566916512399,-0.00022498191250359172,0.00010128377840248762,0.00019950998485866706,-0.001000719228113579,-0.0004432522022668828,0.00025819768802323354,4.1170732215946045e-05,-6.118368609833843e-05,0.00037617291651776606,-8.718756123607928e-05,-0.00018327851997700589,4.778003885618702e-05,-0.01240773999629803,-3.6478421282109294e-05,-0.0005013213420002224,-0.0047058597540560266,0.0007838848014376699,1.7289055717416768e-05,3.7194439527533235e-05,-7.987698916824579e-05,0.00012033514629735623,-0.000687478051200499,-0.00652144912638457,-0.0013611604084931618,0.00023341906291810932,0.000374353922901371,-0.00717885189703308,-0.00019150731132870917,-0.0007179367525255421,4.084424555213153e-06,4.125253191253531e-06,7.404601951514246e-05,-0.00016504576918114006,-0.0002562373117818618,-1.3363726210329678e-05,-9.62432989880049e-05,0.0005491697474384325,0.004564085738616337,-0.0007985568023149989,0.0005590037283934948,-3.551556091633279e-06,0.0003276045401601716,0.00041443941375215163,-1.5908233418664088e-05,-0.00023740372758431145,1.6196820542183413e-05,0.00029803966264698085,0.0019382589141018049,0.00041924232479084126,-9.593183713519195e-05,8.5270940867253e-05,-8.073734681816586e-05,1.4780740967810157e-05,0.002204302797650057,0.00013334139123027337,1.577034316902642e-05,4.433337751522147e-06,9.783769579843431e-05,-6.227912440563795e-05,0.004167178028786191,0.01139349217459789,-0.00029830182361741597,7.421975040786537e-05,-0.0009138839301896715,0.0006065502377643251,0.9740273504342722,-0.0033509175965159813,0.00020493379699522613,-7.702743848411565e-05,0.0036652076544439844,-5.080008064826244e-06,0.00011406527168039319,0.0011109181108846,-0.0001609436821602643,-4.458344633486005e-05,-0.00023551973942107296,-0.00021027048411464684,-5.0177981552655064e-05,0.0001636335868280607,0.0006577424873022847,-0.0007896830104993526,4.942287533041983e-05,5.8292426891818055e-05,0.000533998890756268,0.0003875264818355045,0.16609636621638793,-0.0010332669814429219,0.0003212229392894674,-5.165535308544522e-05,-8.732005881083333e-05,9.937917772100176e-06,0.0006371868951467524,0.00032829124305692374,-0.0005292323918175503,-0.0012151971338246028,-9.116507846504417e-05,-0.0014665349353328219,-0.006160944951336849,7.525532588098929e-07,-2.015705636570559e-05,0.0003008836504130187,-0.00010239450545947844,0.030198892206871896,0.0003431266099358587,-0.12165451014131887,0.0003174801410910238,1.1841562423797568e-05,0.0002956510359014865,3.880690161628853e-05,0.0001846532890290193,-0.001655638300824951,0.0003094582461561458,-0.004348137885416783,0.0006134621255895738,0.0019988529259237346,0.00014861601018434047,-3.5079863999747426e-05,1.8713102989312725e-05,-0.00030529770951267154,-3.497609497564188e-05,0.0003099719847781026,0.00011897107170805381,5.0260900193973125e-05,-1.1511431238699527e-05,0.00025642283603283613,-0.0007256140714445547,4.751574843895191e-06,-3.973130172008955e-05,0.005796658562400469,7.013858585691951e-05,-3.366057100685814e-05,-0.0001741977889792348,-0.07641461095104995,7.910988804155845e-05,-2.7112249694695185e-05,0.002402391836461483,-0.00019797555074546895,-4.957245037073713e-05,0.0012529733598564577,-0.00022962847539864428,1.6682167262692263e-07,-7.400073461982039e-06,0.015572899177970601,5.149597028141287e-05,0.010391849340929418,0.00034319709795242335,-0.005038532928862687,-3.2759601389579116e-05,-4.52634000946006e-05,-2.8900694940291454e-05,0.00021852394934934163,-0.00015690719960161518,0.0005599832640206592,-7.098304337349305e-05,1.7922678118524463e-05,-6.209096782301422e-05,-2.1981132707166184e-05,-8.51568536691464e-05,-0.00011339581947770288,-0.0057662451026044064,-0.0017910920963694647,-7.818770877172145e-05,-0.001621815349412358,0.0007013056502893961,-0.0001477711381654004,0.0003532125479997487,0.00015680684777936998,-0.00022080395119942337,7.402002810621177e-05,1.8062289645229287e-05,0.0009763709153332622,-0.00012470572915513278,-0.001741709790547986,7.852601672890373e-05,8.02301807822398e-05,-8.802858560017136e-05,-0.01226669332864083,-2.8844620576629157e-05,0.0004549464626040099,-9.388211032091993e-05,8.445073897528523e-05,0.00012480724448381947,0.001187100301639663,-0.00019568771214518427,1.6834856372794802e-05,-0.000831258851123901,-3.7766415175975905e-05,-0.007848367993657296,-3.426005858700256e-05,0.0001260294873521767,-0.0002554013923376482,7.14648696411715e-05,-2.4820592654089375e-05,0.00014650348312073182,-6.236156438145307e-05,2.4542066749862158e-05,3.6674013017763294e-05,-0.00017622968978054813,9.662861038347952e-05,-0.005768442761570031,-0.001158784598356492,-0.0007212875458397694,-0.0031774738030216276,-0.0004721626748789167,-1.2356005385585575e-05,-1.0813467649034873e-05,-0.0016766406026228263,0.013403280401009998,0.0027905248795609045,3.3369774566637065e-05,9.594059112884702e-06,0.0010267336757202915,0.004051944993668791,0.002145898021175139,-0.00010417869582670517,0.0013040260321520096,1.5072732801670128e-05,-0.0022827398629785495,-0.00592202614628855,3.3606262142137658e-06,0.001287716081239137,-0.0015760678917787659,0.00015512205962333648,-5.0397000642678224e-05,1.621882710827938e-05,0.0008485984301420174,-4.388281137564316e-05,-2.7332283854211815e-05,-0.0015289324651576086,-7.409769944257223e-05,-0.0037961048762623203,8.346257122966434e-05,0.00010702641222338721,-4.2026333261889134e-05,0.0034988033110692532,-0.0013637950880050769,2.6729809689864928e-06,4.327360058027001e-05,3.093236577661517e-05,0.002503414734656599,0.007881516009791227,-0.00028521165435917335
282,0.9065842958383389,3.085928152212619e-05,3.4110144030508396e-05,0.0002315135921477458,-0.00016168186600243328,-0.0007296032807283742,0.001019738005378388,0.000519740344786435,-0.0027396505241642187,-9.771443038751604e-05,-7.337181476080312e-06,7.51845208079513e-05,0.1824603532214403,0.0006860081678073601,-8.453063158874591e-05,0.0011827886695036718,0.016899511044864084,-8.423377833431667e-05,3.125779230522818e-05,0.07004682644896557,-0.0005253049316769551,3.168993235801165e-05,-6.341384953667539e-05,0.0006110569985606704,0.004427986786084512,-0.0002899443829260523,0.0019257998073249766,-0.04951688453610884,0.0001247244162385329,-0.0001226582359772875,-0.003992647538490578,-6.914310102991992e-05,0.00016825109698421527,-0.009221641568406979,8.348940820476422e-05,0.00017904041647741776,-1.1328014912699233e-05,-0.0007182875730602271,-1.2072283869271638e-05,-0.003139774638377029,0.002710265711365725,-0.00010839352355682943,0.0036229471847957434,0.008766446549474054,0.0010538153492637078,-0.00034241013906835576,-0.00045638684290541173,-0.016074847752391746,-5.806505163902633e-05,5.053883825339696e-05,0.00036328154445129223,0.00029431983972391575,0.00010625109142506904,-0.00016607721745746581,-0.00035225109098326046,0.06288965546214619,0.08690443952171752,0.005377936427155836,0.0007539348200128824,8.166444443128557e-06,-0.000607073006554731,0.00104253227614477,0.0009471726169244484,-0.0006599587847696637,-0.00015969672333796675,-0.0021777868282948786,-0.0002880642646092124,-0.0008767785620066652,-0.00010565806997734317,6.433221012732554e-06,-0.0021220672954207235,-3.743852088223653e-05,-0.0014077224716218108,0.00038248532256098303,-0.008930854110969742,-1.0733437790458149e-05,-3.1921629495352405e-05,-0.00027924814792473253,-2.0135337135829788e-05,0.013054848065222401,0.0012788816904415153,-0.0025285472553990412,0.0005729202605429702,0.0005347537419094054,-0.0031443549857579707,-0.00029454045961642677,-0.05021993690967444,-0.0007096329428839254,2.466802758606298e-05,-6.51753215457837e-05,0.0005365893150351196,-4.626486799561057e-05,-0.00017610454508065754,0.00048199308078559003,0.04575512151674802,2.912645479396722e-05,-7.418919742070186e-06,-0.0002388648720094296,-5.0555946955486986e-05,0.00013455371932687293,-0.0002375008543182523,-0.00023184417954523646,0.0007125954597391898,0.00024738371077469463,-0.02927753141055897,0.00786774119101769,0.0003629449556785784,0.0027091923891581944,0.00041993280659163206,-0.000555746745660187,-7.059923467125917e-06,3.1152483722693414e-05,-0.0005231056606747036,-0.00012469170025201232,-2.907637727558865e-05,5.6120578140424204e-05,0.0009303547775283993,0.0034526787983790645,-0.049330861840628376,-0.0011371497870551854,6.389644102232665e-05,0.002242159369002572,7.285493308362883e-05,-0.014680919056164251,-9.025512232645194e-05,-0.0010777730263139926,-0.0012383915796516103,-0.033996745995248094,2.102070183509705e-05,0.000575003876781039,0.0006677621884116827,0.00020927623924117623,-0.00013417621337692568,-0.0006167841001460195,0.0003369459475001109,-4.087171463598195e-05,-0.00024698007461263806,-0.0028250315653274276,-0.0001969630067339673,-0.00021211191473556427,-0.00020065888520974496,0.0011507186782200533,2.8436262093369228e-05,-0.015909651851065295,-0.006102677328002798,-0.0003018502342303959,0.002117141577467372,7.684537542607779e-05,0.00010056676020854353,0.00161975358744113,-5.3286074743553406e-05,-0.006301422533795273,-0.017515905017176363,-0.0007487456056631014,-0.0008923897477900399,-0.13114923789872052,-0.00019975888274985365,-3.124651961149377e-05,0.0019049647425697742,-3.610172868666068e-05,-0.049096710909787226,-0.00014340063664373856,0.004046261125259264,-8.30013761632803e-05,-0.00012109883731185444,-0.0002548302232929893,-0.002943592289576951,-0.0005950925254479371,0.0004972002109442993,-0.0008631335791963687,0.21901489932794432,0.0016465175222086983,-0.00020815820029658982,-0.0007111958480583956,0.00021131635544160976,-0.0004250099532968765,-0.00011115695415758446,0.0009850340464632535,0.00010198669880531123,-0.0023775478605916173,-4.818804253924058e-06,0.00040902692339020354,0.002026036299527441,-0.0024160979245889426,-0.000641571210995541,-0.0001563379639343259,-0.09261193435740314,0.0008309700591633659,-0.00023292603819327282,9.826631274024642e-05,0.019153399466717718,0.0007230306596364439,2.5592943012429925e-05,-1.3709331831601897e-05,-3.508959760860093e-05,-0.00027107885756066236,-0.029344240378437622,0.0022862346139478342,-0.0004888504203294209,0.0006418755637093251,0.09207752690451007,0.001173610595325801,-0.00584543120752423,-0.018857629859289925,7.494930580131333e-05,0.0005246565766737708,-5.7933329958535784e-05,1.6035809317585786e-05,-0.00010358472819358252,-4.825117650799249e-05,0.00032284908539962145,-1.1306306422203573e-05,0.00020988418712183915,-0.00025002675280835513,4.9856152324001535e-05,-0.0010873607955474629,-7.77175720068691e-05,-0.00014633012522629382,-0.0963804145548408,-1.0584227727736956e-05,-0.004379833680217063,5.920466912790053e-05,-1.7393193468872963e-05,-0.0020861847034788824,-6.222748869705693e-05,-0.0001936896000169678,0.003768205483134566,4.5250709322364776e-05,-0.0010921622466556146,-0.00028476909801824265,0.01547893734028494,0.00010319978653747816,-0.0009754074181508956,-7.381384370733422e-06,-0.027989090962141465,0.0027245773680659334,0.00016387167525946673,0.0003056822094301484,0.0005192300371651118,2.8724653470956103e-06,-0.0004268857145842295,0.01938823455320513,0.0017159272871566469,0.0014646422004900063,-2.002455852078734e-05,3.47958255779857e-05,-9.343988631806351e-05,-0.0015528098066873047,0.00035873435448320525,5.17179798547639e-05,2.2826270633160076e-05,3.679166086258123e-05,-0.0003413179355066068,0.00024373210339270063,-1.5649248072648753e-05,-3.380329067101704e-05,0.00033896465174275414,0.00045286035878901697,-0.007844981450564944,-0.03252459519032091,0.018224418789010193,-0.0015995548338364072,3.195479914837318e-05,0.0002247554070753813,0.0003777136928339002,-0.0072815779564018215,-0.00017657053841403075,0.00026916703846997445,0.00020658246395364712,-0.00036361540669642526,-9.35834739582012e-06,-0.0006871042697212293,-5.139430775307277e-06,-0.0006343008403803616,0.0036491973710925576,0.061735206112858744,-6.752088232218336e-05,-3.7686036340675577e-06,-3.947522272247422e-05,0.004353184100450709,-0.00018868072413617592,3.8443443366651536e-05,-0.0002814857056525175,0.000748063646049441,-0.0009427705424869262,-0.0023432146787308043,-0.014601375818712816,-0.00013323193871070155,0.001070283352423318,8.173780490411571e-05,0.00021304319415017814,0.0001929218798022731,-0.005552832618244261,0.00015254104366916807,0.008481955822200203,3.252212417294937e-05,-0.00022900942088073615,0.04734697449510199,0.09920431648116443,-0.00021561630722359218
283,0.1263450822015769,3.635838840707756e-05,-2.596375756869218e-05,0.0007147257229283299,-2.934235983916857e-05,-0.0005447984939632158,-0.002672888076917802,-0.0007177700900175333,-0.003947074475781879,-1.1267375983987351e-05,3.825576195343183e-05,6.795964593511706e-05,0.02127489390033234,6.267249335826152e-05,-0.00015058920689077016,-0.0007557106584642277,-0.01341739974005133,-5.012545658043474e-05,2.301697625617643e-05,0.009532192436581616,-0.00014552218202208266,2.156372122776029e-05,-2.574855196180604e-05,-0.0007581435034251412,-0.03645470265777053,8.071340421030807e-05,-0.0037559880037574874,-0.005101716854992366,-0.0019802996983468825,-0.0003214827566879498,-0.000835583197585405,1.569355789263942e-05,3.262771890369159e-05,-0.006120292075615946,4.34057840960414e-05,-3.0327382113441714e-05,4.576358434889988e-05,0.002763041474665574,7.476142274651749e-05,-0.0014966508340188698,0.00039454935917715254,-3.23693568045575e-05,0.00046560649291137873,0.03757253476292226,1.0566516799524914e-05,0.0006513976851737209,-0.0003481029229875014,-0.001791853509108168,-7.019477259361144e-05,4.761106765509022e-05,3.471804453357473e-05,5.373480281420823e-05,4.2686451294815e-05,0.0003462737871666032,-5.03193876436373e-05,0.0054072511512623395,0.010535847895173901,0.0034626838449058226,-0.00010170544402804475,0.0001440615286197938,-0.0013878180271104247,0.00070376975832586,0.0011652539673422516,0.0025608798784513905,-7.324211878334368e-05,0.0009165157903785588,0.00039369169394422163,0.006824280846757044,-0.0011510253526849123,-3.346635681515707e-05,0.0012078632279153572,-4.6389782304427705e-05,0.004013291282945877,-0.0007757780339384217,0.00028499003023133886,-1.2856658812810187e-05,1.3008657011742003e-05,-5.780718563826214e-05,-9.7020732798778e-05,0.006334018261066285,0.0002125088977853182,-0.00014175339802118426,-0.0017864213441771476,0.000641163334150071,-0.000706921483819261,0.00015971539333206435,-0.007588554786041426,-4.730996895328365e-05,-1.74309063102697e-05,6.699326851411155e-06,3.8826217098843796e-05,-4.3125075704469445e-05,-3.7050875706629016e-05,-4.559540527805336e-05,0.006001194663810987,0.0002461959121998281,-0.0003075149206980673,0.0005996774306632831,-1.4318102568912057e-05,-0.00011354355408129584,-7.835341662591625e-05,-0.00020849227619897234,2.359905801810466e-06,5.1783036846952697e-05,-0.0026780638971392948,0.001111963001663968,8.142103423695965e-05,-0.0010949204128241803,-0.0004989414292732035,0.0007293774256652402,4.0636348600798546e-05,-0.0008084410610136275,0.0016162575810942576,-6.509612358946218e-05,-5.6998006651628845e-05,-0.00016338974327930806,7.894343571082444e-05,0.000316019259550957,-0.010729403148287662,-0.0011467223287395909,-1.6929214357528635e-05,-0.0014149426688310476,0.0004630470702528459,0.003385961785308839,0.0030189395237938178,3.1194358800480876e-05,-1.1940660745920378e-05,-0.0015348711815921204,7.136917557546904e-06,0.00014150476077476337,0.0025173791151840343,3.192366752578508e-05,-0.0003248933563063379,-6.7534143611788e-05,0.0005853847325365726,0.0003274091119537045,-6.646003576937733e-05,-0.00013882565345290677,-4.013254479260666e-06,-7.726287333593117e-05,-1.5099563319907836e-05,-0.0010551463601229712,-1.5232350642062036e-05,-0.000543710845278644,-0.0002828001896923141,5.8725740838379715e-05,-0.017980312767718644,-4.765016928295478e-05,0.0006872854226404577,-0.005725513922089024,0.0001636416584002383,-0.0018022910910934125,-0.0032827268491730215,0.005051396159370095,-0.00014606331966990598,0.9837547629319271,-0.00026136486827077455,9.045899164036907e-06,0.000533874521940707,4.6175022196856845e-05,-0.005379638007794452,7.477509651769938e-05,-0.000574075621341893,1.4063028693870987e-05,-0.0004082578036764938,2.034412864386102e-05,-0.00358677680074683,-1.2365450954103779e-05,6.356905708506625e-06,0.00010009465932010519,0.014644581182143502,0.00010236009170263996,-0.000650294731861476,-0.0004944372343335806,2.7801178103360226e-05,0.0015927626425734271,-4.501392032364207e-05,-0.00017798965308989697,0.0001166880834556167,-0.0010989865611438512,-4.693768260548986e-06,5.520152444863486e-05,0.00021742391511626186,-0.00078467446026982,-0.00012182410736468656,-0.00011758604124390871,-0.0013997207218338665,7.480257156095623e-05,6.728850057199551e-06,5.113337990578432e-05,0.002061755347915673,0.0001951992016452337,4.420015888752932e-05,0.0023249349954894078,-1.3870955980585086e-05,-1.4695746453534733e-05,-0.023084220892142335,0.006876502692517249,-4.2671609411223076e-05,0.0006829006583515428,0.011654431333913199,0.00028910299545835985,0.0013179289638300237,-0.0018697494428272848,-0.0001760961657141251,-0.00026867814246130827,-6.639453914373985e-06,-7.155352594445706e-05,-3.219352888062546e-06,-5.724860814252536e-06,-1.704356300198423e-05,-1.4977899125659562e-05,-0.00020180469890151547,6.122947653393665e-05,-1.550902076817226e-05,-0.0012370177365492434,0.0004480924686114232,-8.025148738276494e-05,-0.012757612997593194,0.0002421985615788997,0.003526514966266064,-4.842308920883804e-05,-3.808630510920017e-05,-0.000224839265904354,7.717939254912957e-05,-0.0001583375915534288,-0.023678064743515647,-0.0006263835237161639,0.004921521806353412,1.7137370876572043e-05,-0.09273171381269348,3.1865678751779453e-06,-8.006538358905661e-05,6.818364510670263e-05,-0.02003276916438363,0.0002945527120277392,-0.0007319456501486206,9.823572440586289e-05,1.8582804818173808e-05,-7.901639527191571e-05,0.0011174480224479312,0.002056553490085881,-0.0001541544110432406,-0.00024403594463332515,8.823384339904337e-06,-0.0003699623538208496,-0.00010222893640514364,-0.0002243934639447005,0.00017708917443928318,3.392300067716356e-05,-2.6175945558790797e-05,1.1511064674116247e-06,0.0006109545578234477,2.6754760849727007e-05,-0.0001489834545407903,-3.336544828573025e-05,0.0001225329894231858,-0.00017442983826133988,-0.0013634360423690293,-0.0003978324469371755,0.006601382186770993,0.0004788521441716942,1.0471339650895695e-06,-7.811283670039904e-05,4.6748067776172905e-05,-0.00011422815323168547,2.0778517825499436e-06,6.563723632150193e-05,6.945467682465149e-05,0.0014558261493903173,0.023771448554588712,-0.000189403938674511,-9.900915946000393e-05,0.0005851161559959845,-0.0014939297085555926,0.011959076945936672,-6.00983910839549e-05,-0.0001225139495337673,3.4286069803856397e-06,-0.00023585657992110094,3.989277588769397e-05,3.949048332427328e-05,-0.00038637032907801937,6.485040238474627e-05,-0.001468718314137889,0.012851481821324996,-0.000348927873534089,-0.00010101112383472522,0.0006408173967244269,-8.401569984833315e-06,1.867700885171096e-05,-4.5267268280416856e-07,-0.0009259736176540556,-5.0117896241834675e-05,-0.003545464905252117,2.4651098429186342e-05,3.373311335413536e-05,0.006466523267642406,0.0013153440980799948,-6.680258095627549e-05
284,0.01020726565003515,5.9972776083202194e-05,1.0205406240297804e-05,0.0003392167370491468,-0.0005139298239291303,-4.598775067902463e-05,-0.0005922951588672717,-0.0005167845346253302,0.03444952615708237,-7.562761738710432e-06,-3.4763161306716403e-06,-0.0003898618364804559,0.005649098639495309,0.00010094051532309278,-8.492889121715025e-05,-6.464275047875847e-05,3.229134081716948e-05,-0.0008504150255934176,9.109371370299967e-06,0.004923287032422441,-0.0007552697692215561,-0.00016018827803528427,6.657797311830215e-05,-0.0008853024466820175,0.00012089066940985531,-8.778749614362394e-05,-8.116036213523672e-05,-0.004931029427428903,6.556516736317157e-06,1.7495468147622902e-05,3.2833993055520155e-05,1.709545065707699e-05,-3.887443848242251e-05,-0.0001357132763247538,2.0650778763394578e-05,-0.00026314719720234585,-0.00014750606930469343,-0.00018030907531131737,0.00013908915764144407,-0.0003751549175284461,0.0001809350096176003,0.00018475231277576736,0.00017913229500515527,0.0008937872613087679,7.826800944226369e-05,6.332055512585995e-05,-0.00011159807675441063,-0.00032448492460682545,0.0008839765050270944,-0.0002766015678268594,-2.09363183834517e-05,0.0005115163862173792,0.0009331848608943212,6.580263763030533e-05,-0.00010927740911083556,0.0027909543182965254,0.002362688949451205,0.0010291796838628044,-0.0008526365886511522,1.2164933503200793e-05,0.0022900810211508517,-0.0018420009310759465,-0.00033182771527681877,4.996223530709806e-05,4.108521065459506e-05,-0.00020891049339273647,0.000760751085503329,-6.0996631233296485e-05,-3.4541688903190414e-05,1.4398903298524189e-05,0.0022691458954216624,0.00014477057863509428,4.2244850668598534e-05,0.0005889599462473064,3.8329783319802826e-05,3.211967415669287e-05,-1.0806243524308281e-05,8.539998902791978e-05,3.212349008716725e-06,-0.0005367725017098473,-0.07399337845101726,0.0001438278891333144,0.00010962350507820625,-8.756025897514783e-06,0.00418831190678744,5.88723634856376e-05,-0.0006720267734050991,-1.63500205798456e-05,6.463972535179714e-05,-6.527317133849918e-05,-0.0005970736488822208,-0.000345307460849278,1.4708728108595547e-05,-3.521989404622677e-05,0.00030862785632359874,0.0002640265979100627,-0.006665984754012849,1.3838307475671618e-05,-7.395090584533075e-05,1.5271552941862768e-05,-0.0008230936504399051,-0.00021417134515139117,-0.00035120274511443505,-0.00011953062677479533,-0.0009582142313039789,0.00057830928843238,-0.0015721063209150898,-6.725812127020838e-05,6.001675100675936e-06,-0.00037504025036493146,-1.223429792039047e-06,0.0004851273855117228,-0.0007863399146469834,-5.9337151972764686e-05,-2.8034605988610552e-05,-3.6191014291716187e-05,-0.0005298050401592694,0.008539055856725215,0.025037285043255458,0.0010128632482338958,1.608973102244169e-05,0.00023486592838443306,-0.00018299904859356606,-0.17827470497966735,-0.00029729971283490054,-6.308649272601208e-05,-0.0006174307484515476,-0.0005580790645801979,-6.849514896309708e-05,5.336956406776791e-06,-0.0002292168332189623,-0.000491116342592768,-6.533494565586168e-05,-0.0009667384604845977,-4.758490295502264e-05,-2.4148409624572204e-05,-6.298616764706649e-06,-0.0003678005037251247,0.0036381410685884514,0.00024092312957000846,9.422494707863466e-06,0.00023565963699918955,0.0009799938037336534,0.9753621395125617,5.971555634749014e-05,-0.00010393413606127994,0.00013816582623034165,4.241225593790612e-05,8.754966364594949e-05,-0.0001184606044894119,-5.134674476196203e-06,-0.0023916884243865046,-0.0006391633335890112,-1.5246894064342413e-05,0.0006584040602104549,-0.0001852076775405649,-7.501950760112558e-05,1.0817712556251574e-05,0.00012208507369095614,-7.723923071953893e-05,0.0018281388746356282,8.571843233746866e-05,-0.0915529011162291,0.00015282366670277975,0.00028647789121899236,0.00011412623131269469,0.0004456206908790606,0.00020813747865338532,-0.00012133369647930928,-2.1467315569682205e-05,0.0077708648393081696,-1.886248078643033e-05,-0.0002855735451003287,3.419409370844853e-05,-2.221466437495132e-06,0.0011582000203811445,-0.0003151313146542219,4.230174094474492e-06,-6.01887311199354e-05,0.00026492958274660196,6.130944013542187e-05,-0.00041556503519888505,-0.0012684757287378034,-1.251528462300935e-05,-0.00028684452772045725,-0.00018757614549432412,-0.004250684659634853,-0.0005349226364541091,9.251099997820622e-06,-0.00011099555697813616,0.007188591025010276,-5.750914622780284e-05,6.818321628157282e-06,-0.00020154143439370543,-0.00015909492022921534,-0.0002837181553310298,0.00698248526357598,-0.0003625335885000196,3.693382559273497e-05,4.3263389149066306e-05,0.002515754885937652,5.441499716990917e-05,-0.0025992985519400344,3.140765511703246e-05,0.0010109272291053567,2.9799532770408984e-05,-6.0982889847032546e-05,5.589598030480243e-05,-0.00011277305320239479,-0.0010474281837859426,-8.957247611364297e-05,-9.367549294038424e-05,3.239581672201278e-05,-7.330479195700838e-05,0.00013236818574411356,-6.42684288126053e-06,0.0001719920832872148,0.0031948914247380026,-0.0014849136774977333,-0.00015730260328235366,-0.0020653572123545297,-5.073426136385003e-05,0.00038920850628351207,0.0002456393148370134,-0.00010764313072973872,-0.00018730073311290691,0.00012825246059478663,-9.765363642778407e-05,-0.003990301501431289,-0.00034218550943449053,-0.0025235756644048485,0.0002947065291941062,-0.0006245054120513218,-0.00036040653562401836,0.001580042713615408,-0.0001355216397155132,-0.0002720515989303293,4.964002212609663e-05,3.276898732762192e-05,-2.0900667376465797e-05,-0.00021045144820265246,0.0007803821530688605,0.0019885044020421937,-0.004984478451385581,1.146554070276468e-06,0.0028996877944418025,-1.1483879623795414e-05,-8.140878972928039e-05,0.004359583417563982,-6.516587107486095e-05,5.343696396778886e-05,0.00030601799769985454,9.754323811522547e-06,0.00018664237085117604,-0.00011004235697746698,-0.0003244022156598781,2.5805610808748037e-05,-0.011441134428234809,0.0025537673936167045,0.0001701524889726365,-0.00443315209551226,-0.0010161353402793794,3.727220534707602e-06,2.0347405231081533e-05,0.00020693684062668102,-0.01210102510291605,0.0004963132124067887,4.534526505639916e-06,3.525472695957962e-05,-0.0023943345278248465,-0.0002386209253046452,0.002250851193676958,-0.00014135500438631685,0.0002868522024578468,0.00022561142231921185,-0.005705042555423109,0.0012446981823833808,3.731800807179253e-05,0.003660668669121507,0.0002471796926000148,0.0003146869272803641,-1.938920467067437e-05,-5.327611307530586e-05,-0.0003189461587625839,-0.00022778192588076413,-0.00010002863773726987,-0.0003188570506408784,-3.35322885066058e-05,-0.0007375397537089567,0.00022711499950966258,-0.0001711483301844552,1.9593021475831137e-05,-0.0006562670117085546,0.0007475481052208863,-0.0013293067948423666,-0.00011283452157428617,8.139886325362803e-05,0.004245026667210258,0.011884546568227305,-0.00047097262554711444
285,0.005764388917666049,-0.00011896584371952411,0.00019698042144985833,9.085106126816993e-05,7.30601375172831e-05,0.0009586374069346809,0.0013941139779477883,1.9724242723915284e-05,0.9943050136465296,3.4349581061466337e-06,6.972595629707189e-05,5.460711613418487e-05,-0.008246567580178419,-0.005821239849374816,-0.0004444315865124156,0.00026985973126373403,-0.0008274558196316054,-0.0009560190678519434,0.00022300484134603473,0.0015062297951764709,-0.0003297869083117973,4.3413273305964936e-05,-0.0007638637785249935,9.910259417694472e-05,-0.00023417123392029771,-0.005489076409594993,0.0005869330288217487,-0.005592285587058596,0.0003232482558635754,-0.0001606111090605438,0.0002152732452208691,-0.00043147357298623364,3.565821484431881e-07,0.00043881107206583843,-6.312085529860956e-05,8.853178490078606e-05,-0.00023145456164519462,0.00035444946181913974,0.00011639937293880971,9.32198322421765e-05,0.002255747958581116,-0.00023613820374335584,-0.0022618875550215137,0.012473867216045681,-0.00026933859316122244,0.00015957421824234694,-0.00032670550858613506,0.00036091644626051744,0.0006155665611033284,0.00015682278491890118,-0.0003910277218492821,-0.0031842276347642095,-0.0003520018141621931,-0.0001211484765466335,0.00048764145331804676,0.0012460439294017037,-0.00048115305201790887,0.0003731663904952315,-0.031282255883725824,3.166949377791939e-05,-0.0014544299003734296,-0.058726476769130745,-7.555943270252333e-05,0.0008798166890305601,2.449658184497383e-05,-0.00024348643261141263,0.0007350208958114057,0.000158529348325154,-0.0015222538747409744,9.717507931680802e-05,6.305747179895238e-05,8.92560733864213e-05,-0.002052330208958729,0.00029285488016792417,0.003491404901897723,1.766986803319881e-06,-4.6288439300296025e-06,-0.00037310653094499435,0.00016600771034669393,-0.011241556852845624,0.0028249643507844806,0.0006651410995036112,0.0006174653642247417,-0.00042987258474296366,-0.00025224059742877825,-6.412782069529534e-05,-0.0005262822282930957,5.0532442005854494e-05,0.00034898423067045506,4.5233604566707886e-05,-0.0005870344711132007,0.0006384856608361046,7.89020353001435e-05,-0.00048264630245035967,-0.00361342939459843,0.00021706555419138962,0.0014330236655471405,0.00010997148447906141,-6.234489685352784e-05,0.0001887530613512707,0.0002627568637132251,-3.1109182968332844e-05,-5.874057518993328e-05,-3.763158578186376e-05,0.00209333801331002,0.0016842882800751982,0.00020817796401573913,-0.0023879793352833056,-0.00036424678724684446,-0.012497543108133754,9.843684488886062e-05,4.4620349939973256e-05,-0.0022601452006664295,0.00015766900748553914,8.372608986012553e-05,-0.0002973970093026817,0.00014239447999133195,0.00011329862979907873,0.025537726143301014,-0.004775968392381298,6.637425994402216e-05,-5.9145869093979106e-05,-0.00021431504823575184,0.003402223242000129,0.00485816594399288,-0.00037704432603870297,-0.024695677156744467,0.0021112568412227136,2.785259718229849e-05,0.0006684547077338149,-4.0163324459338914e-05,2.6770421952598475e-06,0.00010643904095577333,9.462085398886195e-05,4.272441272564972e-06,0.00042666968892831475,0.00020261671128639358,-7.318515491722133e-05,8.015883622055839e-06,-4.912641319920795e-05,-5.9041673740774236e-05,-0.00271341608351525,-0.0010418302312155032,-0.035273120474205694,0.0032391705675705582,4.603208306017126e-05,0.0005383966664435614,0.0005112867538340019,-1.3623790151610579e-05,0.0008100290230540225,-4.711971783923595e-05,0.0032330034403021957,7.4151397139697595e-06,-0.00012446947939056836,0.00018769337344599554,0.003892385307612594,-0.0014155135812396608,-0.0011042329854574519,0.0005776373314751778,-0.00016567233979252784,0.01371449974957073,-0.0007949944099859623,0.0034729879227703916,6.913668117319166e-05,-0.0002570273791045229,-0.0036423520017414973,0.0009931956580427831,-0.0004687917844825168,-0.0005421911726416579,2.848665218190688e-05,-0.003354419892777738,0.00010156059459227873,-0.001414915425369443,0.00019301579630777443,6.116134472155393e-05,-0.040988092116581464,-0.007686348327676281,0.0003634107522264879,-0.0002692885717177837,0.0027216141690236464,2.84577265237812e-05,0.001047539965241753,-0.0008591552965024479,0.00029132826426614064,0.00015285802128228027,-0.00011352988460908153,0.0003334126624678635,0.00021571097876369946,0.000100859113309891,-0.00024452126950277615,-0.0010412853376223427,0.0004106727575426995,-9.409072834712373e-06,0.0002629490001723189,-0.00012167049050509915,5.738532200448565e-05,0.012368025798575892,-0.005297290719146738,0.00014228206245148894,0.00018897527956033416,0.005370084261985111,6.516382026006129e-05,-0.010411860270728629,0.0005759545729440846,0.0004360607414932542,0.0002165787759708538,0.00020801623245102902,5.215202967791266e-06,-0.0009409411386997893,0.000318275904673961,5.23497418306062e-06,-0.00021175875069313378,0.0004874859787762139,9.930311348160976e-05,2.1871714420584887e-05,0.00013616190361555953,0.0004200353666769283,-1.7118448436690553e-05,-0.000972307341077977,0.00010774161845138533,0.00033450015473290157,0.00018829136800788994,0.0001194898425649852,-0.0021180752485399773,-0.001350614544183285,-0.003938634008481299,0.00012432012602243189,0.00015016479325902384,-2.5328588394711235e-05,3.6746893138425024e-05,0.0004479580589323391,-1.8522371262548465e-05,2.7754797307932844e-06,-0.00023102330185130514,0.0012051588306551606,-0.008776047230582229,-0.011001002279939994,8.107528714985934e-05,2.672291464831788e-05,9.383164126493607e-06,3.084481291973362e-05,-0.0005373863950829481,0.0012657923357914658,-0.009507016230828167,9.767719135882896e-05,0.00010765233836019118,0.00011845931855354082,-9.314444091239327e-06,-0.00026371153803853454,-4.3832087749107185e-06,-1.8555040822973434e-05,0.0015750155057421365,0.00014541551228564476,1.8364431842221585e-05,0.000643939534582208,0.002492839660075278,-0.0002881562073067667,0.0004679509435599272,0.00018159416412562301,0.0016463763736259125,-0.0001428205518311937,0.0012527914533443443,6.584371827911967e-05,3.89182772969187e-06,0.0003398265070941398,0.0020312255435039183,-0.0012560773927290485,-3.614906574024579e-05,-0.00027412402014638764,1.0504865223095149e-05,-0.0002139071569482074,0.00040146388982699953,-0.003477871066569955,0.0027148528719661454,0.0005077348070942553,-0.012075008038569694,0.0007285240287749923,-1.920988486005075e-05,-0.00031985211253719465,0.00038601278382299764,0.00013908331327529971,-2.0674376668416983e-05,-0.009137206499020232,8.148367664460084e-05,-4.340498238567317e-05,0.00033619721947797615,-0.0014085072608376447,0.0003478750305377079,-0.0016659368618834186,-0.000200604175110395,0.0002104384143289794,-0.00015294436210935847,-0.00018905426458441787,-8.67321949133068e-05,-0.0017606438377369867,-0.00042702971260156347,7.059590207510766e-05,0.005175945880633373,0.021008014271088265,-0.01470799696669343
286,-0.09553408020197954,7.554007148550396e-05,5.9359692904475264e-05,1.6216601287532238e-05,0.0003182242786931664,0.0002464420853225558,0.0028793685281912583,0.0002901891846904033,-0.02830280090719589,-0.00010276316063149125,-6.196336192586423e-05,1.6102793155744685e-05,0.017674145794480726,0.0024931908916009486,-0.0005675324224143786,-0.0017876975557567223,-0.014015446904362714,0.00016177591433277558,-1.3985765724588116e-05,0.10938868482301849,-0.00034945974957166937,0.0001247036954261406,-0.00014259340918994657,-0.0007311442704722045,-0.002922639893441017,0.0003816449565769519,-0.004230600488239243,-0.04828910657915453,-0.00017820124222221083,0.0007522662303985515,-0.0018776540202040618,-0.0010286620783167295,-2.8349954739071218e-05,-0.022752629125274364,6.529857214888739e-05,0.00034082188167098,-5.740358403038886e-05,-0.0002720979533626893,-8.474042819716591e-05,0.0050075289753666735,-0.007590336052929657,-6.947148351637948e-05,-0.0002361765070757083,0.004196622568505654,-0.0001171952390573959,-0.0005574494465326875,-3.889321457306062e-05,0.005125193824305356,0.00040382626204408004,-0.0014176815281381236,0.00012313996517050903,0.00029106809101490434,-9.285866518741342e-05,-0.0004504595179592062,0.00010869472954553976,0.13972324260244676,0.026746680655746827,-0.032998730345542134,0.0030380591613525646,-4.2869195208999206e-05,-0.001064001616133029,0.0020035630545407928,-0.009534187009922946,0.0009379043017840619,2.4027948514039263e-05,-0.005529328433402112,0.00029640629358269183,-0.0001885174523007905,3.959401585953314e-06,-4.736148497641243e-05,-0.0024809112456178678,0.0003215844931851739,0.003590693810631537,0.00032322842560003596,-0.007599486778267597,-7.496540149729697e-06,-1.2286341298382158e-05,-0.00036597650062259336,-0.00020893975440148703,0.033242921810486985,0.0015202181892565554,-0.007001017509514107,0.0004947993565718627,0.0001548122001852339,-0.0003957955985924611,0.0002432182095936505,-0.0016866262201240788,9.264466346712436e-05,0.00011937386674263023,7.439499144134068e-05,-0.00040733282122853737,0.0003040519459831425,4.17264276760497e-05,0.00037080539433968253,0.027530391018188067,-0.001725222992294414,-3.952356000926663e-05,-0.001151629209963378,-6.593841817113463e-06,0.0004556507911804506,8.976876317274987e-05,0.00018134349448685038,5.22748303001851e-05,-7.440118612823954e-05,0.003980558201027571,0.015524277600812392,0.00042404767700974545,-0.0013142220733555773,0.0010593430994963555,-0.00033467114029851687,3.955844400856828e-05,-0.0001234323173724078,-0.0016154700863669153,-0.0001500512825608133,0.00012877105585505947,0.00047272709552429685,-0.006544381083755487,-0.0012228220586441635,0.09196449354839184,0.005719908308210718,0.0004034349508411795,0.0012336156750517146,-3.461938534498124e-07,-0.003475573738816768,-0.03528527810205634,-7.522267421817023e-05,-0.001554448836344194,-0.03991152459150727,3.577692864716042e-05,0.0003011258593862915,-6.016250327564674e-05,-0.00019603243626446743,-0.00040808739142356035,0.0001707569503228148,-0.00045494409079940867,3.8372345575094424e-05,-0.00014054245391196922,-0.0008120483621582617,9.347246075121479e-06,5.9645163926268924e-05,-0.00027207862949946496,-0.004029256266801231,0.0016385652835947473,-0.018502139050125297,0.021110297894216052,-0.0015490481627540333,-0.000597743682722904,-0.0001474350300090093,0.0012820434990376641,0.0017769996932761821,-0.00014294068365036032,-0.0017254538802954755,-0.05756679095680023,-0.0002998094715730097,0.0007528674538239046,0.022753519236970113,-0.001541660475819437,0.0002263490313773979,0.0006315225088818911,-0.0004469114443108749,0.014652989973187956,3.488617120448793e-05,0.0036055412942565222,0.00011948068805012549,0.0002748014360792381,-0.00818882228411277,0.004980205147942511,0.00012624663363331942,-0.0007067706428411169,-0.0004370457735617221,0.060671083124103284,0.0016247409997923407,-0.0021434675181325495,0.000230465586268375,0.00018412867711496,0.005708842721045471,-0.00014569901749107917,0.002048194758380666,0.002429276713860252,-0.00013313412663795796,-2.90043070737267e-05,-0.0008220213813813537,-0.00010794420120933826,0.0007378931438289029,-0.00025169644398975114,0.0005081675898747223,-0.035644773265550676,0.0004998010803322049,-1.4062519789137529e-05,-0.0003314261574334288,-0.0008998192572983574,-0.0004602969835781215,9.706587370771763e-05,-0.0001533649902340417,-2.8160056283385235e-05,0.0001422852558509019,0.5083821956241937,0.00208626872909254,0.0004765723721192692,-0.001415267343911318,0.03252027533252882,-0.0005658859887275932,-0.009261626123430657,-0.011793636981620344,0.0023561026143802803,-0.00012474722766182768,0.0003346494366605296,-0.00017269264755229163,-0.0008329495593350064,7.174882533118227e-05,0.0001558834790196951,-0.00011199783229143973,0.00018837893556077748,-0.000792251414922357,-0.00015660107381354135,-0.00019785098940195293,0.00023045928494957318,0.0005907456782062357,-0.0009268954373923667,0.00048226081333988934,-0.04341030962274968,-0.0013413921687996091,0.00011264494982327587,-0.0065606743858549026,-0.00037576976281900184,-0.00032004486311032736,0.003422203837055633,1.587052321879771e-05,0.0008238910585971487,-3.19378230229213e-05,0.002558116581141639,-0.00035119353830843306,-5.73551037539549e-05,-0.0002587645142146935,-0.0013800115186703567,0.00032983570538080173,-0.003857624978170425,0.00010649522634096666,-0.00035419621824209744,-8.134386819806617e-05,-0.000702811439636974,0.002474861831286263,0.003299553434820062,-0.005307004951592943,-1.0102441649614997e-05,-7.080268240190386e-05,0.00020887506407260271,0.0006646157520471096,-0.002994094104314397,7.578427321525616e-05,9.530844795219509e-05,4.172552443839684e-05,-0.00012874321085493527,0.00010545578208529579,-0.0006177047356759804,0.000344524887152819,-0.00018866041747600277,-3.942239131375008e-05,0.002449968284629454,0.008061175170304455,-0.08599843267936771,-0.0006070482196203124,-8.322420456214393e-05,0.0014132374339456437,-0.0006869121404705891,-0.04399001042127766,0.0003157905879191899,0.00017303317575155432,0.0002550617528173462,-0.0006919114939822478,0.0013253599181497783,0.0017868372588264166,0.0003921761848023628,0.017880051079409657,0.010108371192879821,-0.2605790216763698,-0.0017100833731041533,1.37635444761924e-05,-0.0005479284549051673,-0.000740293495787513,0.00044158934866581675,-2.3216113471124372e-05,0.0007747917407436807,2.793373726958843e-05,0.0005299106890669081,0.0029118210845285298,-0.04071263486410617,0.0003193797396050833,-0.002806031247078039,-0.0004367473550709955,-9.830968866675685e-05,-0.00012718008381260894,-0.0006920626296266878,-0.0012092667058379828,-0.023682811584753043,-0.00013040734823052127,-0.0010376480075067291,0.045280452489022856,0.7652935478362736,-0.0004774303068815445
287,-0.274250236863763,-6.0381929933295275e-06,-7.914138963707046e-05,0.00027838602793419515,2.9559673849113843e-05,-0.0019650328004845244,-0.0029629973346329067,-0.0014282402495827753,0.011591988217794669,-0.00046677695027842747,3.369751033237278e-05,-7.648614794077135e-05,0.8412011303642991,-0.0005516843418414408,-0.0003132214943559891,0.0005326061620364517,0.014340800130755643,-4.176819738719445e-05,6.555127551886863e-05,0.022653071984461697,-0.0005646765525421649,-3.265724585976848e-05,5.370531658218519e-05,3.6200420886874085e-05,0.0009362777796529873,2.6218981422968662e-05,-0.003211919874356546,0.040510665847402275,0.0006121565533609742,0.00037701156409499295,-0.0025732652735641487,0.0008119362760311416,-0.0002985167996604754,0.01897554107550329,2.8166446945143697e-05,-0.0003612479522043699,7.92729786615199e-05,-0.00022210686766842855,2.4281471141973654e-05,0.00010369399010702433,0.01324626709641982,-9.626201170442536e-05,0.0017069931586639973,-0.0023106634002184046,-0.00030262019244477537,0.0005308306893152493,-0.0003195582885189875,-0.0003219540465591447,5.567510271065057e-05,0.0002739880704246484,4.962708592450016e-05,0.0005452636784224361,-7.629102242958166e-05,0.0004798390527198989,-7.1576798316846935e-06,0.03864364112368576,0.08339386122105684,0.04636505327157337,0.00046068117106935454,-6.712550446743085e-05,0.0009395684456401489,0.0010824594044698572,0.0048278360219327,-9.202909285570954e-05,1.9643642517497284e-05,-0.004010048607484476,-0.0003096893262910152,-0.0004465511215038286,1.2484293141526621e-05,4.9211118169245616e-05,0.0032350920373478073,2.5539801952106922e-05,4.17303707418448e-05,-0.0011146234013616418,0.0025708439659198282,1.6671548429443572e-05,0.00011235847764787948,6.241494523111235e-05,8.930751906927568e-05,-0.01100678830528892,9.099841707943665e-05,0.0002381262000362358,0.0024036980871849044,-0.0002369993871163406,-0.0021521427231944216,0.0002755749270186361,0.004717210949782613,0.00020781285971735453,-1.8953162067882057e-06,5.417477814587818e-05,0.0002982578419574271,-6.153872530956575e-05,0.00026899806221994393,-0.00018582290841845372,0.11339022728521017,-0.0010732036859856598,1.891237220495289e-05,0.0009516163533049883,6.242931591246559e-05,6.316149527488572e-05,5.0619450429160995e-05,-0.0005838848019901477,0.0001058209218598163,-4.3754593254383134e-05,-0.13393072592220628,-0.023304991522890464,-0.00019019088294030748,0.0008556467289342583,-0.0007529288403645127,-0.0006643803816623998,-0.0002726402056366442,0.00021258525495310675,0.002548186149068026,0.00017600431821254535,7.744502801859676e-06,-8.482277832225216e-05,8.791278260480116e-05,-0.0015046738030759996,-0.017798225103933633,-0.007344952418546049,0.00018015953004430233,0.0015489034366035007,0.00013513124897656086,0.006104086421197571,0.012204627626122056,0.00037550616773529425,-0.0035874997508344056,-0.00879843918718216,1.0096258147830606e-05,-0.0004041426850591827,-0.0012148571401965121,-4.8290682470464134e-05,-3.521870934810982e-05,0.00020235353661171704,0.00031371395814534103,-0.00032601470326868755,0.0001301372878752538,0.0009697251496980102,-6.894779977890519e-05,0.000431238906828761,0.00035792945025919093,0.0025015773182441477,-0.0009368354199290228,-0.002882154906002559,-0.01093239037173784,-0.0010354831310096678,-0.0025156438655763815,-4.722652229545345e-05,2.1285568454551887e-05,0.0002913960165677813,0.0002570059873817157,0.00384410095287413,-0.0012440128003628568,3.2617128584127696e-05,-0.0010772196357991,0.005133964255761271,0.000503799587149082,6.444717332176539e-05,-0.0006928487936151521,-9.772824408279873e-05,0.023304141091527848,-0.0004394437138176099,-7.522951007497955e-05,2.826685369912603e-05,1.4283664396718548e-05,-0.004834703025479934,0.002370994873202238,0.0004563830496606032,-0.0006566926046355989,0.0005512405688954435,0.22987547685566218,-0.0017646639642162555,0.0006008287784373862,8.601641800749099e-05,-0.00013198830345768344,-0.0012077710419693582,0.00019342340134035247,0.000573406116613457,-0.0010586105254097363,-0.00145761409559007,-2.7523300416734675e-05,0.0005029215989692322,0.00033466935210240724,0.00017434932891920857,0.00024358263645402056,-6.127960709328972e-05,-0.16920826956626883,0.00031141474898837944,-0.0001311296744171027,-5.644919414798163e-06,-0.0041318000568963936,0.000539807955166437,-5.8458053023041634e-05,-0.00040389296951127973,-1.3597951263617097e-06,-0.00018510571462336534,-0.265666898564722,-1.3864846032400537e-05,0.0003229624667508528,6.022988002075437e-05,-0.04644862504586559,3.602307581934694e-05,-0.004871050201472511,-0.015608567091428716,0.001026475454625031,0.00025525859566603946,2.2234158210440724e-05,-3.775210305546938e-05,0.00039000988057172814,0.0002912756488769513,-5.8879690217697304e-05,5.242418011261116e-05,-0.0007274477209339792,-9.188121102093535e-05,3.211510969952647e-05,-0.003404476434600146,4.952481478790946e-05,-4.073178024428456e-05,0.018261081604673046,-0.00020625787736314877,0.006146663268174724,0.00047252543233943303,0.00021583041331424413,-0.0026128342898036755,2.537471759575413e-05,-0.0002866923378959116,0.0005310040638128316,-0.00046312062704999355,-0.0009364263118658246,0.0002445896110199793,-0.00040788472135285675,4.658263446741251e-05,0.0001058900913782218,-2.6601596003239178e-05,-0.044708824659353316,-0.00029610433356101924,0.0009650163154429671,-0.00017577151504824182,0.0005231614020180268,9.837173562605907e-05,0.000245401734135676,0.07526707773087332,-0.0014976638280142372,0.0025889246096114957,-1.2561912442143452e-05,0.00036126749643238107,-0.00012065063705045463,0.0005025170748278671,0.0013586687090311213,9.019854310410389e-05,1.2263368815237236e-05,0.00021771313755083316,-0.0003166348013988983,-0.00013112346112428147,-0.0001656199202897668,-0.00026771227101433253,-0.0007899425310742246,8.890192357001491e-05,-0.004169225716146321,-0.004684105868717647,-0.0192581894938232,-2.296613397972675e-05,4.6019725376017506e-05,-0.0004921333129453585,0.000678275007178728,0.00893002419008302,-0.0004260072334856262,-5.3270385281412036e-05,0.00021636034896245753,0.00032490995103252396,-0.000587662862015989,0.0006417269773549521,-0.00010685897650985349,0.004936332043111337,-0.003649377575633759,-0.024911889015962592,0.0004758654061217827,-1.4291239080349962e-05,1.0254093696218658e-05,-0.0016949220316484007,0.00025827911772290796,-2.814537388814986e-05,-0.0030297646477486432,8.565400792147565e-05,0.00033399381986868454,-0.00031376025291458647,0.0008754849432843319,-0.001176715494916946,0.003810165753046074,3.097649882987004e-05,-8.234434134323128e-05,5.625697300829652e-05,-0.0015468160856498686,0.00042194640333395074,0.011457493172865351,0.00010933715843429708,-1.1528047727184416e-05,0.014635919612865828,0.08007537943404697,-0.0010860460329804055
288,-0.000262538840983089,4.812838545037288e-07,5.6657478982087855e-05,0.0007897804832152303,-0.00013375432268421578,0.0008997762673729892,-0.001662804795955818,0.0009699561878526422,0.00254246494959011,0.00014630285416947393,-5.252953221051344e-05,7.957528647529438e-05,0.28507178588252324,0.0014991999887691337,4.2849977810773495e-05,-0.0011705555704432911,0.01419246418663482,3.189866483957406e-05,-0.00010998342788758635,-0.08864391324945904,-0.000616381820384897,4.284179473872065e-05,-1.4834901948950613e-05,0.002515705986228265,-0.001817477880658709,0.0006087603606189921,0.0027937608133037487,-0.03262624022865346,0.00029953452332619104,-0.0007491567008948165,0.010267018020050247,8.996044944898783e-05,6.046371114347182e-07,-0.048154511633977146,-9.12929410299343e-05,0.0015341935573992267,8.37320319672756e-06,0.0004414138012749838,-3.347923485882108e-05,-0.010931503894725095,0.0049409793965858664,0.00012511640133603926,-0.0037345083922466086,0.008505519049559027,0.0001370767047755246,-0.0001102207027110719,0.00016978661546157917,0.003120762847580283,-0.00017510619475632604,-0.002232100935830714,-6.982464746545236e-05,0.0002163508813782123,0.0002407985446557944,-0.0004865695695335443,-1.0019370484455614e-05,-0.1051122478808404,0.01031644171261457,-0.06687467092476057,-2.4273979242177556e-05,5.271160203378653e-05,-0.0024793342854171783,-0.004168648722504502,-0.02501910009700449,-0.0006551919611337726,7.4295164937635e-05,-0.0035061007154585243,-0.0003243942513719536,0.0009931140577600925,-0.0001211901155732886,-4.865468790739812e-05,0.0003036750643943178,-0.00016155300144453204,0.0009372708820061441,0.00039388771792729573,-0.002969796913610776,1.0828343148557365e-05,-0.0001715002506134768,0.0001376229579131208,-3.37980562663525e-05,-0.019357100375043415,0.0012119122724823547,0.0031707472811891247,0.0026272914132622685,0.0002975964841764188,7.338669882367681e-05,5.982921267147848e-05,-0.0026566241363550486,4.8002953116488625e-05,0.00018597605249578595,7.985827469100121e-05,-0.00020685590902939357,-0.00026734451614452044,7.31544186655178e-05,0.0005935254386174585,-0.015426127513283643,-0.0004196571833037714,0.00032233262341610795,-0.0023256178914854942,6.367658920111707e-05,1.3412237238084998e-05,0.00021764914614740005,0.0001361016492673825,-0.0004003502411312415,-8.020019435679704e-05,-0.0406802557990425,0.001077023751518782,0.00018686082432676967,-0.0005800438775008729,0.0011169930486597925,0.0005805593029522798,0.00020548740714402582,5.544120404368433e-05,0.0007640220260418541,-0.00020163848785464782,-1.1939768066328293e-05,-0.0025951683595988096,-0.0004871463113890655,0.0009110079396609828,0.10461393707049571,0.01510695352625997,-0.00013779549445118742,-0.002647394655665389,-0.00014464849131500868,0.003252189516945135,-0.05578427625358197,-0.00014850895369651358,-0.0016124127535266377,0.04470016666573339,-3.6247343320928646e-05,2.882880159567336e-05,-0.004745114839845226,-0.00030099651220501873,0.00027136468693965323,-0.00020185938289909826,-0.0007282434995493747,-7.142327559131467e-05,-0.00010808716231291288,0.0010071631695637928,0.001497164334424957,0.0002303914650758146,-0.000513001009737897,0.0050579239594040135,0.0024842776009798874,-0.0025916482846492965,0.03516260713064333,1.4139496425123483e-05,-0.00020809283256325678,-5.589076373844993e-05,0.0009857068822386808,0.0028354830014360307,-0.0002918308773395544,-0.006186651046311624,-0.014917317171503153,0.00021721587368349143,-0.0013457921472100507,0.010067447682883679,-0.0019392797064077911,-0.0003701138107691359,-0.0017004704383274567,-1.9625925945991e-05,-0.022020016024021195,-2.2406992722645612e-05,-0.0020487118845205167,-2.5077533521404224e-05,0.0003290205236073382,0.0009140394462046061,-0.004354583309128127,-0.0006408968458700339,-2.5857186131507783e-05,0.0014007109051530824,0.03450364844754294,0.0031839972819507796,-0.00016634044494743844,3.988944969728417e-05,0.00012983500536742354,0.00275007346114305,0.0001096992030707257,-0.0010119427671587346,0.0004286353278145612,0.0011769728094251667,9.483296267880689e-06,-0.0004579339529941299,-0.0018786236882764487,-0.0007175504363003855,0.0005329391867969144,0.0002352319356347457,-0.04970806601215925,-0.0010822496944121996,-0.0001304564904075333,5.855533000601802e-05,0.0005401757158808992,-0.00030930021278409697,2.4870995199090425e-05,-0.0002095524192770303,4.668822599773227e-05,-0.00020915623964950364,0.7790013036723568,-0.000697359845254061,-6.736237642442674e-05,-0.001350113375549555,-0.02021860218187895,-0.0007849828572204787,0.004472011649168418,-0.0009060839912057236,-0.004321101529214451,-0.00018168038499976778,-0.00017436077979410616,-0.00013634855531934227,-0.0003092027319042047,0.0002423927953753493,-0.0002991478414122148,-0.00018557099290925083,0.0027655373858768983,0.0001476866955132921,-3.0059845628260806e-05,-0.0010104022364115209,0.00012770091717004967,0.0005847033328608652,0.003712412207755039,-0.00021822814217597672,-0.0063923337801227356,-0.0016803366938993574,7.495831216208435e-05,0.007924289514097063,-0.0004532697135979824,0.0002767050865696186,-0.0020353839052218788,0.0008768771494970463,-0.0003896301722176414,-0.00043122908082318884,-0.0035849117191517413,-0.00014246653140635203,0.0009884645584650733,0.0003327393397010614,-0.013292529697108525,-0.0005149915827337755,-0.0046715652715149355,6.964642029099345e-05,0.0005579793145265302,1.1976122971474388e-05,-0.000710906149647357,0.022238253018105475,-0.00013892505426544004,-0.007630386255823162,0.00011469793876253513,-4.9969657177133535e-05,0.0004886663983496439,-0.001995556876321765,-0.002875152958411034,-2.8171232388349786e-05,1.5203171966142806e-05,2.668071916810122e-05,-4.845585091535715e-05,0.0001739940891999298,0.0009442464808656018,0.0008687218019481566,0.0007192854908456914,0.0003403824613167762,-0.005894106060525567,0.0012020130489660275,0.05082197349322953,0.0009551054388518675,0.0001538598504169167,0.0012933971889254037,-0.0015338945496142108,-0.01141241440707577,0.00021211493965521977,9.624528778737901e-05,-1.4768581342805131e-05,-0.0008122124516884025,0.0018025387912933256,-0.0014231022448935454,-0.0002937388205071466,-0.02762557581108619,0.0007892249998853879,0.28609701480740163,-0.0025586303538114477,-8.295642845700915e-05,-9.517591102923065e-05,-0.0008259564361159533,-0.0006277920863358936,-9.927924137451138e-05,-0.0003783388278540547,-0.00021461382060780897,0.0016276307333020247,0.0006007875806330541,-0.0012442906697674935,-0.0003610990882719333,-0.0011935830139934364,0.0003562400118408207,-0.00012241368172820257,-0.00024377158590966567,-0.0024317725789144654,0.00010846147332209009,-0.030377949861358233,0.0001748082424758851,0.00035819730974543003,-0.011210268700525192,-0.41406925795710714,0.0005951418281621246
289,-0.1680587065195535,-3.729416863226809e-05,-2.2282650091916267e-05,-0.00011382170568939587,-5.342972392850115e-05,-0.005012169167496257,0.0007233761199786984,-0.0008042238796520385,0.005113746026303101,9.15332838816868e-05,4.822290298561738e-05,-5.9827223879302394e-05,-0.33031040376564924,0.00035987329291339853,9.160428636853513e-05,-0.00018778598634035248,0.02212294892811588,-0.00017284719763695222,3.561905574948898e-05,0.09153034853877556,0.0006448475156373701,0.00021039678133401296,0.00022464519546552125,0.0008056090838957641,-0.0001044660206952347,-0.0006902792391519572,0.0008985799080001092,0.03490126408025762,8.71507549822046e-05,-0.0005523957919789403,-0.0007866027090463294,-0.0002922082678885815,6.856336576781946e-05,-0.00866108510091412,-1.0998430244865687e-05,0.0008177198116621235,-3.4620445548947526e-05,0.00016549669299458945,-4.935349704679459e-06,0.007150867866224391,-0.007365257262527665,-7.739359835088233e-05,-0.0001919368576449674,0.0009670292557910319,-0.0003320408270954902,0.0005850902964341319,2.7335982758785668e-05,0.0025394413418291656,-0.00019732931756134657,0.0005520011000832166,2.1313220301757974e-06,4.765218073228073e-05,1.326480521387282e-05,9.661486820459423e-05,-8.640400052201819e-05,-0.01723357734375705,0.09108507406612115,-0.00514741799410936,0.0001653961561340685,9.186676384410723e-06,-0.00036914024726295393,-0.0008501110766866598,0.004522579066831411,-0.0019481236444335998,-1.953850489780362e-05,-0.006344007098392005,-0.0004286871365982662,-0.0003831597713509498,-0.0001604654660559738,-0.00016107179721186357,-0.0004248882446797383,-1.778087758504479e-05,3.204436632397046e-06,0.00044004068599138874,-0.010499585181006466,4.505062895111215e-05,6.493074719888121e-05,0.0002893806412147676,-1.0984105592069283e-05,-0.007580549603893242,0.0005359381245133593,-0.0033324837058952526,-0.005914214565500474,3.869445508938429e-06,-0.0020792861581859726,0.0001914511209197868,0.010905940732081926,0.00016297810872399274,3.668400545168461e-05,2.939228039807243e-05,0.00039659280354873783,0.00022458898944116134,0.00010505830211443579,0.00013120729604620024,0.2690731684736893,0.00041104662661062307,-9.564998985771246e-05,0.00022525106836949072,1.7744489485577164e-05,1.8646912425787795e-05,4.5750174372912594e-05,7.396922912931286e-05,-0.00023503052548107858,0.00015184578870774956,0.05037572447577695,-0.03713240361748092,0.0001616784523132105,0.00010370810706671757,0.00022825224199275382,-0.0014398844286323677,-0.00021615287736635042,0.00010933778801744572,-0.0017151468356039895,5.98367241366202e-05,1.6296135924784294e-05,0.0007155447441993632,0.0009489238176206634,-0.0011876593297906676,-0.023562063260436375,-0.001578476974483583,0.0004137093842375627,-0.0007868435184362403,1.064818350622913e-05,0.008409210409370545,-0.008402792736664794,0.0010503007802650406,0.0005343719628829644,-0.07233579339822235,7.218156558234934e-06,-0.0004193849018508987,-0.0014151800240785719,2.1097834512511914e-05,4.663174793912393e-05,-0.00016081415034853962,0.00015508224404857298,0.00020021008604676534,6.816139252951298e-05,0.0003900753138529403,-5.2620288271044914e-05,-0.00020939268742832876,3.703869910376412e-05,0.0007266693329471465,-5.761622857419616e-05,-0.0005354650948824035,-0.0012521039461137412,-0.001785066612865452,-0.0005373518756215804,-0.0001415460967554526,0.00024027632164076392,-0.0012757557120590662,0.00022370896514831485,0.00831048497272564,0.009549957481415858,0.00022743089068938925,-0.0005784745337844861,0.010838784903518788,-0.0008203170274818676,-3.526848502738607e-05,0.0012844110693279592,4.5841420650650296e-05,0.01535766833971796,-6.395434136638825e-05,-0.0008251497595832553,2.9454623584189432e-05,3.426698570044816e-05,-0.01698482393535213,0.0028676685384275598,-9.511268191995329e-05,0.00021051568526966316,0.0008405136858040292,0.8519092333413495,-0.0004318532543880812,0.00038326496206704666,0.00014632854166793385,-7.188541071682236e-06,-0.00029390655491982496,0.0007127320209684952,-0.0002898353460580032,1.7631557709460802e-05,0.001960037574368718,-2.3618504641038582e-05,0.0003935407236239153,-0.0003323106595791662,0.002113161035749548,-0.0001120329078246815,-0.00029921222177104606,-0.05256639125291921,0.0005314592296895717,0.00022181403447767145,0.00012986292227413262,-0.003924744097342915,0.0007592922120977115,-2.512160008036335e-05,7.537409856195852e-05,3.225264494215521e-06,-6.179522841255614e-05,0.02061282024217689,0.00036366635670263174,0.00046351354965765146,0.0006287389422051782,-0.028079881080541505,-0.00019503172805457325,-0.004969384778854854,0.005923439164396187,-0.0008376497892590047,0.00043905611292591575,-0.0002564357484636237,-7.139818719002506e-05,0.0012730016397798124,0.00013380065143204633,0.0003714017435307586,-0.000206015066675053,-7.493217257166116e-05,-0.00035962611928393954,-1.814600454480564e-05,0.0009163970649455176,-0.00022063344218332427,-1.6403396511494982e-05,0.011825451695920502,-0.00015067423505713343,0.0038485337076833758,0.00014646521960213718,-7.762442228310962e-05,-0.004197738943550317,-0.0004006569051139997,-0.0004439236486330298,-0.0003234623716153952,5.5341334121792284e-05,0.0010859166930044998,2.815073547236249e-05,0.0002515985020129375,3.7761221271099404e-05,0.0003420654283124592,-1.650778727978197e-05,-0.09175351125198289,9.615730649312551e-05,-0.0035800897239781394,3.186114267532923e-05,-0.000331455772813669,-3.403885604666109e-05,0.0007627516493375558,-0.015710248562505566,0.0019809543236315686,0.0005908910231381797,1.7464793208736562e-05,-0.0008868841962202128,1.4857206125494477e-05,0.00018660386508532936,0.00014365639578690133,-8.215684662946218e-05,8.710964727600204e-06,3.057024700254922e-05,0.0003522286605323368,2.5762975899217694e-05,0.00035995361055444347,-6.05015007833696e-05,-0.00027097501479639297,0.00010144044520870015,0.003564670318451764,-0.02001913972006345,0.003294003066837463,0.00017150633174977704,6.530095092838455e-05,-0.0004719640394799246,0.00012989684357977445,-0.008102408549274433,0.00021477790878386693,-0.00015632604632041802,4.930835251042067e-05,-0.000381898581604377,-0.0003383511217824398,-0.0008213569019871051,3.311568158130031e-05,-0.003963897842312078,0.004141881572030898,0.08561120450797771,-2.1408315894531123e-05,6.629145379493089e-05,1.3240726088257528e-05,0.0008532150372820881,-0.00040991755742505326,3.031915835114557e-05,-0.0014407053192142302,-2.1411090596057825e-05,0.00040202812314966627,0.00033968572088388313,-0.0075405537088929905,6.609054945659447e-05,0.000936448988158832,4.069349391746038e-05,-6.954856866356416e-05,4.214232959586298e-06,0.0006425149894275783,0.0002235117471890008,0.0036644811171444337,-3.7600066860927865e-05,4.2435645296469426e-05,0.07146134130896444,-0.09217986561527032,0.0024662558179588496
290,-0.0327426512341573,3.818756468019005e-05,-0.0001376518477366976,0.0005906684640175821,-0.00029926497544884544,-0.005321357239910646,0.00020144753587611648,-0.0006020855596382962,0.009497687467274404,5.167068223480356e-05,-2.587827453055802e-05,-0.00021572014991137756,-0.016006148567734108,-0.00032407754668699676,0.00020199083302184853,-0.00032020478726015045,0.009083186832091642,-0.00026798456286138486,0.0001249047516382537,0.37338557273637635,0.0006784531147343495,0.000296225944393394,-6.267927589915546e-05,0.002540214690688436,-0.0004890227135763807,-0.0006518980238252123,-0.0033588026947862764,0.0750314800438587,0.0006745414564184402,-0.001767758758621462,-0.00023095240970940744,3.565993742179162e-05,0.00015827654332996322,0.0008556799240055047,3.4857932575550754e-05,0.0005832682222829573,-6.992916922494985e-05,-0.0008466361073900339,-3.186964121549771e-05,-0.012378047513791155,-0.004689850192596131,-0.0002224962551158373,0.003338157633189544,0.007794040137588871,-7.891678653901973e-05,0.0010498863145982388,-3.302997599629459e-05,0.003140093227279453,-0.00041047226597627605,0.0005924897384260155,-0.0001393548081373673,0.0004501934013509453,0.00027144718161678863,-0.00041314037139308056,0.00022056374918342364,0.2443600117002887,-0.00017547904926321078,-0.04726052363037848,-0.001166388913173885,5.252304191513571e-05,-0.0008626781123439775,-0.0013312699487524893,0.004663358015920908,-0.005365036695248349,-5.485234387899926e-05,-0.014511271022560288,-0.0006090656257651883,-0.000207485969618869,-0.00031728890607606833,-1.3871198546101804e-05,-0.0012968511030833478,-0.00010244083660995197,-0.00043805462599842,-0.00034056079700249206,-0.013756546286507682,9.180927869947494e-05,7.022650794600432e-05,0.0003923704124077186,3.071238975430393e-05,-0.007391629780421451,0.00010682631517059874,-0.012993482097379171,-0.004742699574438179,-0.0006289110432107321,-0.0004365384507345031,0.000764550028223742,-0.018840813000819367,8.759645377821174e-05,-0.0001500364373090441,0.00011186128215870395,0.0004782138476634364,0.0001109828858593656,0.0002669649904432081,0.0003525856020229201,0.6690665300212766,-0.0006740366428810225,-0.0004149781498233758,0.000441670515587576,-1.6003870498430828e-05,0.0007259790370692631,-9.838201414894302e-05,-9.845589377026863e-05,-0.0005351516156398509,-7.077708004579741e-05,-0.006845423310475515,-0.08560940816619603,0.00040895675736563747,0.0020631887505745067,0.0008877051490720784,-0.001153924425180147,-0.0005566369844009142,0.0002957787021453037,-0.003108370762402576,3.107583828279581e-06,5.306444191209656e-05,0.0005476685938028119,0.0007316604648911528,-0.0021790694850334965,-0.18003977740091917,-0.0012068387263876957,-0.00026377111834106643,0.0007661679583097908,0.0005947093825984617,0.0025824860889255867,-0.03043524614417172,7.769032397080683e-05,0.0007648019380256449,-0.03593447882382621,-2.8845635672875014e-05,5.593899321177688e-05,-0.002662929498955722,0.0005456125396844451,1.2591913434613702e-05,-0.0006506077953215648,-1.3294113704540207e-05,0.0003781410324884575,3.086417389667334e-05,0.001243462620398571,0.0004218625507785064,0.00013901588110044882,0.00015391725892826766,0.0001511202576415828,-0.00012556435220490315,0.006419235335487665,-5.984170088391616e-05,-0.0022576466416507467,-0.0021851973752713117,-0.0001421374538819022,0.001513662449579227,-0.0070435543260252784,0.0005527382722217435,-0.006203537295086948,-0.010826118118703702,0.0004880187913622318,-0.0012335805089451167,-0.0045820079943215365,-0.0008308165385954372,4.4627192506085066e-05,-0.0016860987986700472,-0.00010241038538860931,-0.017554441081047048,-0.0006653454234708861,-6.369681399809009e-05,-4.185591673580916e-05,0.00039765007332232764,-0.03504716648195131,0.0015994688960523015,-0.00013933343878892376,0.0006016934925662625,0.001169155230095479,-0.32114629529701183,-0.0008878074718142726,0.0009164499051472071,-4.5290479985167845e-05,0.0001302399080676392,0.0013320868499519592,0.0030451329943853842,0.00015012707942255307,0.0004148704630122695,0.0018462555312695628,-0.00011592932036455506,0.00027351616117046165,0.0006694690045080526,0.003436092756361726,-0.0007258123517902614,-0.0004746878718403288,0.09040245145615691,0.00046976828627004474,0.00010162976844466445,0.0003469983211236531,0.0009143758322615941,0.0017308512219418983,2.8346546506519132e-05,0.00022540587470302196,-9.207890982812494e-05,-0.00021974782112040708,0.01709886893575596,0.0033505427515367666,0.001406755815082832,0.0004833636231142012,-0.05855736664602661,0.0005204770423547639,-0.004181952061702143,-0.00013389908623194675,-0.001688991125557535,0.0006603907405270002,-0.00026216901905078485,0.00011855296317289654,0.0003768228437699898,-0.00013505271484673593,0.0006098893423330514,-0.00014100028940364218,-0.0018893728113904356,-0.0011362565884181783,1.5651409547914885e-05,7.625034638306203e-05,-0.0003544701934668484,0.0002967566286894009,0.0007696022115011216,0.0003284702174438216,0.010034654006510194,0.00045968911397904245,8.662388237591764e-05,0.008179999453372042,0.00029945173749540454,-0.0009888842155647926,0.0004203434888003241,0.00040658547476893586,0.0017067369875168677,-3.283617810000356e-05,0.010267423984422553,0.00012573886073748296,0.00044880606527959027,0.000664921957681934,0.02007984930115737,0.002597517054740881,1.271047983950822e-05,-0.00015865250556304326,-7.006862666448989e-05,-0.00025730985350125996,0.0008220818208970193,-0.007415349881303771,0.002518195110369403,0.0031243374386668563,4.617375674044119e-05,0.000569738813129404,-3.9125768786572206e-05,0.0007024014687760467,0.00019811955370507936,-6.235054594237385e-05,1.7150249008368243e-05,-1.1527774453028508e-05,0.0003716718110820605,3.987652335471492e-05,4.928254856670193e-05,-0.0009057366035587423,-3.799232468516128e-05,0.0004915384012066689,0.00036012151173399733,-0.062427491857652714,-0.023722957136171056,0.0006098214700827002,0.00017857356155043594,0.00025469557039844645,0.0003114813691923017,-0.03269892546953844,9.810668078678343e-05,-0.00025562991403128843,-0.00015754247149146023,-0.0009218976081620654,0.0023072103351469645,-0.004454566974992625,-7.187564305584089e-05,-0.023131720858484667,0.010690874197381798,0.37875731610462776,-0.0004687791212933442,7.537744506144316e-05,0.0002251176359328905,0.0017615183259551102,-0.0005436149691599081,2.282876103488346e-05,0.0016136691624276179,-0.0005933685607933349,0.0016641870568997158,0.002128112143276904,-0.018761200728736334,-0.0012220404550357849,-0.004334479059213955,6.906311773549438e-05,-6.449838219478934e-05,0.00015214609464836003,-0.00010071144262852744,2.222697748325078e-05,0.012182375273875425,-0.00036434094202477535,-0.0006386005345541835,0.17740012436807526,0.03274927939433826,-0.00030325508466482896
291,-0.10296285343603631,0.00011144578494509672,-0.00012872327343850867,0.0004649981016808073,-0.0003622153243402759,0.004691303343774076,0.0007782699143111665,0.0003912367741487899,0.005315415142708044,9.582731660202903e-05,-5.9588724233450296e-05,-0.00013884436872181605,-0.02068190732182873,-0.0002573811274770854,0.0001813182303304281,-0.0015340051454227899,-6.965347584535209e-06,-0.0005309690989534072,1.3740161838221576e-05,0.37805157517900084,0.0001449872865206675,-3.2098485551523837e-05,1.9632720426092376e-05,0.0004679573418628277,-0.00033741525118485133,-0.0014071803887613366,-0.0020511924360629777,-0.027291829530497535,-0.00029589305935982455,-0.001419298528502381,0.003173527809147033,0.0005893162161366323,0.0001331004316631884,-0.006155262723486934,5.189647997971142e-05,0.00021381485701588154,-4.2838660089676616e-05,-0.0018641242928341692,-1.635790661182017e-05,-0.005242730826505025,0.0031393890565359654,3.529337138126736e-05,0.0011088670036824818,0.0007486052105050781,0.00014163830509361652,-0.000833556209742973,-0.000972378163860874,-0.0010516497576022754,0.0003955283619397077,-0.00011477175556461224,-9.408484431908809e-05,-0.0001832954365452149,0.00010875504382567517,-0.0003263332928551705,-9.412536904351149e-05,0.4083284410481698,0.044532477853043095,-0.0737811425815972,-0.0012514877185902597,7.107838968561583e-05,-0.0008243556255153781,-0.004919107110366547,-0.005527442680035623,0.0015502209249512408,-5.157402907888034e-05,0.013846065454840722,-0.0005379930305405786,-4.469272602346513e-06,0.0005425512840865367,6.907514607286391e-05,-0.0010638792311647189,-2.7472065420459588e-05,-0.0031479733680818463,0.0004898650810917913,-0.010598347453362075,-5.1160434685369044e-05,2.8160703699368905e-05,-0.00043724856024906437,-2.8186325690736456e-05,-0.011258496527903252,0.0007656569026294569,0.0083231571227555,0.005799669263412701,-0.0007688325830886985,0.0072418286571071366,0.00020278025417980877,-0.00512749897289512,0.0001280242465797124,-8.145357062490626e-05,-0.0001595346979436224,-1.1280538140310539e-05,-0.00025746814560613117,6.826468352580384e-05,-0.00018631345089004797,-0.5775896394812392,-0.0008988904998588456,-0.0004115143146264544,-0.00018247922450314973,-3.305761960739617e-05,-0.000606823238267108,0.00015714452869782652,-0.0003609613255643341,0.0005595211877228333,-0.0002826705366818019,0.02082061156588769,0.07904625806543804,-2.8098939361381053e-05,0.00040499583062923554,0.00019029099427035796,-0.0012168831799165276,0.0003181521429186469,0.00022134238142241126,-0.0022531919079949985,-0.00015367403919388373,2.0937165722299984e-05,0.00028192015348766763,0.0005355169238449118,-0.0030896643473938726,-0.08570059783050853,-0.004405829919214472,-0.0005310828436420421,-0.0011486370219470606,-0.00042643642963508324,0.003531510223961494,0.0037668390698499497,0.00038379082551862065,-0.0010301764012235438,-0.06820793241939099,6.219474967569805e-05,0.00011404162413848444,0.006335508908730037,0.00012239685755017593,8.036813857252058e-05,-0.00020904535390712034,0.00010946325842740639,0.0002863869205291872,-5.395821369047482e-06,0.00041488681747648033,-0.0007884284932188732,2.116657775135672e-05,0.00011657980315735866,0.0010950167740472207,0.0001250121303660681,0.0024109657980164313,-0.012019535082636958,0.00033021819386313,0.003798236154608943,0.0005125697000963937,0.00119992523904091,-0.008904929109173114,-0.00045029461342975356,-0.0067759435201729026,-0.004882601074359783,-0.0003444379548574357,-0.0026680213068496494,0.0021274374425541984,0.0008868158825890704,5.6314609584282374e-05,-0.0010949715416386243,9.932074785866168e-05,0.01167136785557199,0.0002488462010044342,-0.0005706771997883242,-2.147230915089393e-05,0.0005154275984249621,0.0324004308575431,-0.001840171664802913,-6.730081766814777e-05,-0.001076307341640664,0.0003585622074123041,0.08298847238522825,0.0003309977403208181,0.00010089313088631753,0.00036668107750359794,0.00016445858171253158,0.005284594659045658,-0.0022931975532041672,0.0007596507772132405,0.0008655067598453355,0.00028873041722716174,5.2766363372772074e-05,-9.162997894099009e-05,0.0006455312617413764,-0.00015034058137470153,-0.0002878426986261675,-0.00035053485859385183,-0.06372211382516894,0.0004891074550741319,0.0001695806414345885,-0.00020879395564416545,-0.005118996257868436,-0.0018917124133988033,1.3109864546639871e-05,0.0002492024204741542,-1.252627571210474e-05,5.527956538223938e-05,-0.050569310547007175,0.002156240276524971,-1.9023696082849303e-05,-8.418525838172126e-05,0.031688879478987755,-0.0004159757193679739,0.013550547270152612,0.0030796805287172067,-0.002192001706658285,-0.0007584018384629593,0.00012946383321586763,-0.0002937909408802057,-0.0003803682291292406,-0.0006473567484749295,-3.061917155933701e-05,5.5838565300420084e-05,-0.0023221227467100894,-0.0007285046496125214,5.763935416959465e-05,-4.923093808076338e-06,-0.0003341359423474268,7.642303964512296e-05,-0.027503846298448358,0.000554348153592491,0.018782186322472916,-9.121069255505366e-05,0.00013813738335738575,0.0018043643153502383,0.00010137331784591707,-0.0007145970302489589,0.0008004441447782653,0.0005741544080821835,0.0003299400233926701,5.998972280499542e-05,0.0075726119071135595,6.46520205006499e-05,-0.00038216954552613806,-0.0003522650879139548,-0.005464361193030077,0.00025897964971781113,-0.0007832771688026439,0.0006031295010584629,0.0012881952569079188,-7.191547879465722e-05,0.000756759578946783,0.006003589711457686,-0.0028650434607039353,-0.0011324744926090459,-2.8654785420345434e-05,0.00017741909416069883,-5.281355667782322e-05,0.0013239011937557343,0.0013526220687970962,-1.1010849466018893e-05,-4.48240676981463e-05,-0.00017208744891666905,-0.00010791010803951951,-0.00018736351952479066,-0.0002870241741701092,-0.0008753718781386592,-0.0002686877596304628,0.0004752301043760253,-0.0022115493412984168,0.0488947324466798,-0.03789305942646014,-0.00032355923760196345,-0.00018229341670450948,-0.0009030670945893854,0.0006885704418288458,-0.01731155694216266,0.00020505971448336316,-2.4466105536996574e-05,9.989528984523811e-05,0.0010685011879218635,0.0007571593505972271,-0.00507493574721666,-0.0002834443462868285,-0.043566109163002624,0.01101265212870025,0.5097598534537033,0.00014320014217889324,-3.897635715001402e-05,-4.147390788416066e-05,-0.0010319986196745436,-0.0002277551965955459,7.73412941702592e-05,0.0024156181215383727,-0.0013709728790178687,0.000651269576306698,0.0009949354368928754,0.01598098991208101,0.00033703286552150095,-0.008838350426786677,-0.0008928434654883848,-7.70395538461019e-05,-2.696235400528879e-06,0.0003086564381826421,-0.00025211760204173206,-0.016362186162590178,-0.0003948634854629464,0.0006176470892188743,-0.1642941540214389,0.0818641551001399,0.00029401849214261735
292,0.01622971205544841,0.00015513322709983547,9.592406678754061e-05,-0.0008891611803220666,0.0002451095203920492,0.002269969346894214,-0.0004008095675591874,-0.0008310364226283042,-0.020512034871521423,2.812250436986727e-06,-4.170720512577594e-05,-0.00025831285090893545,-0.02484296144792089,0.0007264087667282395,-0.0002060956644229523,-0.00037607318373467265,0.00015051290482851268,8.382704973884658e-05,3.937178916784724e-05,-0.17966042179296235,-0.0006273012935750447,4.126401285134765e-05,-0.00012125248479714912,-0.0022360859814134805,0.0008518185827017521,0.00022410168344686246,0.00014061128114110574,-0.07338086794461775,0.00018442443831242702,-0.0001505165556807478,-0.0022892743263985167,0.00017237616843248055,-2.076474554806116e-05,0.01553076405674244,6.700189189331844e-06,-0.00010957526534750676,5.547375489156625e-05,-0.0015160350450025587,1.323911522641344e-07,-0.017602327454456862,-0.0031601581670139094,-5.9521893509862115e-05,0.001610924259013229,0.0007498909151092748,0.0005314974445268725,0.001990372032368102,-0.00031910986099871995,0.007220620622396757,-0.00012021860368993534,-0.0010096965508192115,0.00033730032442660164,-0.0001980328646517912,-9.706676334688812e-05,-0.0006711519185882402,0.00016256477111240009,0.4746734835721933,-0.021599519699894404,0.0006342100800297589,0.000984516019684056,6.200562290743783e-05,-0.0011945685158575132,-0.0017136564780465186,-0.006848133729311873,-0.0004897702794250977,-1.8622313316213291e-06,-0.006944358649352368,0.00010531020172036443,2.2393915251237104e-05,6.0506777027593195e-06,-2.193981814075166e-05,0.002193344252918275,0.00015981194428867172,4.3584979968059115e-05,0.0011331493061732616,0.010328820696253746,-4.397112545722476e-07,1.4712366351054586e-05,5.215245205757689e-05,0.00011007194179300447,-0.002286120565865332,0.005222531554889512,0.004793093127071231,0.002692969577611817,-0.0004708616947180222,-0.003743304057923813,0.0011834650101263632,-0.009400715853571056,-4.954671856426118e-06,-0.00023769606722712374,-6.935819079993688e-05,0.00019904002287043189,0.00041931376578021776,0.00017782770489314925,-0.0010710231841172726,0.07604346006944393,0.00035367622747159997,2.4615099822641222e-05,-0.00010854916381692649,3.7439918035949565e-05,0.0006858843674374243,7.944558659999518e-06,-0.00034589952646628744,-0.00023396413977610359,0.00036020379755662135,0.006301242014938154,-0.009636366545606175,1.4417074229733547e-05,0.0006294075332364412,0.00022110046269079205,0.0004486001698969092,-0.0001440764993238912,-0.00015627747249647014,0.004367741771420441,0.00016188696923209213,6.467340204319161e-05,-0.0022687850141430224,-0.0001300365385610916,-0.00224792138946557,0.8055365330471079,0.01783700751749795,0.00011674038195868869,0.0015375337433411731,-0.0007809769248926315,-0.010564778347229036,0.016148040732390907,0.00016201515665553202,0.000638045460837248,0.04633690154903626,1.4899903946298532e-05,0.0006376222898774823,0.0014284266095805132,-7.731380783580766e-05,6.50812397653194e-05,-0.000367251944166082,-5.557297309860109e-06,-0.0011001796606257325,-9.526783066295813e-05,-0.004005441249357026,-0.00040667801837432967,0.00022444729483088802,-0.0001977217601418157,-0.0008646250275192576,-5.982591860870972e-05,-0.02121704530116413,-0.01617846073764312,-0.0022591206970689576,-0.00013848101322819998,8.85440144292374e-05,0.00024967834918509244,-0.01141265789060868,0.00031958478109889903,-0.012814375604063524,-0.00378472020536491,-6.020356330755088e-05,0.0002672237368852321,0.0006303514396198185,0.0014911599713229827,-0.00011570240156102854,0.0027581082885444926,-5.3181356666709857e-05,0.04844299506947387,-0.0005301216409698277,-0.0013753324747550883,-6.090488484114531e-06,-0.00047141323268187416,-0.0007389782622709068,-0.003289477696044823,1.8290363463849962e-05,-0.002361538210314854,0.0007654421894833473,0.0025723804669906675,-0.00234671959879941,0.0009733269687959326,0.0001689711000630277,6.570662646473296e-05,-0.0025495388918192557,0.00035963665105066074,-0.0004877367548113021,-0.0028628641814439524,0.0011872736622258392,-4.336826427443069e-05,0.00010917641763728836,0.0005100831409890934,-0.0011667665410964978,0.0004410027398134863,-0.00042946512581262363,0.02326452844722084,-0.0005653135424120151,-0.00018197386113294554,0.0002416304162870123,-0.004861510422266192,0.00025743615102778944,-0.00012040476667632416,0.0008207126360709337,2.197678791939807e-05,0.0003067315881791592,-0.1136037136622823,-0.002648125412225665,0.0006353925692501074,2.570438284425178e-05,-0.002860458936202487,-0.0002873882784117064,0.003037209434479435,0.02568795063269605,-0.0022259613599632222,5.090917727940082e-05,1.679802400243735e-05,0.0001468401281691442,-0.0012705659349533725,-0.00030602872005775666,0.0006525603762195988,-0.00018204737047868708,-0.00098730595317831,0.00033265358542061176,-0.00014299355654709411,1.7857058420670023e-05,5.397100647240626e-05,-0.0004778715369097937,-0.0418159945386875,0.0006668684294568078,-0.03630368804196516,0.0032089678496562144,1.6625660139010226e-05,-0.0076933840097528645,0.0001695003985388902,-0.0027903106233757528,-0.0004856533251626498,-0.0015869672754621105,0.00010847292015297191,0.00019907788064557315,-0.003723710412010865,-0.0004610505921612716,0.0004892528934720645,-0.00010370528969716746,-0.0016756725413620884,0.0014547779778012857,0.0020176646391230936,0.000953725386897203,0.00025508994607200677,-0.00010851421930162686,0.0005745534362561035,0.0030736048819965003,-0.0012772035243285053,-0.005436416466882615,4.744154318205018e-05,-0.0017033016127306812,-8.319933216596105e-05,0.002716903885909717,0.00023419490234495035,5.213945676587825e-06,-7.737154801445208e-05,0.00021465195032996636,8.684324161183663e-05,0.00019861657754439294,-0.00025306273403082405,-0.002459958712906034,-9.650488477716199e-05,0.0004197247803851593,-0.0003599988314398955,-0.003950269078165421,0.006626819844504051,7.822893253506616e-05,-0.00021230518657551142,-0.0005897366947539059,-0.0009647007001513889,0.014558980181381907,-0.00027791595771076366,-1.2869175416464762e-06,-0.00021730991356864267,-0.0004744699127380244,-0.0009982979275619704,0.0011874463450595228,-0.00012853061676687994,-0.03802944982884404,-0.0053700193287147,0.04969103351032354,0.0019186042437731757,0.0003012399307076095,-0.0002390439218151602,-0.004073101860302278,0.0006480677959942701,1.8891229593740767e-05,-0.0013837210269973125,0.0007137463915908703,-0.005189400588364374,-0.0005209651649410417,0.005284151680150966,-0.0006277782718693199,-0.013640856970101568,-0.00018112455785219018,7.5493520487779e-05,-4.9233260923172914e-05,-0.003830349097253702,-0.0002496148686744557,-0.011134389833944217,-6.17145984538707e-05,-0.001202556904012879,0.21193294324386544,-0.07849722926678666,-0.0004198895543701492
293,0.005007616027508064,-0.00011402506487031422,-7.651287485597991e-05,-0.0008389880282459727,-0.00014076947094499481,0.0011522301008512086,-0.00040987923036089067,0.0012031280212013652,-0.010252722769604036,0.0002954368054769894,-3.16365189979911e-05,0.0003300988901290625,-0.009522898039289362,0.0014958398563872368,-0.00032446902518781795,0.00201507819952293,0.00346176710877318,-0.00010015036946561546,3.058612047243756e-05,0.14337291978365357,0.0003274628069573349,0.0001115409088370909,5.1038466051840994e-05,-0.0012397943013235293,-0.0007611996289646292,-0.0009576589175841156,0.0009902821815613735,-0.044376763539812986,2.295471488455731e-05,-0.0015340385097706748,-0.0024629123883337326,-0.00011647675198105318,9.717307130373406e-05,0.007161743158539686,3.614696167447348e-05,0.001364433294139134,-8.462605631026328e-05,0.002148325097137652,3.0936886442267317e-06,-0.013065450695823903,-0.00600840303451931,5.8250261559423134e-05,-0.0025156709892475773,0.00036507504417818745,3.49238891026761e-05,0.0005926421304134555,-0.000841985650386786,0.000794946448682052,4.586755391950224e-07,0.00010073049773064906,0.00020879263439290384,0.0003270755199774511,1.6760542076094294e-05,-0.00025159029061395076,7.311380059286249e-05,-0.6975579188586347,0.02269496644148061,-0.0994136280793622,-0.00046752191596100554,-8.324450765687108e-05,-0.0008406458892759749,-0.003773714490592541,-0.00142559878203023,-0.0011334697398666627,-5.5247572512091264e-05,-0.0009894020425793907,-0.0007625252485173923,-0.00011060379491068125,0.0003580723098213661,-0.00017803480359362966,-0.0016661288259997142,8.458659241666975e-05,-0.0009763682704370392,-0.0001617866738955079,-0.0025251026502549198,1.184786418149215e-05,0.00017533449809098087,-6.526085604624792e-05,-9.801666496503316e-06,-0.008991807690654262,0.0032259287994966844,0.001067121981530458,0.0031489374011525015,0.0015586226816388534,0.002134921494956609,-0.001213980694435104,0.008558460705668198,7.418665419167692e-05,0.00015288068511313483,5.053820592117696e-05,-0.00026801659988066797,-0.0002088788995678755,-5.4855399912703134e-05,0.000389306223518987,-0.03271696549417443,0.0001808760593273364,-0.00022975226864763325,-0.0005832615989854188,-7.706338381493084e-05,0.000261315680133518,2.5898181383139304e-06,0.000158664873993946,-0.0002424979213709738,-7.64600702897883e-05,-0.006613178439101655,0.013615628111787351,0.0002720763210863368,0.0017394618874868064,0.0005879436636850085,7.07743563494518e-05,8.382804014137523e-05,-1.882061092393526e-05,4.8865265991957126e-05,0.0001905891562347592,1.3872285754418234e-06,0.002613594909774837,-0.0014409554346743712,0.0037418087245556938,0.3952351233920029,0.009693565720931309,-0.00037073600371293576,0.0006104850317784443,-0.00047789635226259367,-0.0030848824813669725,0.0062634513092903335,0.0008828770704745661,0.0011305731072676153,-0.03367810131875872,8.319462234403219e-06,-0.00016549712371158104,-0.0035468364394556813,0.00020153703093541244,-0.00016354316913065993,-0.00014645352497113097,-0.00012735619630096498,-0.0006596373773564409,7.542208472282978e-05,0.0004417197923672761,0.0002540934814188712,0.0003361054355805679,2.6967807115920242e-05,0.0006951683941399797,-0.00019210342993573342,-0.009469441259720079,-0.012608265855615884,0.0015564753916057065,0.0008864115774124275,0.0002812337911924326,-0.0017174162668920144,4.22299542530639e-05,0.00039874381863433503,-0.005546273793296096,-0.009362344470034029,-0.0004871558592894512,-0.001959262593880775,-0.0009030786485600024,0.001346261316670724,0.0001716550445964647,0.0032010722870658786,-0.00011947884773483644,0.03803187182404362,0.0006580329210224363,-0.000708072423816723,-6.448145301735445e-05,0.00017399702985520637,0.004120054942790689,0.0013486104955810162,-0.00035497948136415866,-0.0016840784357573316,-0.0004832182415827361,-0.03626448294256227,0.0005209351205643807,-0.0005264568401586146,0.00047276041594172986,-0.0001774425456527312,0.0006186519273841939,-0.0004773284601748614,0.0004537553202960219,-0.0010335287203216404,0.00015251266115274891,1.9003599762770773e-05,-0.00010750704547841721,0.0008949593008905406,0.0005246097187753048,0.0004247950384349791,0.0007948114841661302,-0.006648010756489187,0.00021903145483277383,-8.559524197323393e-05,-2.7371330527199353e-05,-0.01498175123369853,-0.0002490607079990888,-5.686046783627552e-05,-0.001377158654877276,0.00011366903596112671,0.00020013188471751028,-0.14157311428131436,-0.0003960271677117654,9.602204091417816e-05,-0.0007706111129586521,-0.04700903684759647,0.00012976655133230437,-0.0087037460181548,0.0016155688525865426,-0.007816818478673649,4.691774039292324e-06,0.00016783783493361685,0.0004110249730560102,-0.0024744916925844,0.0008290885570590462,0.0005283853050415841,-4.654601025785507e-05,0.003936179386073362,0.000695862832075957,0.00010055042501731781,-4.128778267957546e-05,0.00027952794521006116,-0.0002713129402432293,0.04997506810212869,-0.0008360767955278901,-0.009690053133382864,0.000999946929269992,3.211222733650199e-05,0.011597848783499742,0.00022176762984242585,0.002201950086445181,0.0014659755588070115,-0.0003263218835580098,-0.00019373584388819977,-0.00025922373857955125,0.003184443903356671,-0.0002815643137669289,0.000346135999002321,9.283477313882892e-05,0.0026852270005859255,0.0021961655196602757,0.0028519677605313445,-0.0005950877256984885,0.0004266923955763943,-0.00011583723078630362,0.0010883229537885027,-0.012205121330213314,0.004150148164755868,-0.0023775549786172316,-3.2893075856002454e-05,0.00012103830720371197,1.2469648330114752e-05,-0.0038591940607490384,0.0009412557717737515,-0.0001452848483620298,3.7964133839023338e-06,-0.000357835442638706,5.469011715114884e-05,0.0005160987430056184,0.00047759384049108657,0.0033383607933282107,-0.0002619782203948373,0.0005595307653307413,-0.002122768758403085,-0.012605510891950169,-0.012248051622165919,-0.0007761033310383048,-0.00026113251368353003,-0.0013807639077734347,-0.00040805219651762276,-0.02391498203939611,-0.00037082486926765163,8.496811477194492e-05,-7.395348534714103e-05,0.00029116788197925466,0.0002394351395833266,-0.0029013150055744266,-0.00015932492514522992,-0.00561551528246464,-0.005176906180280648,0.4408795630313932,0.001396197927860898,-5.210774185632552e-06,-0.0002808378211550053,0.00010199882288845948,-2.3096472290273524e-06,1.2285112653956376e-05,-0.00027314151284236137,-0.0006735459760870712,-0.0011887487122652517,0.0012755693348663762,0.005945822829423653,-0.0009309424109627249,0.013939512380653215,0.0005058093136543224,-1.4122189725011836e-05,-7.553616706439982e-05,-0.002870037906136288,-0.00035871401027970026,-0.005445950966026637,0.000468415090783993,0.0014523197193329852,0.11052921324736195,0.2902711158301403,0.0008966063649698253
294,0.016804892893089923,-4.3273707575189335e-05,6.500199726187667e-05,-0.0002890167577331631,0.00032540785013719393,0.0009160460222169091,6.635622711892962e-05,3.006493323008501e-05,-0.007570975431427689,-0.00023589916112083317,1.925257805602404e-05,0.00014608185065651674,0.029270186980055582,0.0008563096191100857,0.00011221082209033131,0.001118822948734905,0.006874027372502953,1.1716212974313689e-06,-2.9634627175402495e-05,0.7574716057706484,0.00028166860675231387,0.00013487861772764828,2.952480522991005e-05,0.0018935163912819075,-0.0013880574101541414,-8.850385570575298e-05,-0.005045039786218383,-0.01650228341596304,-0.0004230613243588928,0.0020581159672951235,-0.003421755556908111,4.2265620403368316e-05,-7.770127400693445e-05,0.003822372379531331,-0.00011545050193627338,-0.0006189005736315263,2.817253368963407e-05,8.352725717859473e-05,-1.3749465187078494e-05,0.003300735420537113,0.010431294993729506,0.0002640701512164646,-5.57773819427872e-05,0.006055144546889293,0.00018954493686558493,0.0006524898999641596,-0.00030969122841898247,-0.0024595292246310414,5.704627465556668e-05,-0.0005462856355667838,0.00015151962901437804,0.00017093564772463054,-0.00032474465725026297,0.00030504562013706354,9.820693325460206e-06,-0.10654251248748603,0.11070962213635113,-0.08464472811060689,0.0016467711812181616,-3.340310310008879e-05,0.0002815565834964915,0.002132388861960159,0.0003521134955522666,0.0014615225377154956,2.7756738369211567e-05,-0.0026031988010161104,0.00030953884828318007,0.0006946654130981014,-0.00025001801757477157,8.742651337462215e-06,0.0003904689082584213,-0.0002794214861896842,0.002791214500018932,0.0004198820246784905,-0.020042746920510404,-7.1797370705742325e-06,5.205172875513697e-06,7.308553305767837e-05,0.00010586443516866911,0.01043414573043998,0.005249035246374189,0.00010552291084552426,-0.0021737837675155367,-0.00047132165729701567,0.005649070560771011,-0.00021877736177250764,-0.016677897953691324,-7.068347170985367e-05,-0.00010778063639811826,-7.446675058046803e-05,0.00031847456942896374,0.0005655995163493222,-0.0001446627396691491,-0.0005847120610721832,-0.05004921181922327,-0.00040062967545615846,-0.0006413899029047605,0.0009240083651440405,5.403222513942346e-05,-0.0005180697291602163,-0.00014247267537746862,0.0002917736706695914,-0.0001467806895378808,7.95796159158979e-05,0.0009231958798551383,0.01745521975341951,-7.48607640012125e-05,-0.00030633516869945894,-0.0007814218886142178,-0.002338271011384811,9.588178549612553e-05,3.20258625700065e-05,-0.012813422165305005,-4.690844260363258e-05,-4.6635084265719134e-05,-0.0017322806395622392,0.0017832451880338586,-0.00018055230121938933,0.2513986391982255,0.009472559467065558,0.0009888423049478328,0.0006810476281073384,-0.0001796910596107721,-0.00016789665646747267,-0.013967788390767937,-0.0007193262842301804,0.0019198680683733963,-0.0687190704262708,-1.8038664668540427e-05,-7.081480043565763e-05,0.0024159217711606255,0.00025794551910527557,0.00018055010897053206,0.0006500000280847823,7.676153241144117e-05,-0.00033637902237707235,-5.6032351328921814e-06,-0.0026257054496632536,-0.0014385559627902167,-0.00010082801730394719,0.0002001382524323414,0.006167090596315523,0.00036832012533075716,-0.008687845273251914,-0.0011497645245541368,-0.0005735926752917725,0.002134336830559633,-9.985348062048222e-05,-0.0005468671010240749,-0.009968274886903427,0.00019999480411224662,0.01615019139468362,0.03158624050249944,0.0012095603128566563,5.8705547222079324e-05,0.0003744949845160445,0.0004051360489937886,-0.000160990895986729,9.060593364727289e-05,9.291056078850014e-05,0.016349398046101846,0.00048255316879774655,-0.0024747137507867174,8.235896030527956e-05,-0.0003759008939340988,0.0033724439213790314,-0.002562565001422889,-0.0003095920204062852,0.0005206491140252907,0.0004294976876356646,-0.049813786184856115,0.00017952709393036226,0.00035485331663225126,0.00011771174425909137,-4.22392231855806e-05,0.0035431863618844697,-0.0011249446488966813,-0.0006894642548298273,-0.0009882333181431158,-0.00033244851653621565,4.2361628053544376e-05,-8.79631808913062e-05,-0.0009003431320001309,0.001622628403983536,0.0004437997847395901,-0.00017934171670296734,-0.03760317566927852,-0.0007815470494702877,9.450567471906701e-05,-2.1296927809488168e-05,-0.010979581448272588,-0.0010785303671450239,-2.644250361805156e-05,-0.0008540834388752853,0.00015945334120393007,-0.00011522353392610929,0.031108724059239493,0.0028168410595660214,-0.000766030179571664,0.00196444912696733,0.039261880318457065,9.375917035817777e-05,-0.0013964623546178405,-0.02192627718952024,0.0028956160733276614,-0.0012437608867734342,-0.00020563944472117013,0.00013362824227190068,0.00020129820046598922,0.00020144728094074332,-0.0011294568864905572,7.954255923786624e-05,0.002353184287232355,-0.0021043120580198447,0.00010220593574308823,0.00030406743508389305,-0.0003410366242103946,-0.00017857789105623495,0.016873658191811657,-0.0003939676856717098,-0.0010456390012820007,0.0005248010457574205,-9.40336333771245e-05,-0.00418251797332056,-0.0002526917254044613,0.0002966482051483055,-0.0007848695675844201,-0.0008308680195602901,0.0010406670233915616,6.395048854029688e-05,0.013711579909730624,-0.00014807672320367275,-0.00022986855701209036,0.00017141764813202818,0.0008327987147293055,-0.0011287108098184586,0.0019224442240687507,1.3675022347836574e-06,-4.884090478619548e-05,0.00032846776329011496,-0.0005245424011245184,0.0011804160661137487,-0.00013247858374574803,-0.003836478869902841,1.388418883136594e-05,0.0005506664620874571,3.867989818568627e-05,0.00018007459879799872,-0.000581926330823237,-1.8776456021944027e-05,3.672574583925281e-06,0.0006110802320683072,-0.00020880853150523175,0.00014290426330332284,0.0005656136102019232,0.0012217151521008995,0.001144900276416394,-0.0003850897006970927,-0.0032000565563536677,0.0032653550200671747,0.051790797151062676,0.00040284753331390304,-2.3046834746826006e-05,-0.0011642909724433395,-0.0007093992907822198,0.026355152784662737,-1.5187693201123079e-05,6.771888584515551e-05,-0.0002592874503073617,0.00019109575453006038,-1.3053113880579404e-05,-0.001320735849397025,-0.00023994665819282533,0.019228718761286727,0.003167169287989934,-0.46675616155423294,0.0004221702198134482,-3.2401033119747874e-05,-5.743269904416506e-05,-0.0007248035520550991,0.00018131581977040047,8.83825351659373e-06,0.0007126985736553618,-0.0017438861207133161,-0.0027101332332921794,0.00020810031180874984,0.01654662311545174,-0.00014016032901600136,0.015542541512814381,-0.00015153222455873555,-0.00011297100706431085,-6.170117814233676e-05,0.0007493329209244254,-1.66978739278012e-05,-0.016870084019001693,5.47207688100515e-05,0.0016467542529809247,-0.01068649340075795,-0.2994863429906944,0.0007013543526022256
295,-0.017739371912655115,4.559389556520535e-05,5.758231075433766e-05,-0.00022520534302945903,3.801049941171489e-05,0.002209473949591839,0.0007692631005413973,8.903762332699086e-05,0.00011902165639027587,-5.758922193523433e-05,-3.532000992621104e-05,-0.00020610378125604858,-0.011070421503261343,0.0022829849682603,0.00034518899084897553,-0.0003021878856877165,0.011163633596525335,-0.00023465718698678292,-2.0457640191224452e-05,0.09850671851124923,0.0002848450342814515,-0.00012069932266975392,-9.31797113621867e-05,0.0013221553512753371,0.0033629833705323547,8.865061088415838e-06,-0.0004490283841436689,0.009771579968487501,0.0014120427209819639,-0.0003826573729319542,-0.0005693349088650764,-0.0003327966182350064,-8.814039315607411e-06,0.006468545388128577,-7.713961110896936e-05,-0.00028735921473013216,-2.0261496789159873e-05,-0.00030955337798538194,1.7638670612357254e-05,-0.028606873312624195,-0.01533080105464629,5.702374302467804e-05,-0.005784851604894281,-0.005229392986183386,-3.6460387319893484e-07,-0.00025523230206175493,7.228521569026172e-05,0.0009209422377182858,-3.108271883196949e-05,0.00026836068220472374,0.0009019045669391062,-0.0003668192148123293,0.0004935760475516639,-2.9840717285566608e-05,-0.00023077937047911133,-0.03192532676445639,0.00919028892416257,0.6945055770085714,-0.0005757101993941404,7.076047318838822e-05,0.0005198276620290529,0.000876267360369044,-0.00035381660838432064,0.0010737423132829802,-6.469870203405347e-05,0.010394497402920198,-0.00020138395466809045,-0.0012389660146185856,-0.000612386907562324,-0.00011296457091997981,-0.001081159377895444,-8.848171381932489e-05,0.0029534114789847004,0.0001569639058683979,-0.00793283419048699,2.333903637014717e-05,4.6853781586028015e-05,2.6371728044573666e-05,1.9262595742367255e-05,0.003227104632560596,-0.0003010903817504244,0.003214566422251634,-0.018056757633572677,0.001315680109296127,-0.00423270774307914,-0.00016181742689624565,-0.002446103015036392,6.622483848162629e-05,-0.000245776282092533,7.651628651265258e-05,-0.0003399067626013416,0.0002120784766027257,-0.00019831846995533274,0.0005864705012252301,-0.21844306843550024,0.0007461908417525326,-0.0011690161234726429,0.00013339574889652,4.8037875310446426e-05,0.001649330878593457,5.9516961028435776e-05,-2.5112144490273356e-05,-0.0004778100736598798,-0.00014850935293754357,0.0055071717727426086,-0.018087389314977855,0.00040517022912501654,0.002121843430423192,-0.0012097269862391354,0.0007476050140117686,0.0001473619029593743,-0.0004689739037898675,0.0005736051165238527,5.757644321152319e-05,-5.0794486180936495e-05,-0.00041481147982713436,0.0001997667116193705,-0.000461521661829618,-0.09356666203275205,-0.013626909377296575,-0.00014091125304056124,0.0007485818374167287,0.0004376305403342184,0.001725836462284227,-0.016089758508440723,8.92894261910861e-05,-0.00028094027141213303,-0.010018804622379826,-2.0730232754510164e-06,-0.0003221753749335127,-0.0013684901033144694,0.0002793614562265006,5.673394655051874e-05,-0.0014509780194748262,-0.00032436625193294714,0.0002963994751018304,-3.814129731975237e-05,0.0026664084430249773,4.337218128140066e-05,5.795334836345561e-07,-3.130323433626729e-06,0.0057093066738505725,-8.894665376439302e-05,-1.4089498841813404e-05,-0.002417618544280164,0.0014857803015995397,-0.001233592682229689,-0.000294013363865454,-0.0003334001791896386,0.007916122030906194,-4.694683947237103e-05,9.94512443223259e-05,0.00030215227011668236,0.0014553725671835114,0.0003473998576804288,-0.0005280438396357617,-0.004523471525319319,0.00013937419079320052,-0.0006605912575684061,-9.266551815344877e-05,-0.07604428862514626,0.0001843651125125869,0.0014825217668341143,9.745781175520105e-05,0.00024558085974258704,0.01600785258482288,0.0032681270355871704,3.7521561703568636e-05,-0.0032714139393570513,7.473174343782234e-05,-0.01270748612873078,0.0016177816168565038,0.00041876681622965125,-0.00023031275932051303,8.895371820093895e-06,0.001628252081285443,0.00045300905166400764,0.0011610588808878362,-0.0005932683083422854,-0.001023263340079867,-2.9610813496401545e-05,0.0004610646356162044,0.00035380572961892084,-0.004287528232564213,-0.00024756995906568624,-0.0001322116304955049,-0.01648541683044253,0.0005896622422595895,-0.00017138586510122983,0.00010852249258517241,-0.004668793298195528,0.000348221962890921,-1.4056274037888006e-05,0.0013154896218969805,4.866741964679698e-05,-1.6500773482135134e-06,0.05923560925305073,0.004656567561285448,0.00042493442831985253,-0.0010899690248396257,-0.14236921034609581,-0.0002412704897885808,0.011084231085752488,-0.005410973706037983,-0.007136867729790917,0.0019521463272283357,1.0311898482070255e-05,4.045793069653615e-05,-0.0009091372979253284,0.00013516016153823434,-0.0011945039739753728,9.558927245295265e-05,0.0011745086733823237,0.00013395071373485884,6.330165865466031e-06,9.438895491830658e-06,-0.0007246578083814497,0.00028560702989221436,0.012045326729839333,0.00011366436763287789,-0.0035252897091228295,-0.0015333199928215483,-6.0486222252986634e-05,0.002463376849779349,-0.00030411783117608923,-0.00020824225678558648,-2.9544967172139415e-05,-0.0002620896900359063,-1.2976530699032726e-05,9.762089943640764e-05,0.0035348002931693506,0.00010795502068782761,-0.0008889922779859042,0.00034429557131365274,0.027031326109452133,-0.0002654460400432568,-0.0024259927465919407,-0.00018945696496267764,0.00011491641081198936,7.800836006988327e-06,0.00019045545438403514,-0.0027600729493278825,0.0019078148279910406,-0.00038903324289075845,2.5263638112341807e-05,0.0019313670896629266,8.529393789117901e-05,0.0014637203027651838,-0.0016615466269094036,-0.00012462968813618195,-6.946169720484056e-07,5.00923123632781e-05,-0.00014567603498346466,-0.00017907539234915393,-0.00016737584656152183,0.0005407680919859654,-0.002096666860602227,0.00010868006635114514,-0.0019228726042241366,0.029455479142361296,0.013216235556056537,-0.001327932853372082,0.00015791699358581922,-0.0006156448890536261,3.946023967888033e-05,0.003874110922299575,0.00027266789244745414,0.00028816807252150974,6.323124658996293e-05,-0.0010682176606996987,0.00190401986018917,-0.002753500534927788,0.00028171421399421473,0.001963836843818411,-0.004575725063809485,0.01295980526401521,-0.0038629470652743955,0.00016956122906163114,0.00018763730157102856,-0.0009796986941612712,-6.531818981442175e-05,-2.250681862555476e-05,0.000916544273887963,-2.7874435991164176e-05,0.00015489001685895073,-0.00934953794486062,-0.11209572407952828,-0.00232157336124274,0.0046458708710013594,7.852561257532236e-06,0.00017605937381233536,-0.00013505665830699717,0.00012317756775765895,0.0010708454223307831,-0.021000946938597793,-8.305107623559228e-05,-0.0005539554262560479,0.632496123407957,-0.030975197711991462,-0.0017743087548365757
296,0.014665385569488836,4.2321522175783194e-05,-0.00011533436791562844,0.0004624630659149269,4.477936543291483e-05,-0.0002296547412783314,0.0002771247690383713,-0.0009218988231059731,-0.002257985050423423,0.00010794761803268813,3.254401165964094e-05,0.0003138630014233104,-0.025552471398991854,0.0018729660582362771,0.00010520566196304398,8.323608016661682e-05,0.004319481529077674,0.00022081885615756608,9.541944012779469e-05,0.07384794671959344,-5.049671194701927e-05,-1.4595288903629378e-05,8.522343216264827e-06,-0.000359340474789957,0.0030276103189836173,0.0006783113942180619,-0.0006586215004292725,-0.01222517926357768,0.0010394526597600831,-0.0004753541911243393,-0.0004865378034344045,0.0003213799901123221,2.3472126676832294e-05,0.008142174965402784,-0.00018807558978693045,-3.8765121901693234e-05,-1.0646169279808493e-05,0.0006212181534059652,9.436838250035305e-06,-0.04386009797768055,-0.0072608512489639575,-0.00015380823949470213,-0.0051577499579806806,-0.002886747763379411,-6.845752767252813e-05,-4.598054387136964e-05,0.0005199477702121078,-0.0005578744520406799,1.6601075640392183e-05,0.0001783781985431448,-0.0004901595201511162,0.00038938788084060227,0.0002323010912517701,-0.00012791754207489145,4.2830158498085094e-05,-0.025443754779734644,0.025570475387921038,0.6750545743631281,-0.0011403640656236385,-4.992583560118279e-05,-0.0012496198543086399,-0.00042215861407013427,-0.000882744221660021,-0.0009524628835014233,-0.00014418278134132288,-0.007908398209297448,-8.776630634556636e-05,-0.0012266005371259748,0.00023059373229757885,5.767335756542459e-05,0.00020669139776746117,-0.00013427057652778832,-0.0008724593105759964,0.00032709287426443593,0.0022959968646129444,6.5530124941952025e-06,7.261847370473081e-05,-4.388501463681408e-05,7.668176857965467e-05,0.0027346093615580104,0.0010948185605942783,-0.001736872238839253,-0.021131281105783023,0.001117373933239187,0.0014490912972724005,0.00024673994306514046,0.0036756013831954638,8.79349865168513e-05,0.0004464198253926236,6.577411269465157e-05,-3.962895094114429e-05,0.00022735656789297067,1.871678367510593e-05,-0.00027109603545826585,0.18177116748277308,0.0006782749767052107,0.0012274871505436567,-6.872196367454023e-05,-2.3094793743214798e-05,-0.002210763340162121,-9.306636446885477e-05,-0.0001447659232677494,-0.0004095838132475375,8.888480844402268e-05,0.0017002530944298664,-0.029650255802370774,-0.00024010100960502028,-0.0009294838329908245,-0.0008421015225207641,0.000327419365111843,-4.977619009892062e-05,-0.0005416776822967327,0.0005452973802286564,0.00010243809017173016,-1.9256117701836172e-06,0.001733923954004212,-0.00027251562007959344,-0.00028574146052266964,0.18704709866669467,0.0047103662867676276,0.00012790354219909894,0.001655602086282086,0.0002994072735944568,-0.004434941439910856,-0.0031826429847226,2.0012866643983815e-05,0.00011956662467954994,-0.0027331955720205333,-4.021164894455788e-05,-0.0012353760510496817,-0.0020669985755825478,0.00017105615716467282,0.0001756553142735855,-0.0010499815649445939,0.0005327997134239965,-0.0002638464021180431,0.00013650029500418027,-0.0004932240321742537,-5.25974108928474e-05,-0.00020418982946936344,1.4070637589366428e-05,-0.000291235958815088,-0.0005292504901244714,-0.004093604208909092,-0.0017336692961820652,-0.0004844868461457895,-0.002435895043914225,-0.0005190847520841875,0.0006948932382391885,0.001120340563391332,0.0002344072850673605,-0.0017761090284599407,0.010673253298226893,0.001380938830382555,-0.00023247297190597156,0.00031127329339879835,-0.0031032757392035577,-7.956208094801634e-05,0.0018609074185382602,2.6471942219547634e-05,0.005562670169514339,-5.057094117549541e-05,0.0013256433521913818,6.459652862656861e-05,-0.0007884485564444552,-0.008401826882063507,0.004407480607828192,-0.00030503717687794477,0.0031009028202485596,0.00021373139363400863,-0.014584723290465413,-0.0015109241251962087,0.00019570184853328083,0.00042396322733461887,5.4545410300917835e-05,0.00020414044523854997,-4.8949938793581375e-05,-0.00018148454297343616,-0.0012628418159075492,0.00045414846622385437,8.966470111452379e-05,0.00011315115795028537,0.0008147596993051658,-0.0025975225697630814,-0.0005875259415039747,0.0001278410018073434,0.0025382062127813857,0.0002777120439957379,0.00019814236635730745,6.432599252153773e-05,-0.00038062545862428167,0.0007796818376427466,-3.940939039018959e-05,0.0011951772756279995,-6.836040641422774e-05,0.00030789834081830676,0.03067668795358314,-0.0023818491612566323,-0.0001676847584666341,7.846388300939095e-05,0.0840531989495368,0.0002413143091082818,-0.009264899083259347,0.003318515982225873,0.004147075954316018,-0.0005803961230220853,3.870305724273156e-06,0.00020177740591823153,0.0003530273176202499,0.0002479450015499173,0.00031151449580918064,6.482713209613779e-05,-0.0012405589205478499,0.00012736184101727957,-1.9395558175060168e-05,0.0002487898918244847,7.376359932752133e-06,-0.00015622404442562773,-0.005896369832341662,6.501403609256666e-05,-0.013053699945102762,0.001711799503877033,2.968963422000535e-05,0.0013187450097871482,0.0005764773713305188,-0.0012143157738631887,3.5423479103413656e-06,0.0005670951530138752,0.00021719608053476181,5.804877528544879e-05,0.002032666658392047,-8.609364003546232e-05,-0.0020823796465461093,-0.00010290509181899184,0.011052966668346369,0.0007037895901324178,0.003555106301068715,0.00013084285364577163,-1.4826340739959424e-05,-0.00014121029405095287,0.0004115723069726858,-0.0051983642601195245,-0.0009714059593847917,-0.001332932121064238,-2.3205399754240227e-05,0.0013555858390847432,-6.692957075866296e-05,-0.0007025744754593802,-3.5340146873295614e-05,4.528898228035069e-05,1.6622524123066987e-05,-1.6804181565474932e-05,9.415023616208553e-05,-0.00048752922642430075,-0.00043501695238098124,2.290224524494446e-05,-0.0008073874134770101,7.080269746660478e-05,-0.000838485187928933,-0.014415760290802966,-0.002030653303482224,0.0019133293889812622,-0.00017910170669464126,-0.0007361642078647715,-0.0002514854328256031,-0.007139330733493836,-0.00017276869094704547,-0.00012411589829275024,-0.00010925892582909795,-0.0002278050010283844,-0.00025818400673892025,-0.0024676718900554884,0.00010613891208229032,-0.00458670540013194,0.0013953172810636338,0.08848046451265143,0.005316979405276574,-0.0001278614204928111,-4.904008101321036e-05,0.002648131489431686,0.0005677212068936498,2.4394835753101772e-05,-0.00024005864106401575,0.0003656093174873332,-0.0006432980936609502,-0.00791096938259174,-0.0730118902653805,0.0022488533549099017,0.0037514966870619646,-4.9452893879999276e-05,-0.00011604991075450568,-1.736231382437125e-05,-0.001237440237703673,0.0004011300378233746,-0.014438368870918195,-0.00012000024708060802,0.0004255335894085468,-0.6638105071626327,0.0373202892461809,-8.13631687033498e-05
297,0.0011337275714501528,8.38864139090041e-05,0.000527325793003043,1.1230610057758961e-05,4.080190138330288e-05,0.0008361177725176479,0.0008078730591499711,-7.5707055104143415e-06,0.004912390830743222,5.223401785357752e-05,8.480979723659438e-05,5.9777327441098115e-05,0.006961293108175448,-0.00811296705804165,-0.0002072215248906115,0.0002428150603225399,-0.02079882110409441,1.1576231634770513e-05,0.00027209831478045227,0.010359181089546839,-0.0007155493915565526,-3.5821361329518506e-05,-0.0003584622258592969,0.0001194744392267388,0.005057362770943909,6.605959607363775e-05,-0.005057991168853475,0.0020678906404815707,0.00014348914281548568,0.0004793332296537025,0.003557384755647885,8.565986144799939e-05,-5.601202978260675e-05,0.0031560201615164294,5.743367059473682e-05,-8.142538916305398e-05,0.0003016765588551651,0.0003241176039616654,0.00011064874521302332,0.0025658338733641098,-0.01664730854998121,6.308544349120376e-05,0.008524328774802609,0.0007787530649494478,-0.0003455448753439854,7.033092556316741e-05,4.3575104441199736e-05,-0.0017061489854773104,-0.00015150842831097356,0.0003205231200663124,-8.051099938856821e-05,2.889569364811521e-05,0.00010942869630420999,0.0001661621766164119,-0.0003016197878816019,0.0009986067947680278,-0.0756712404179292,0.009415891080917966,0.001219057382062211,-5.0823058697333206e-05,0.0001890480298201251,-0.005435052691012889,0.0013055242964849314,0.0005921425326294164,-1.2190994239183852e-05,0.0026588589901666315,0.0008498692406238521,-0.0010054836104537435,-5.756148837400805e-05,4.3702574205073744e-05,-6.990767807314355e-05,8.871486224862433e-06,0.00016577458222511842,-0.00023480018675098595,-0.0007407332471212068,6.834414034778951e-06,2.3951856746958888e-05,-0.00014009065291229784,-1.8107054321457334e-05,0.002443869976034133,1.1944074781417129e-05,-0.0018789859011206242,-0.0014793322485857955,-0.0009835232412374662,6.579726259827362e-06,0.00011537387895904118,0.0033201692372795723,-6.492227412452888e-07,-2.539924565794527e-05,8.480478289588241e-05,-9.382131388901993e-05,3.883190023197896e-05,-7.488286799646991e-05,-3.522413891720883e-05,-0.0032725853779995272,8.361879909097968e-05,0.0019002923844499515,0.00032697140812043817,0.00010208530165292965,0.00018660927044301617,5.283000957369906e-05,-0.00018283102059441636,-0.00033551029594820617,0.0004524532393704089,0.00022537157142614542,0.0004614373795850585,0.00016044141208691005,-0.001244717620132264,-0.0025502168725218878,0.0011768878016763498,0.00010386751088868867,2.118581233727119e-06,0.0007747167009956113,-6.0370252723093015e-05,-5.565293519070938e-06,-0.002840120656421979,-0.0010634430433906997,-9.885918914913437e-05,-0.024453469079660083,0.9954310164697183,3.2852748930282147e-07,0.00014381209546788674,0.00035819273507518645,0.0006683979840284627,0.0011758028168319216,-0.00044034037999059845,-0.005850133440799837,0.003966451074876858,8.393633139997664e-06,-0.00048609957825108876,0.0021932345771275576,-0.00047029369528992345,5.6802650933244646e-05,4.908719755730424e-05,-0.003707270043277023,-0.00028405962269146824,-3.1073405761000055e-05,-0.00015695193600774246,-7.609552667557222e-05,9.717914399617281e-05,3.101927531656715e-05,-0.0007151985507762415,-0.00291071249610238,-0.0003755036987808052,-0.010891241855833556,-6.902383876204038e-05,5.333492723683286e-05,-0.0001577940328605545,0.000239251038566571,0.00030004958066664653,0.00015188562390848774,0.0001358193337281659,0.00030765461281885613,0.000626009667783443,0.00018065271219464864,0.0008831868752698053,-0.007918823678778771,-0.0004534035779178701,-0.0031991555301684785,-7.014805206227606e-05,-0.008092740606430384,-0.0019793743500584916,0.00016223026333005342,5.495694345945141e-05,0.00010441545739497721,-0.01153116779078549,-0.0035126550933838392,-8.211842627581863e-05,0.00022733065027872776,-0.0003128286944355607,0.013173153462585234,0.00011568210488569104,0.00060789457786619,0.0004431605003828096,-8.23799307682815e-05,-0.0052138679029626435,-0.008619963254624576,5.326590689673418e-05,0.00023896274398320103,0.0016394132769687335,-6.864956833643352e-05,0.00019737980707215343,-8.110690467967498e-06,-0.004916118180805877,4.0016566260107466e-05,9.245874485873211e-06,-0.004783658815122205,0.0007404862200959632,-0.00021339830556857495,-0.00036430758130884873,-0.0033516298510567967,-3.4403080504688e-05,-8.435849961851982e-05,0.0006599972549408614,8.667626027227004e-05,0.00041477830934349394,-0.01281974995399943,0.0011448468711174164,5.435979983373432e-05,0.00019540189820222147,0.00018693035577894718,0.00037054018613758683,0.002031616950315399,0.0028115350661574038,0.00033863195145398563,-0.0005123454328248313,-3.2977951819101515e-05,-3.3089519603341725e-05,0.00010503386908151604,0.000169125878026258,-0.0013024443001750118,-0.0001689985320279037,-0.0010570511006662178,-0.0007709712807761783,2.1024216712675278e-05,0.0001710349357028536,0.00024212631419301216,-2.641004108706386e-05,0.0003273793298532953,9.159751578753718e-05,-0.0011581735956674218,4.520393624964862e-05,-0.0011652167039111583,0.0018158718904982643,0.000817331241771319,-0.000854907450651482,0.0016406219380654438,0.0001265463596138641,-0.00011370125719223298,5.5426688430962974e-05,0.00012870124440863222,-0.0001829219043165548,-0.000433820333378535,0.00025245875927087745,0.001164070520671001,-0.0018647323899428168,-0.0005861799353545662,5.8596751272231226e-05,0.0001466103809665675,-2.2289870641504735e-06,4.28118001511809e-05,0.002013688848350816,-0.006718223214877514,0.005162697553782329,-1.0246689109713082e-05,0.00026371438774013857,6.202309974813763e-05,0.00023708591048647479,0.00013383116461378587,0.00011157435122841194,5.003421121613878e-05,6.0533917375086795e-05,0.00012571649572101648,1.0696863555564873e-05,6.341528243092201e-05,0.0007313748881509747,8.171372465569067e-05,-0.00021968311025408275,-8.46473195176694e-05,0.008139361497728032,0.0006973980951253973,-0.00010589978114093276,-0.00031256109338178174,-0.0013840914162745657,0.0009113143724522037,0.0004451065857785301,6.477574763929931e-05,4.4877927961887044e-05,0.00042805937903956666,-5.304308276018579e-05,8.962510563597521e-05,6.469845757847814e-05,-0.0003436169108326128,0.0014020791968327707,-0.002097867929121097,-0.0013575980740124435,5.211933515538705e-05,-0.0004622305608447659,-0.0016124564597775586,0.0003384143915901094,0.0003278806835401644,-0.00013431687643693582,0.0023947871599291435,5.7630995755421723e-05,-0.0010458737858760393,-0.015214985943011542,-0.0009635315314760715,9.645098025800252e-05,-0.0019408518469232615,5.6266696978974446e-05,-0.0002492834513916723,6.968183370186485e-05,0.00023898442768534854,0.00048338057605099146,-0.002181742168324415,-0.00011478957137778809,0.00029780348869961357,0.006041302481092594,0.0038208654293128736,0.0003865434151984303
298,-0.04049240055736095,-2.3387452802406394e-05,5.495248702407432e-05,5.85973886707003e-05,-1.7699097539861097e-05,0.0002829301242842572,7.609906294515911e-05,7.892810523349447e-05,0.0007318965744960715,4.0979933905962995e-05,2.0562968494147738e-05,-4.166431445486174e-05,-0.07398735214332779,-0.0009587946283960702,-3.5135683833481535e-05,4.398720787134047e-05,0.005421027387132418,-0.00026165709652614666,0.00010539617708801852,-0.137131929315218,-0.00011075315620975856,-3.0516881564190967e-05,-3.9165127664442245e-05,-8.571879940369453e-05,0.0004791938662241646,0.00014201350749201702,-0.0006044119622863053,0.002577019710910178,-5.255486236649398e-05,-6.688009153921204e-05,0.0010570271522606367,-9.744795052807342e-06,-1.7273169339582228e-06,0.0011753077204696705,-1.079881743698205e-06,1.072180682973713e-05,2.0740178515155777e-05,0.0016065805461708675,-3.9992971084881757e-05,0.0021514990083040617,-0.002995968057461402,1.8408570161661947e-05,0.0003956067333097425,-0.0010060272327541229,-4.8179496273458716e-05,-0.00010986872685910844,0.00014435416059170245,-0.016247243864849374,-1.0843812859997592e-05,7.758312074247504e-05,-5.8761713652474845e-05,-6.567523093298309e-05,3.654108701950723e-07,7.770164862741947e-05,4.37207360488856e-06,0.011448901141734885,0.973459829708301,-0.010866652170828859,0.00013127584411066454,1.0823247393740992e-05,7.648901508849329e-05,-0.00047964440523788594,1.8422618960877487e-05,0.0002427904618991681,-1.347749729280201e-05,-0.0005944141059514609,0.00015114967732201374,-3.8559501255888e-05,5.569390721013351e-05,-1.1263904060171415e-06,0.0009698450293529563,5.9112223246246196e-05,-2.6431468647290725e-05,2.5045094026994647e-05,0.004137304105283606,-1.8855870578451256e-05,-1.9266453872760977e-05,0.0001168124773744672,1.7061941007395776e-06,0.0011573822211788428,-0.000637179725786416,0.0026709435531937827,0.0021264292837486973,1.4047906794880174e-06,0.0018650879430809713,5.2665660420767035e-05,0.010107050746489871,2.8487017034652118e-05,1.288321838001285e-05,2.4705571793216807e-05,0.001616255979283903,-2.744161759122188e-05,2.2295209311740116e-05,9.161319979352628e-06,-0.00345210051473957,0.00019818386571634388,0.0002217970168149029,-6.340167434911587e-05,4.2190458729760016e-05,0.00015786165539156494,5.237811862252679e-05,-0.00018164410792498352,4.840604859498955e-05,3.952697092074139e-05,0.003447934529790547,-0.0009610380314305231,1.6076799665039332e-05,0.00014970183584233146,-7.816159441920937e-05,0.0005361350677630891,2.9517625225022534e-05,2.1217547142871182e-05,0.0027962161330386606,-3.7825314435619914e-05,-1.4136414792462193e-05,-0.00020160900508597347,-0.0001706335162504095,-3.781708927308013e-05,-0.01663506209799301,0.07708491381472858,-0.00013978001122379657,-0.0002503377774791607,0.0006274584722300901,6.628727954431646e-05,0.0027069329973920453,0.0003318152442100932,-0.0016901410664310957,0.0066430694349041905,4.802081942124892e-06,-2.9297518403489584e-05,-0.00019643793450393153,-0.00013600292732536697,2.208155267843792e-06,4.2601609938777187e-05,-0.00037198033122935563,-3.3602984222155796e-05,1.639280652486301e-05,-0.0003458385312624934,9.304607517263749e-05,-0.00014214637393102775,-2.0113120189505906e-05,-0.0013168318293145203,-0.00024166975559647126,0.0004205780856648125,0.00035781430071747666,0.0003253951440128876,0.00016645244178845812,4.806562531747198e-06,-0.0006269338489353822,0.0020612189108466716,-7.063472297509036e-05,-0.0015600918388223618,-0.0018984523484665422,-1.1860854347812803e-05,-0.0009661879625445027,-0.0004417154511073244,-0.00048658375953433523,-7.534252915102546e-05,-0.00030518031195739086,2.5343429933339517e-05,-0.002148836753754227,-0.00018681205241413376,7.618208308789469e-05,-1.335305676033495e-05,2.3272662786941504e-05,-0.000856643614088274,-0.005148387277317412,7.367673766119033e-05,0.000533901198692446,-2.2722437912112148e-05,-0.12973914216675245,-7.269366725270315e-05,-8.744017657829348e-05,2.4829890226431284e-06,-5.714423050667827e-06,-0.0007337485432651271,-0.0034437624236920094,9.073589945601118e-05,3.4720195625824804e-05,0.00020321224348522626,-2.6048028190242545e-05,-1.0968686049539749e-05,4.289153362072376e-06,-0.0004844446126199813,4.652588587074e-05,7.617916348622022e-05,-0.033123828046295475,0.00039151253082541845,-9.968661783194173e-06,-0.00018130215469270043,-0.0015510537824008769,0.0006922747315879826,-5.692014463626327e-06,-0.0019961385653812086,-9.036733443889416e-07,0.00011802217573970986,-0.0018365989742224823,-0.0003137742527118707,0.00010415046329983156,-6.489288222861329e-05,-0.006257839692310738,-5.878867651824826e-05,-0.010262588804681335,-0.008436174504100967,0.0010887474250735846,0.00013818756494153638,3.3592147716622394e-05,5.917838006820955e-05,0.0007052300394954488,-0.0001282504369534978,-1.7662565254172673e-05,-8.976420818243916e-06,-0.00021106049882136236,0.0002151533563349156,-6.680523475849527e-05,0.00012905887204719404,8.425471497550347e-05,-7.741431292366749e-06,-0.004910486432608663,5.7101431807851134e-05,-0.0005319014205925551,3.123527226397255e-05,-9.903923050428014e-05,0.0013261950879367018,-9.090849174982663e-05,-0.00014744562857672665,-9.277419193780626e-06,4.931170957229276e-05,-0.0001162137314220271,8.721798633390268e-06,-0.0014017489905891797,1.3460800913952208e-05,2.134760311870397e-05,2.4068446413589607e-05,0.0033471079735872267,-0.00022537496475522056,9.764279815782954e-05,-2.906921749736002e-07,-2.356438857316432e-05,-4.0439378210438415e-05,0.00022918723737970059,-0.02746502882479648,-0.0005830275640127574,0.0005595750955330385,-1.894177046186246e-05,7.497074030508562e-05,4.5982648580153635e-05,-3.341146803677395e-05,0.00014192759653416042,2.586293669634091e-05,-9.673563155343512e-06,0.00010788161997683375,5.419653445940019e-05,-1.3228752870101876e-05,-3.7480874045155155e-05,-0.00022846270543689593,-2.2532708474496538e-05,-2.066918798495146e-05,0.001587598317603637,0.0018850487005519709,-0.011421065713418112,9.809844820589386e-05,-1.5743872632395517e-06,0.00014773768030998218,0.00020471311131486773,-1.5664529329132044e-05,3.840454133446263e-05,1.0765001171260391e-05,3.62847237278573e-05,-1.2549844121240942e-06,-0.0002962601687769759,0.0006789491870825672,5.897872715416794e-06,-1.1919278485109097e-06,0.0009687236405205753,0.010915628121211524,0.00025654749682057967,-0.00012321077381512602,-0.0001142889902011595,0.0032761763338320163,3.1920534553087944e-05,1.7520602230908407e-05,0.00019010674972608178,1.8094181434690805e-05,0.00046134291052876003,-0.0007094777695579599,0.002228819644606729,0.0001652446784172444,-0.00024541972434927173,5.4761817227161336e-05,-3.675564367318796e-06,-3.5768934837990263e-06,-4.972007321143307e-05,0.00013716313464375192,0.002278155950810736,-4.370917928282064e-05,-0.00021256335245388967,0.010607872681084873,-0.005924201672331278,-3.504571090268832e-05
299,0.0006741755416139341,3.270340300613609e-05,2.6596998039221187e-05,7.379103170481957e-05,5.081782425296524e-07,0.00015196332419544303,0.00038265912540247403,-0.00045810691854636376,-0.00012051593628407443,0.0001243221255435526,1.0788516019526444e-05,1.5221070163946426e-05,-0.08539042070271938,0.00013779238449763108,4.350256193683339e-05,0.0002692906037143946,0.0005996253585647516,-1.0917106820902862e-05,-4.2661221865709226e-06,-0.0008869421303421233,-0.00037790013464863124,1.1172217389641276e-05,-9.57103644181126e-06,-1.0540743120786983e-05,8.087870138193641e-06,4.799576648592367e-05,0.00025049847648907653,-0.00017687363418420268,9.416550450128125e-05,5.536060855377677e-05,8.032448729531141e-05,-0.0015399788057278534,9.316055577719869e-05,0.0005151196298621267,8.323584132174239e-06,8.382990315000032e-05,-2.0155937491102976e-05,4.534974333130275e-05,-6.641748518325689e-05,0.0001957861682892043,-0.0006796643753295833,6.222062247857038e-05,-0.00015150538222415805,-0.0002392593921746887,-0.00014810345880436181,0.00010515802522609188,-4.8587755997840393e-05,0.004358314702682114,-0.00032092321363659266,0.00011954627910345633,7.946493909453435e-05,-2.143702054263109e-05,-5.301147095084901e-07,3.5528011602123724e-06,3.0508031682648096e-05,-0.012127844396227414,0.020372427660625338,0.002005493122741644,2.6663987343402212e-05,1.528511178435941e-05,9.068402666109462e-06,8.199760373712645e-05,0.0008099415925278717,-5.086074924275163e-05,-3.396128594521097e-05,0.0003270498438562488,4.89396119195734e-05,-1.5866195370579646e-05,7.40567139232091e-05,-7.41741586711502e-05,-0.0002316984355043906,-0.00034258463389413765,0.0003247388639000045,0.00019912086499945244,0.00020009274436533697,1.3399896201616267e-05,9.87233031890405e-05,1.423152186968632e-05,1.2672961427172389e-05,0.0010851174135487864,-2.0555001682970314e-06,-0.00019106276122931622,-0.00031315582257497566,-0.0004698386645070906,0.0001630193512812963,6.049690660626852e-05,0.003036063113315439,7.944742586949577e-07,1.6800104723183225e-06,9.766229829072902e-06,-0.00016961142615070973,2.9778241578340067e-05,-3.372652544922708e-05,-0.00012636089471242768,0.0021157383722558974,9.948901841557638e-05,1.19763600801955e-05,0.00011838415653521071,-3.9443673479822375e-05,-1.4256964598403655e-05,-1.957082314711818e-06,-6.055515514884983e-05,3.3485481208715435e-05,-0.00010703425835638901,-0.018489328119208445,-0.0003755688420845236,1.4658835760804172e-05,0.0022843128390399236,7.300925480020287e-05,6.314360822845758e-05,1.0604693379480563e-05,3.230439163177143e-05,-7.220662664570202e-05,9.23422453724741e-06,-1.508121375407706e-05,0.0003932053061937511,4.89741278150691e-05,-0.0012315996376792817,0.0007198012026643852,0.0004478262297374088,1.9240150891492618e-05,0.00024736143869667836,-0.0005775996895898055,0.00013865009316434167,-0.008087083126914628,0.00012147917042288898,0.00042846427359876814,-0.0007066786816247218,3.377433724020655e-05,0.00011041267413897896,0.00038438021891378107,1.97319944544418e-05,5.688608034851855e-07,2.7671804999411477e-06,3.765048765255589e-05,5.952307222374407e-05,-0.00012162222629893797,0.00015225943433804477,4.348864698700873e-05,-0.00013814391787581428,-7.523369307777103e-05,0.0003154989177050465,-4.445859121339367e-05,-0.00011822175467721485,0.0002719017243644331,0.0002563821945200848,0.0001890049959096532,-3.0454522511219232e-05,0.0001786963116309077,0.00023956443052844986,3.78754100067262e-05,0.00016569043469278873,-0.0035229345668350218,-3.986137642201258e-05,-0.00039325923914622536,-3.881463588202229e-05,-0.00034094642907265583,1.4499115630096492e-05,0.00023164711693433003,4.578005708091642e-06,0.00015445268859151526,6.269843674702735e-05,5.8077592050757805e-06,-1.1950865499172486e-06,0.00010011813130226285,-0.00022837651083898165,-0.00014179999006743745,4.7542365033070855e-05,-0.0009776061264632472,5.7908530799910714e-05,-0.015531690259547155,0.00016328964606394285,0.0001276319011915783,-0.0002325421473709649,-7.40918636878596e-06,-3.281717055819179e-05,-0.00015089715151681178,-4.697413221088322e-05,0.00012641259788105023,0.00029529014755026815,-4.954017532525154e-05,3.700592400372884e-05,8.38066004600329e-05,0.00017960930683975354,8.228110327221198e-05,-9.332417313670169e-05,0.017872445721238688,5.9348228338403715e-05,-5.1429788355005814e-05,-0.00010998921486711971,-0.0002719889729679208,0.00013518349860965745,-1.8544800389588487e-05,0.001468052721366568,-1.2272078039257586e-05,5.6119639518710865e-05,0.0011762581877597974,6.806462996545708e-05,-0.0004056083616352094,0.0001827865299692318,-0.0010072260827931631,-0.0004474584785728944,-0.0003282275763429882,0.004342512671383254,-0.00031530364257757715,-0.0005279323048980902,-7.4386966577588e-05,4.330692876690248e-05,3.5206249758927625e-05,0.0028071189220912683,0.00014774961531377711,2.024774633521871e-06,-0.0008228919354639259,0.00013626595711250145,1.8219940147952418e-05,0.00038899255403611126,0.00043959456318478285,7.085040118754685e-05,0.008358396614924574,0.00027066062438265695,-0.0036765420738509654,0.00010660490558814202,-5.906215780500769e-05,-0.00047780042492228834,1.5976278256680675e-05,4.540841799502982e-05,-8.690723711878321e-06,-0.0010026581022083932,0.00021428292771292172,8.915467170418661e-07,-0.00017869334494409367,-3.290804157858769e-06,-5.764922120445656e-06,5.203878411370443e-05,0.002684097542766118,-0.0013359795831744637,0.00039785236849524004,0.000317507379590556,0.00010252130734815762,4.6691402981089e-05,1.5029012267489495e-05,0.9954574993195365,-0.0010698467950273106,6.629413207818255e-05,-1.9173980221375356e-05,3.791555050029023e-05,-7.863962920384971e-06,-0.0016489877290350925,-5.8621892392137054e-05,1.2402398344459964e-05,1.0436378625918764e-05,-0.00017448052762690167,-0.0001332464083991099,5.886901630128283e-06,3.496270674720886e-05,0.00018379052191176955,0.00011867188156895227,-3.42850865277323e-05,-0.003060447498187232,-0.00014864952180594464,0.0006829354570849417,7.51570036908204e-05,0.00010843977349908867,-0.0008096333856816088,-0.0001972823569602719,-0.00048334033045511544,5.151738064217777e-05,0.00015555656501888178,7.474916804276963e-06,1.7712763946847584e-06,-6.573684839809297e-05,3.679935457217602e-05,3.815218405917942e-05,-0.004413312581418119,9.533619912112335e-05,0.002168216343257791,-0.00035419234324224086,1.1833100842528494e-06,-1.3597753809241873e-05,-0.0015909530777219552,6.771343615841327e-05,-8.643899866563748e-05,0.00023045216908182845,-1.067725883407034e-05,-0.0010067238959014955,-3.527356340432753e-05,0.00016080852708486991,0.00019459795345627663,0.00023044785427145907,-0.00015659478209532982,1.1276845010004736e-05,5.630226254590542e-06,0.00010387238810368512,-0.0003325026302223467,2.641947485083722e-07,-7.181287640863228e-05,4.339136649260172e-05,0.00028777155185844786,0.0018421185953859174,9.694481461423678e-05
